1029 0.325037903132666
4524 0.321523938737038
4548 0.314695440190444
4851 0.309645631295586
1030 0.30673408223467
10320 0.305335707235833
5728 0.304907040584057
4292 0.303115691011145
3845 0.300895674786456
4893 0.300597116524304
64919 0.300597116524304
2052 0.300298558262152
5880 0.300298558262152
4968 0.3
5734 0.3
5756 0.3
7157 0.0846702231920667
596 0.0602471699298203
604 0.0542172804525558
4609 0.0475955732613949
238 0.0434361403425849
6520 0.0340356418853357
1027 0.0256884450807851
595 0.0247419942757174
3119 0.0241495894569792
943 0.0226520864406529
3123 0.0209982063681343
3586 0.0201282131434047
6774 0.0198883791154758
4790 0.0191611542015477
7422 0.0181327216202637
4869 0.0180052626358437
8115 0.0172396962390114
3492 0.0163823629354595
2214 0.0149939984525964
931 0.0147594632350752
920 0.0140322383211472
921 0.0139938968382429
4684 0.0137336800589951
9260 0.013435121796843
8915 0.0126312139171065
54474 0.0122408887482348
1493 0.0121411736259035
355 0.0120697894705027
7124 0.0116768148964271
5743 0.0112685309959701
4193 0.0111741146840465
57379 0.0110083142167222
10892 0.0105796475649463
3558 0.0100182231183425
7298 0.0100155737131386
10673 0.00994418955773789
3662 0.00988546532351474
5925 0.00984977324581436
6470 0.00971701545098658
925 0.0092553061267141
5243 0.00908685625418594
1026 0.00835698193505402
472 0.00822687354543012
3553 0.00809411575060234
3726 0.00785428172267341
3557 0.00779555748845027
3569 0.0075940649434256
4067 0.00755572346052135
3115 0.0074969992262982
7099 0.0074969992262982
3342 0.00746395655380169
6387 0.00746130714859782
207 0.00742561507089744
27086 0.00742561507089744
6929 0.00742561507089744
330 0.00729550668127353
2212 0.00719844096414613
3117 0.00719844096414613
3952 0.00719844096414613
54106 0.00719844096414613
939 0.00712705680874537
6573 0.00686419062429368
3815 0.0068284985465933
5777 0.0068284985465933
6776 0.0068284985465933
9623 0.00656828176734549
4436 0.00652994028444123
5966 0.00652994028444123
639 0.00652994028444123
960 0.00639983189481733
1524 0.00626707409998955
2944 0.00626707409998955
7076 0.00623138202228917
7490 0.00623138202228917
4311 0.00597116524304135
930 0.00597116524304135
196 0.00596851583783748
3593 0.00596851583783748
6502 0.0059328237601371
6850 0.0059328237601371
836 0.0059328237601371
896 0.0059328237601371
5551 0.00583840744821357
1649 0.00567260698088929
51750 0.00567260698088929
5156 0.00563426549798503
952 0.00563426549798503
118429 0.00537404871873722
23158 0.00537404871873722
4255 0.00524129092390944
4615 0.00524129092390944
7161 0.00520559884620906
613 0.00507549045658515
10987 0.0050371489736809
2026 0.0050371489736809
2247 0.0050371489736809
3458 0.00490704058405699
3105 0.0046441743996053
3576 0.0046441743996053
6352 0.0046441743996053
8743 0.00460848232190492
2146 0.00447837393228102
8851 0.00447837393228102
1017 0.00434561613745324
3552 0.00434561613745324
7096 0.00434561613745324
7507 0.00434561613745324
4318 0.00430992405975285
5594 0.00430992405975285
3126 0.00417981567012895
7248 0.00417981567012895
1234 0.00404705787530117
2068 0.00404705787530117
2099 0.00401136579760079
257144 0.00401136579760079
29760 0.00401136579760079
8741 0.00401136579760079
10728 0.00388125740797688
10972 0.00388125740797688
3133 0.00388125740797688
6237 0.00388125740797688
7178 0.00388125740797688
1636 0.0037484996131491
2073 0.0037484996131491
3587 0.0037484996131491
4049 0.0037484996131491
4353 0.0037484996131491
7153 0.0037484996131491
729230 0.0037484996131491
9429 0.0037484996131491
2261 0.00371280753544872
290 0.00371280753544872
3135 0.00371280753544872
5617 0.00371280753544872
602 0.00371280753544872
8651 0.00371280753544872
11261 0.00358269914582481
5079 0.00358269914582481
914 0.00358269914582481
958 0.00358269914582481
1906 0.00344994135099703
2213 0.00344994135099703
3106 0.00344994135099703
3107 0.00344994135099703
3953 0.00344994135099703
4153 0.00344994135099703
7097 0.00344994135099703
7100 0.00344994135099703
7132 0.00344994135099703
7133 0.00344994135099703
10395 0.00341424927329665
3091 0.00341424927329665
356 0.00341424927329665
4830 0.00341424927329665
4914 0.00341424927329665
5134 0.00341424927329665
7535 0.00341424927329665
3561 0.00328414088367274
4068 0.00328414088367274
55821 0.00328414088367274
6281 0.00328414088367274
11200 0.00311569101114458
1786 0.00311569101114458
3082 0.00311569101114458
3400 0.00311569101114458
3661 0.00311569101114458
3725 0.00311569101114458
4267 0.00311569101114458
4613 0.00311569101114458
50943 0.00311569101114458
5347 0.00311569101114458
5744 0.00311569101114458
5981 0.00311569101114458
654 0.00311569101114458
6772 0.00311569101114458
7185 0.00311569101114458
8771 0.00311569101114458
8864 0.00311569101114458
894 0.00311569101114458
9961 0.00311569101114458
118460 0.00298558262152068
140805 0.00298558262152068
1437 0.00298558262152068
5293 0.00298558262152068
8909 0.00298558262152068
1050 0.00281713274899252
10563 0.00281713274899252
2262 0.00281713274899252
2335 0.00281713274899252
2353 0.00281713274899252
2625 0.00281713274899252
2952 0.00281713274899252
3159 0.00281713274899252
317 0.00281713274899252
332 0.00281713274899252
3394 0.00281713274899252
3592 0.00281713274899252
3727 0.00281713274899252
3791 0.00281713274899252
4233 0.00281713274899252
4261 0.00281713274899252
4853 0.00281713274899252
5122 0.00281713274899252
5336 0.00281713274899252
5450 0.00281713274899252
55824 0.00281713274899252
5595 0.00281713274899252
5753 0.00281713274899252
6046 0.00281713274899252
6400 0.00281713274899252
64421 0.00281713274899252
6566 0.00281713274899252
6965 0.00281713274899252
699 0.00281713274899252
7014 0.00281713274899252
7015 0.00281713274899252
840 0.00281713274899252
841 0.00281713274899252
8795 0.00281713274899252
8797 0.00281713274899252
94025 0.00281713274899252
945 0.00281713274899252
11258 0.00268702435936861
11331 0.00268702435936861
1778 0.00268702435936861
2208 0.00268702435936861
3559 0.00268702435936861
3669 0.00268702435936861
5111 0.00268702435936861
51776 0.00268702435936861
5290 0.00268702435936861
5291 0.00268702435936861
5294 0.00268702435936861
10051 0.00251857448684045
1051 0.00251857448684045
10592 0.00251857448684045
10642 0.00251857448684045
10643 0.00251857448684045
10644 0.00251857448684045
1233 0.00251857448684045
1235 0.00251857448684045
1633 0.00251857448684045
1776 0.00251857448684045
1806 0.00251857448684045
2034 0.00251857448684045
2277 0.00251857448684045
22806 0.00251857448684045
22807 0.00251857448684045
22872 0.00251857448684045
2309 0.00251857448684045
24148 0.00251857448684045
27113 0.00251857448684045
27434 0.00251857448684045
3164 0.00251857448684045
327657 0.00251857448684045
3665 0.00251857448684045
3738 0.00251857448684045
3916 0.00251857448684045
3939 0.00251857448684045
4314 0.00251857448684045
4316 0.00251857448684045
462 0.00251857448684045
4773 0.00251857448684045
4803 0.00251857448684045
51109 0.00251857448684045
5126 0.00251857448684045
51284 0.00251857448684045
5154 0.00251857448684045
51547 0.00251857448684045
5338 0.00251857448684045
5378 0.00251857448684045
5468 0.00251857448684045
57142 0.00251857448684045
5764 0.00251857448684045
5795 0.00251857448684045
5800 0.00251857448684045
5879 0.00251857448684045
6261 0.00251857448684045
6373 0.00251857448684045
6708 0.00251857448684045
6790 0.00251857448684045
7187 0.00251857448684045
7247 0.00251857448684045
7272 0.00251857448684045
7424 0.00251857448684045
7428 0.00251857448684045
8328 0.00251857448684045
83416 0.00251857448684045
84864 0.00251857448684045
9401 0.00251857448684045
993 0.00251857448684045
994 0.00251857448684045
9962 0.00251857448684045
9963 0.00251857448684045
998 0.00251857448684045
2629 0.00238846609721654
3565 0.00238846609721654
6382 0.00238846609721654
706 0.00238846609721654
7072 0.00238846609721654
8163 0.00238846609721654
83478 0.00238846609721654
959 0.00238846609721654
10058 0.00208990783506447
1822 0.00208990783506447
4842 0.00208990783506447
4843 0.00208990783506447
84939 0.00208990783506447
947 0.00208990783506447
10923 0.00179134957291241
3717 0.00179134957291241
390714 0.00179134957291241
6777 0.00179134957291241
924 0.00179134957291241
928 0.00179134957291241
940 0.00179134957291241
1380 0.00149279131076034
1440 0.00149279131076034
1843 0.00149279131076034
2271 0.00149279131076034
23205 0.00149279131076034
25 0.00149279131076034
2597 0.00149279131076034
2768 0.00149279131076034
2896 0.00149279131076034
3002 0.00149279131076034
30816 0.00149279131076034
338339 0.00149279131076034
3417 0.00149279131076034
3918 0.00149279131076034
3956 0.00149279131076034
4297 0.00149279131076034
4360 0.00149279131076034
4580 0.00149279131076034
4683 0.00149279131076034
4791 0.00149279131076034
581 0.00149279131076034
65059 0.00149279131076034
6664 0.00149279131076034
675 0.00149279131076034
8431 0.00149279131076034
84433 0.00149279131076034
933 0.00149279131076034
944 0.00149279131076034
100302736 0.00119423304860827
100532731 0.00119423304860827
1019 0.00119423304860827
10383 0.00119423304860827
10534 0.00119423304860827
10671 0.00119423304860827
11076 0.00119423304860827
133482 0.00119423304860827
1630 0.00119423304860827
1847 0.00119423304860827
2045 0.00119423304860827
2048 0.00119423304860827
2120 0.00119423304860827
2187 0.00119423304860827
2260 0.00119423304860827
23541 0.00119423304860827
3375 0.00119423304860827
3418 0.00119423304860827
3429 0.00119423304860827
3439 0.00119423304860827
3447 0.00119423304860827
353376 0.00119423304860827
3567 0.00119423304860827
3596 0.00119423304860827
373156 0.00119423304860827
3981 0.00119423304860827
399 0.00119423304860827
406947 0.00119423304860827
4170 0.00119423304860827
4760 0.00119423304860827
5062 0.00119423304860827
51014 0.00119423304860827
5292 0.00119423304860827
5573 0.00119423304860827
56655 0.00119423304860827
5715 0.00119423304860827
57804 0.00119423304860827
5781 0.00119423304860827
5788 0.00119423304860827
6280 0.00119423304860827
648 0.00119423304860827
6646 0.00119423304860827
7128 0.00119423304860827
7345 0.00119423304860827
7515 0.00119423304860827
7852 0.00119423304860827
8021 0.00119423304860827
8996 0.00119423304860827
923 0.00119423304860827
9361 0.00119423304860827
941 0.00119423304860827
970 0.00119423304860827
1012 8.95674786456203E-4
10206 8.95674786456203E-4
10263 8.95674786456203E-4
10519 8.95674786456203E-4
10573 8.95674786456203E-4
10625 8.95674786456203E-4
10855 8.95674786456203E-4
10934 8.95674786456203E-4
11102 8.95674786456203E-4
115650 8.95674786456203E-4
1213 8.95674786456203E-4
1436 8.95674786456203E-4
1525 8.95674786456203E-4
1611 8.95674786456203E-4
1737 8.95674786456203E-4
174 8.95674786456203E-4
1869 8.95674786456203E-4
1977 8.95674786456203E-4
2033 8.95674786456203E-4
2113 8.95674786456203E-4
2194 8.95674786456203E-4
2308 8.95674786456203E-4
2317 8.95674786456203E-4
23495 8.95674786456203E-4
23583 8.95674786456203E-4
2669 8.95674786456203E-4
2688 8.95674786456203E-4
27306 8.95674786456203E-4
2821 8.95674786456203E-4
28956 8.95674786456203E-4
29107 8.95674786456203E-4
2956 8.95674786456203E-4
3014 8.95674786456203E-4
3265 8.95674786456203E-4
331 8.95674786456203E-4
3320 8.95674786456203E-4
3383 8.95674786456203E-4
347734 8.95674786456203E-4
3811 8.95674786456203E-4
3930 8.95674786456203E-4
4005 8.95674786456203E-4
406952 8.95674786456203E-4
407 8.95674786456203E-4
4397 8.95674786456203E-4
4489 8.95674786456203E-4
4695 8.95674786456203E-4
4763 8.95674786456203E-4
50802 8.95674786456203E-4
51435 8.95674786456203E-4
51639 8.95674786456203E-4
5327 8.95674786456203E-4
53335 8.95674786456203E-4
5395 8.95674786456203E-4
54806 8.95674786456203E-4
55294 8.95674786456203E-4
55655 8.95674786456203E-4
56259 8.95674786456203E-4
57381 8.95674786456203E-4
57410 8.95674786456203E-4
5747 8.95674786456203E-4
5897 8.95674786456203E-4
5923 8.95674786456203E-4
598 8.95674786456203E-4
6343 8.95674786456203E-4
6347 8.95674786456203E-4
653108 8.95674786456203E-4
6590 8.95674786456203E-4
6654 8.95674786456203E-4
6655 8.95674786456203E-4
6687 8.95674786456203E-4
673 8.95674786456203E-4
6778 8.95674786456203E-4
6886 8.95674786456203E-4
7040 8.95674786456203E-4
7054 8.95674786456203E-4
7431 8.95674786456203E-4
796 8.95674786456203E-4
84061 8.95674786456203E-4
846 8.95674786456203E-4
8506 8.95674786456203E-4
861 8.95674786456203E-4
8626 8.95674786456203E-4
867 8.95674786456203E-4
8788 8.95674786456203E-4
929 8.95674786456203E-4
94 8.95674786456203E-4
9402 8.95674786456203E-4
972 8.95674786456203E-4
973 8.95674786456203E-4
9940 8.95674786456203E-4
9970 8.95674786456203E-4
10007 5.97116524304135E-4
10013 5.97116524304135E-4
10018 5.97116524304135E-4
100528032 5.97116524304135E-4
101929889 5.97116524304135E-4
10249 5.97116524304135E-4
10342 5.97116524304135E-4
10381 5.97116524304135E-4
10419 5.97116524304135E-4
10462 5.97116524304135E-4
10541 5.97116524304135E-4
10598 5.97116524304135E-4
1066 5.97116524304135E-4
10717 5.97116524304135E-4
10752 5.97116524304135E-4
10769 5.97116524304135E-4
10959 5.97116524304135E-4
11019 5.97116524304135E-4
11040 5.97116524304135E-4
11329 5.97116524304135E-4
114086 5.97116524304135E-4
128408 5.97116524304135E-4
1398 5.97116524304135E-4
140767 5.97116524304135E-4
142 5.97116524304135E-4
1432 5.97116524304135E-4
1435 5.97116524304135E-4
1545 5.97116524304135E-4
158506 5.97116524304135E-4
1656 5.97116524304135E-4
1719 5.97116524304135E-4
1789 5.97116524304135E-4
19 5.97116524304135E-4
1956 5.97116524304135E-4
1978 5.97116524304135E-4
2011 5.97116524304135E-4
208 5.97116524304135E-4
2130 5.97116524304135E-4
2209 5.97116524304135E-4
2264 5.97116524304135E-4
22858 5.97116524304135E-4
2289 5.97116524304135E-4
22914 5.97116524304135E-4
22930 5.97116524304135E-4
22981 5.97116524304135E-4
23081 5.97116524304135E-4
23549 5.97116524304135E-4
248 5.97116524304135E-4
2526 5.97116524304135E-4
25870 5.97116524304135E-4
25897 5.97116524304135E-4
259197 5.97116524304135E-4
26073 5.97116524304135E-4
27004 5.97116524304135E-4
27189 5.97116524304135E-4
2720 5.97116524304135E-4
27335 5.97116524304135E-4
2833 5.97116524304135E-4
29072 5.97116524304135E-4
29126 5.97116524304135E-4
2950 5.97116524304135E-4
301 5.97116524304135E-4
302 5.97116524304135E-4
3075 5.97116524304135E-4
308 5.97116524304135E-4
3146 5.97116524304135E-4
3195 5.97116524304135E-4
3222 5.97116524304135E-4
324 5.97116524304135E-4
325 5.97116524304135E-4
3251 5.97116524304135E-4
3272 5.97116524304135E-4
338340 5.97116524304135E-4
338386 5.97116524304135E-4
3433 5.97116524304135E-4
3476 5.97116524304135E-4
3481 5.97116524304135E-4
3519 5.97116524304135E-4
3535 5.97116524304135E-4
3554 5.97116524304135E-4
3574 5.97116524304135E-4
3578 5.97116524304135E-4
3604 5.97116524304135E-4
3627 5.97116524304135E-4
3635 5.97116524304135E-4
3689 5.97116524304135E-4
3702 5.97116524304135E-4
3718 5.97116524304135E-4
374383 5.97116524304135E-4
3806 5.97116524304135E-4
388372 5.97116524304135E-4
3921 5.97116524304135E-4
3932 5.97116524304135E-4
3934 5.97116524304135E-4
3963 5.97116524304135E-4
4047 5.97116524304135E-4
4288 5.97116524304135E-4
4331 5.97116524304135E-4
4342 5.97116524304135E-4
4363 5.97116524304135E-4
4507 5.97116524304135E-4
4513 5.97116524304135E-4
4597 5.97116524304135E-4
4602 5.97116524304135E-4
474168 5.97116524304135E-4
4841 5.97116524304135E-4
4863 5.97116524304135E-4
5008 5.97116524304135E-4
50616 5.97116524304135E-4
5063 5.97116524304135E-4
5071 5.97116524304135E-4
5077 5.97116524304135E-4
5087 5.97116524304135E-4
5104 5.97116524304135E-4
51251 5.97116524304135E-4
5159 5.97116524304135E-4
52 5.97116524304135E-4
5265 5.97116524304135E-4
54732 5.97116524304135E-4
54790 5.97116524304135E-4
54897 5.97116524304135E-4
54964 5.97116524304135E-4
5554 5.97116524304135E-4
5555 5.97116524304135E-4
55733 5.97116524304135E-4
55872 5.97116524304135E-4
5599 5.97116524304135E-4
5660 5.97116524304135E-4
567 5.97116524304135E-4
5698 5.97116524304135E-4
56996 5.97116524304135E-4
57045 5.97116524304135E-4
57534 5.97116524304135E-4
5789 5.97116524304135E-4
58476 5.97116524304135E-4
5894 5.97116524304135E-4
59067 5.97116524304135E-4
5914 5.97116524304135E-4
5934 5.97116524304135E-4
60468 5.97116524304135E-4
6154 5.97116524304135E-4
6275 5.97116524304135E-4
6298 5.97116524304135E-4
6348 5.97116524304135E-4
6351 5.97116524304135E-4
6376 5.97116524304135E-4
638 5.97116524304135E-4
6469 5.97116524304135E-4
6497 5.97116524304135E-4
653499 5.97116524304135E-4
6691 5.97116524304135E-4
6693 5.97116524304135E-4
672 5.97116524304135E-4
6775 5.97116524304135E-4
682 5.97116524304135E-4
7057 5.97116524304135E-4
7170 5.97116524304135E-4
7294 5.97116524304135E-4
7349 5.97116524304135E-4
7350 5.97116524304135E-4
7453 5.97116524304135E-4
7750 5.97116524304135E-4
79594 5.97116524304135E-4
7965 5.97116524304135E-4
80150 5.97116524304135E-4
80381 5.97116524304135E-4
83666 5.97116524304135E-4
84516 5.97116524304135E-4
84662 5.97116524304135E-4
857 5.97116524304135E-4
864 5.97116524304135E-4
8655 5.97116524304135E-4
8739 5.97116524304135E-4
8740 5.97116524304135E-4
8829 5.97116524304135E-4
8837 5.97116524304135E-4
8841 5.97116524304135E-4
8874 5.97116524304135E-4
8878 5.97116524304135E-4
90427 5.97116524304135E-4
9221 5.97116524304135E-4
9295 5.97116524304135E-4
9360 5.97116524304135E-4
9404 5.97116524304135E-4
9560 5.97116524304135E-4
9582 5.97116524304135E-4
961 5.97116524304135E-4
963 5.97116524304135E-4
10010 2.98558262152068E-4
100132285 2.98558262152068E-4
100133941 2.98558262152068E-4
100289462 2.98558262152068E-4
100616444 2.98558262152068E-4
100775105 2.98558262152068E-4
100861412 2.98558262152068E-4
101060399 2.98558262152068E-4
10120 2.98558262152068E-4
10123 2.98558262152068E-4
10128 2.98558262152068E-4
10148 2.98558262152068E-4
101669765 2.98558262152068E-4
1021 2.98558262152068E-4
1025 2.98558262152068E-4
1039 2.98558262152068E-4
10392 2.98558262152068E-4
1048 2.98558262152068E-4
10524 2.98558262152068E-4
10578 2.98558262152068E-4
10664 2.98558262152068E-4
10675 2.98558262152068E-4
1071 2.98558262152068E-4
10808 2.98558262152068E-4
1081 2.98558262152068E-4
10818 2.98558262152068E-4
1082 2.98558262152068E-4
1084 2.98558262152068E-4
10849 2.98558262152068E-4
1087 2.98558262152068E-4
10966 2.98558262152068E-4
10993 2.98558262152068E-4
11009 2.98558262152068E-4
1111 2.98558262152068E-4
1113 2.98558262152068E-4
11133 2.98558262152068E-4
11151 2.98558262152068E-4
11168 2.98558262152068E-4
11186 2.98558262152068E-4
11188 2.98558262152068E-4
11251 2.98558262152068E-4
11284 2.98558262152068E-4
113451 2.98558262152068E-4
118611 2.98558262152068E-4
1191 2.98558262152068E-4
1215 2.98558262152068E-4
122953 2.98558262152068E-4
1244 2.98558262152068E-4
1257 2.98558262152068E-4
1268 2.98558262152068E-4
1269 2.98558262152068E-4
1385 2.98558262152068E-4
1387 2.98558262152068E-4
1420 2.98558262152068E-4
143 2.98558262152068E-4
145258 2.98558262152068E-4
146 2.98558262152068E-4
151636 2.98558262152068E-4
1523 2.98558262152068E-4
1555 2.98558262152068E-4
157310 2.98558262152068E-4
1574 2.98558262152068E-4
1576 2.98558262152068E-4
1604 2.98558262152068E-4
160418 2.98558262152068E-4
1644 2.98558262152068E-4
1673 2.98558262152068E-4
1728 2.98558262152068E-4
1749 2.98558262152068E-4
177 2.98558262152068E-4
1791 2.98558262152068E-4
1811 2.98558262152068E-4
183 2.98558262152068E-4
1850 2.98558262152068E-4
189 2.98558262152068E-4
190 2.98558262152068E-4
1934 2.98558262152068E-4
1958 2.98558262152068E-4
1984 2.98558262152068E-4
2000 2.98558262152068E-4
200081 2.98558262152068E-4
200575 2.98558262152068E-4
2028 2.98558262152068E-4
2046 2.98558262152068E-4
222484 2.98558262152068E-4
2242 2.98558262152068E-4
2251 2.98558262152068E-4
2268 2.98558262152068E-4
22861 2.98558262152068E-4
2288 2.98558262152068E-4
22974 2.98558262152068E-4
23028 2.98558262152068E-4
23098 2.98558262152068E-4
2321 2.98558262152068E-4
2322 2.98558262152068E-4
23239 2.98558262152068E-4
2324 2.98558262152068E-4
23308 2.98558262152068E-4
23406 2.98558262152068E-4
23524 2.98558262152068E-4
23619 2.98558262152068E-4
23705 2.98558262152068E-4
240 2.98558262152068E-4
246778 2.98558262152068E-4
2475 2.98558262152068E-4
2495 2.98558262152068E-4
25788 2.98558262152068E-4
25827 2.98558262152068E-4
26059 2.98558262152068E-4
26119 2.98558262152068E-4
262 2.98558262152068E-4
26223 2.98558262152068E-4
26224 2.98558262152068E-4
26353 2.98558262152068E-4
2653 2.98558262152068E-4
2678 2.98558262152068E-4
2689 2.98558262152068E-4
27044 2.98558262152068E-4
27303 2.98558262152068E-4
2731 2.98558262152068E-4
27319 2.98558262152068E-4
27338 2.98558262152068E-4
2735 2.98558262152068E-4
275 2.98558262152068E-4
28299 2.98558262152068E-4
283 2.98558262152068E-4
283120 2.98558262152068E-4
28395 2.98558262152068E-4
2857 2.98558262152068E-4
2885 2.98558262152068E-4
2889 2.98558262152068E-4
28912 2.98558262152068E-4
28985 2.98558262152068E-4
29 2.98558262152068E-4
29078 2.98558262152068E-4
2968 2.98558262152068E-4
3053 2.98558262152068E-4
309 2.98558262152068E-4
3093 2.98558262152068E-4
3148 2.98558262152068E-4
3161 2.98558262152068E-4
3297 2.98558262152068E-4
3299 2.98558262152068E-4
3308 2.98558262152068E-4
3376 2.98558262152068E-4
340348 2.98558262152068E-4
342096 2.98558262152068E-4
3456 2.98558262152068E-4
3546 2.98558262152068E-4
3562 2.98558262152068E-4
3605 2.98558262152068E-4
3606 2.98558262152068E-4
3620 2.98558262152068E-4
3660 2.98558262152068E-4
3688 2.98558262152068E-4
374569 2.98558262152068E-4
3762 2.98558262152068E-4
3804 2.98558262152068E-4
3855 2.98558262152068E-4
391051 2.98558262152068E-4
3960 2.98558262152068E-4
4000 2.98558262152068E-4
4004 2.98558262152068E-4
4041 2.98558262152068E-4
4055 2.98558262152068E-4
4066 2.98558262152068E-4
406942 2.98558262152068E-4
4082 2.98558262152068E-4
4172 2.98558262152068E-4
4179 2.98558262152068E-4
4194 2.98558262152068E-4
4210 2.98558262152068E-4
4282 2.98558262152068E-4
4283 2.98558262152068E-4
4291 2.98558262152068E-4
4312 2.98558262152068E-4
4313 2.98558262152068E-4
4319 2.98558262152068E-4
4332 2.98558262152068E-4
4350 2.98558262152068E-4
4359 2.98558262152068E-4
440829 2.98558262152068E-4
4437 2.98558262152068E-4
445 2.98558262152068E-4
4486 2.98558262152068E-4
4493 2.98558262152068E-4
4603 2.98558262152068E-4
471 2.98558262152068E-4
4738 2.98558262152068E-4
4758 2.98558262152068E-4
4772 2.98558262152068E-4
4860 2.98558262152068E-4
4882 2.98558262152068E-4
4905 2.98558262152068E-4
4940 2.98558262152068E-4
4978 2.98558262152068E-4
4986 2.98558262152068E-4
4988 2.98558262152068E-4
5054 2.98558262152068E-4
5058 2.98558262152068E-4
50615 2.98558262152068E-4
51008 2.98558262152068E-4
51053 2.98558262152068E-4
51083 2.98558262152068E-4
51119 2.98558262152068E-4
51285 2.98558262152068E-4
51293 2.98558262152068E-4
51341 2.98558262152068E-4
51366 2.98558262152068E-4
5141 2.98558262152068E-4
51438 2.98558262152068E-4
51540 2.98558262152068E-4
51559 2.98558262152068E-4
5178 2.98558262152068E-4
5272 2.98558262152068E-4
5277 2.98558262152068E-4
5313 2.98558262152068E-4
5315 2.98558262152068E-4
5316 2.98558262152068E-4
53342 2.98558262152068E-4
5340 2.98558262152068E-4
5341 2.98558262152068E-4
5376 2.98558262152068E-4
5406 2.98558262152068E-4
5423 2.98558262152068E-4
5443 2.98558262152068E-4
5444 2.98558262152068E-4
54453 2.98558262152068E-4
54478 2.98558262152068E-4
54498 2.98558262152068E-4
54514 2.98558262152068E-4
5452 2.98558262152068E-4
54726 2.98558262152068E-4
5476 2.98558262152068E-4
5481 2.98558262152068E-4
54880 2.98558262152068E-4
55122 2.98558262152068E-4
55213 2.98558262152068E-4
5539 2.98558262152068E-4
5542 2.98558262152068E-4
55503 2.98558262152068E-4
5579 2.98558262152068E-4
55850 2.98558262152068E-4
5585 2.98558262152068E-4
55893 2.98558262152068E-4
5592 2.98558262152068E-4
56005 2.98558262152068E-4
5610 2.98558262152068E-4
5670 2.98558262152068E-4
56902 2.98558262152068E-4
56925 2.98558262152068E-4
57060 2.98558262152068E-4
57088 2.98558262152068E-4
57209 2.98558262152068E-4
57212 2.98558262152068E-4
5725 2.98558262152068E-4
5730 2.98558262152068E-4
57332 2.98558262152068E-4
57599 2.98558262152068E-4
5770 2.98558262152068E-4
57728 2.98558262152068E-4
578 2.98558262152068E-4
57817 2.98558262152068E-4
57822 2.98558262152068E-4
5796 2.98558262152068E-4
58487 2.98558262152068E-4
5888 2.98558262152068E-4
5891 2.98558262152068E-4
5896 2.98558262152068E-4
5933 2.98558262152068E-4
5940 2.98558262152068E-4
5956 2.98558262152068E-4
5970 2.98558262152068E-4
6023 2.98558262152068E-4
60489 2.98558262152068E-4
608 2.98558262152068E-4
6233 2.98558262152068E-4
6279 2.98558262152068E-4
6366 2.98558262152068E-4
6383 2.98558262152068E-4
63977 2.98558262152068E-4
6402 2.98558262152068E-4
64061 2.98558262152068E-4
6427 2.98558262152068E-4
6490 2.98558262152068E-4
6504 2.98558262152068E-4
65078 2.98558262152068E-4
65108 2.98558262152068E-4
6518 2.98558262152068E-4
652070 2.98558262152068E-4
653590 2.98558262152068E-4
6545 2.98558262152068E-4
6546 2.98558262152068E-4
6582 2.98558262152068E-4
6608 2.98558262152068E-4
6616 2.98558262152068E-4
6623 2.98558262152068E-4
6638 2.98558262152068E-4
6714 2.98558262152068E-4
6750 2.98558262152068E-4
6786 2.98558262152068E-4
6817 2.98558262152068E-4
6833 2.98558262152068E-4
6885 2.98558262152068E-4
692094 2.98558262152068E-4
7046 2.98558262152068E-4
7052 2.98558262152068E-4
7063 2.98558262152068E-4
7098 2.98558262152068E-4
7150 2.98558262152068E-4
7175 2.98558262152068E-4
7182 2.98558262152068E-4
7184 2.98558262152068E-4
7186 2.98558262152068E-4
7189 2.98558262152068E-4
7249 2.98558262152068E-4
728226 2.98558262152068E-4
728378 2.98558262152068E-4
728441 2.98558262152068E-4
7297 2.98558262152068E-4
729838 2.98558262152068E-4
7301 2.98558262152068E-4
7303 2.98558262152068E-4
7316 2.98558262152068E-4
7320 2.98558262152068E-4
7371 2.98558262152068E-4
7374 2.98558262152068E-4
7430 2.98558262152068E-4
7454 2.98558262152068E-4
7486 2.98558262152068E-4
7494 2.98558262152068E-4
7504 2.98558262152068E-4
7518 2.98558262152068E-4
752 2.98558262152068E-4
7534 2.98558262152068E-4
7580 2.98558262152068E-4
763 2.98558262152068E-4
771 2.98558262152068E-4
7726 2.98558262152068E-4
7832 2.98558262152068E-4
7905 2.98558262152068E-4
7941 2.98558262152068E-4
79679 2.98558262152068E-4
79718 2.98558262152068E-4
79813 2.98558262152068E-4
79971 2.98558262152068E-4
80117 2.98558262152068E-4
80316 2.98558262152068E-4
80329 2.98558262152068E-4
8034 2.98558262152068E-4
8048 2.98558262152068E-4
80781 2.98558262152068E-4
8085 2.98558262152068E-4
810 2.98558262152068E-4
8161 2.98558262152068E-4
819 2.98558262152068E-4
8205 2.98558262152068E-4
8218 2.98558262152068E-4
8277 2.98558262152068E-4
8295 2.98558262152068E-4
831 2.98558262152068E-4
83417 2.98558262152068E-4
83475 2.98558262152068E-4
835 2.98558262152068E-4
8379 2.98558262152068E-4
83881 2.98558262152068E-4
84164 2.98558262152068E-4
84441 2.98558262152068E-4
84549 2.98558262152068E-4
84959 2.98558262152068E-4
85320 2.98558262152068E-4
858 2.98558262152068E-4
860 2.98558262152068E-4
8671 2.98558262152068E-4
8692 2.98558262152068E-4
8714 2.98558262152068E-4
8744 2.98558262152068E-4
8764 2.98558262152068E-4
8767 2.98558262152068E-4
885 2.98558262152068E-4
8856 2.98558262152068E-4
8888 2.98558262152068E-4
8932 2.98558262152068E-4
898 2.98558262152068E-4
904 2.98558262152068E-4
9048 2.98558262152068E-4
9112 2.98558262152068E-4
916 2.98558262152068E-4
91975 2.98558262152068E-4
92170 2.98558262152068E-4
92304 2.98558262152068E-4
9314 2.98558262152068E-4
9322 2.98558262152068E-4
93659 2.98558262152068E-4
94027 2.98558262152068E-4
94115 2.98558262152068E-4
9498 2.98558262152068E-4
9541 2.98558262152068E-4
9578 2.98558262152068E-4
966 2.98558262152068E-4
9709 2.98558262152068E-4
9733 2.98558262152068E-4
974 2.98558262152068E-4
9757 2.98558262152068E-4
977 2.98558262152068E-4
978 2.98558262152068E-4
983 2.98558262152068E-4
9956 2.98558262152068E-4
