1406 0.612108130953407
6017 0.607162748886446
6010 0.514241987981191
7399 0.418898288017096
5158 0.416188231501205
5145 0.40779555748845
1258 0.404047057875301
6103 0.367141753821407
24 0.332272036174512
3614 0.32533116258441
6121 0.313991247433039
4901 0.311209806761747
23418 0.311044006294423
346007 0.31027843989759
10461 0.309849773245814
3000 0.30968397277849
145226 0.30775986541075
1259 0.305335707235833
2979 0.304644174399605
57096 0.304309924059753
23746 0.304309924059753
5995 0.304047057875301
6295 0.303115691011145
3420 0.30251857448684
84140 0.30149279131076
7274 0.30149279131076
388939 0.300895674786456
9094 0.300597116524304
55812 0.300597116524304
6116 0.300298558262152
6114 0.3
6115 0.3
7401 0.100895674786456
5148 0.100597116524304
285331 0.100298558262152
4496 0.1
23287 0.1
4803 0.1
6533 0.1
6101 0.0411851437457621
26121 0.0409096176401328
5961 0.0264336287262985
6102 0.022049671105941
10002 0.0174768808617365
10594 0.0124627640445783
2078 0.0122408887482348
3757 0.0122408887482348
25794 0.00908420684898206
7287 0.00865554019720609
10210 0.00848709032467793
375298 0.00746130714859782
762 0.00742561507089744
7263 0.00716539829164962
5630 0.00686684002949756
9129 0.00623138202228917
8859 0.00537404871873722
10982 0.00537404871873722
390916 0.00507549045658515
373159 0.00507549045658515
8874 0.00507549045658515
29984 0.00507549045658515
123 0.00460848232190492
22999 0.00430992405975285
6990 0.00417981567012895
22924 0.00417981567012895
5132 0.00404705787530117
9227 0.0037484996131491
5959 0.00371280753544872
261734 0.00341424927329665
6785 0.00341424927329665
6100 0.00341424927329665
64072 0.00341424927329665
23020 0.00311569101114458
115861 0.00311569101114458
10692 0.00311569101114458
2978 0.00298558262152068
1121 0.00281713274899252
27130 0.00281713274899252
57545 0.00281713274899252
6120 0.00268702435936861
55603 0.00251857448684045
9126 0.00251857448684045
5582 0.00251857448684045
2934 0.00251857448684045
1104 0.00251857448684045
8243 0.00251857448684045
585 0.00251857448684045
10569 0.00238846609721654
3290 0.00208990783506447
727833 0.00208990783506447
10777 0.00208990783506447
4647 0.00208990783506447
6094 0.00208990783506447
224 0.00179134957291241
7393 0.00179134957291241
9563 0.00179134957291241
5362 0.00179134957291241
5949 0.00149279131076034
6314 0.00149279131076034
7078 0.00119423304860827
768206 0.00119423304860827
8754 0.00119423304860827
8842 0.00119423304860827
1270 0.00119423304860827
65217 0.00119423304860827
1191 0.00119423304860827
22978 0.00119423304860827
4885 8.95674786456203E-4
2980 8.95674786456203E-4
5788 8.95674786456203E-4
4117 8.95674786456203E-4
92211 8.95674786456203E-4
6628 8.95674786456203E-4
1211 8.95674786456203E-4
5009 8.95674786456203E-4
1319 8.95674786456203E-4
3630 8.95674786456203E-4
80184 8.95674786456203E-4
80025 8.95674786456203E-4
26504 8.95674786456203E-4
83552 8.95674786456203E-4
8449 8.95674786456203E-4
1950 8.95674786456203E-4
25839 8.95674786456203E-4
28982 8.95674786456203E-4
328 8.95674786456203E-4
5176 5.97116524304135E-4
51119 5.97116524304135E-4
24148 5.97116524304135E-4
79947 5.97116524304135E-4
11261 5.97116524304135E-4
54360 5.97116524304135E-4
6423 5.97116524304135E-4
286204 5.97116524304135E-4
6311 5.97116524304135E-4
10278 5.97116524304135E-4
9657 5.97116524304135E-4
25861 5.97116524304135E-4
83394 5.97116524304135E-4
10728 5.97116524304135E-4
8239 5.97116524304135E-4
266747 5.97116524304135E-4
5068 5.97116524304135E-4
10993 5.97116524304135E-4
6237 5.97116524304135E-4
50939 5.97116524304135E-4
778 5.97116524304135E-4
773 5.97116524304135E-4
2188 5.97116524304135E-4
1756 5.97116524304135E-4
10972 5.97116524304135E-4
123016 5.97116524304135E-4
140453 5.97116524304135E-4
7178 5.97116524304135E-4
8851 5.97116524304135E-4
4519 5.97116524304135E-4
3956 5.97116524304135E-4
8237 2.98558262152068E-4
7275 2.98558262152068E-4
821 2.98558262152068E-4
94137 2.98558262152068E-4
9364 2.98558262152068E-4
8867 2.98558262152068E-4
84572 2.98558262152068E-4
9038 2.98558262152068E-4
9429 2.98558262152068E-4
8322 2.98558262152068E-4
7396 2.98558262152068E-4
9734 2.98558262152068E-4
8817 2.98558262152068E-4
9048 2.98558262152068E-4
8195 2.98558262152068E-4
83886 2.98558262152068E-4
64218 2.98558262152068E-4
79751 2.98558262152068E-4
646951 2.98558262152068E-4
6781 2.98558262152068E-4
64802 2.98558262152068E-4
6754 2.98558262152068E-4
7170 2.98558262152068E-4
9170 2.98558262152068E-4
680 2.98558262152068E-4
8021 2.98558262152068E-4
84059 2.98558262152068E-4
928 2.98558262152068E-4
7439 2.98558262152068E-4
7077 2.98558262152068E-4
772 2.98558262152068E-4
79955 2.98558262152068E-4
6397 2.98558262152068E-4
9131 2.98558262152068E-4
338 2.98558262152068E-4
23568 2.98558262152068E-4
23175 2.98558262152068E-4
2254 2.98558262152068E-4
2250 2.98558262152068E-4
2056 2.98558262152068E-4
2006 2.98558262152068E-4
1909 2.98558262152068E-4
1778 2.98558262152068E-4
26227 2.98558262152068E-4
26512 2.98558262152068E-4
27031 2.98558262152068E-4
3320 2.98558262152068E-4
3108 2.98558262152068E-4
29107 2.98558262152068E-4
2896 2.98558262152068E-4
285440 2.98558262152068E-4
2768 2.98558262152068E-4
2737 2.98558262152068E-4
27241 2.98558262152068E-4
157506 2.98558262152068E-4
1520 2.98558262152068E-4
151 2.98558262152068E-4
11331 2.98558262152068E-4
11258 2.98558262152068E-4
11076 2.98558262152068E-4
10959 2.98558262152068E-4
10923 2.98558262152068E-4
10663 2.98558262152068E-4
10573 2.98558262152068E-4
10562 2.98558262152068E-4
11333 2.98558262152068E-4
1201 2.98558262152068E-4
1261 2.98558262152068E-4
148 2.98558262152068E-4
1471 2.98558262152068E-4
1437 2.98558262152068E-4
142 2.98558262152068E-4
140805 2.98558262152068E-4
140767 2.98558262152068E-4
130557 2.98558262152068E-4
1280 2.98558262152068E-4
1030 2.98558262152068E-4
3417 2.98558262152068E-4
6011 2.98558262152068E-4
5191 2.98558262152068E-4
514 2.98558262152068E-4
51360 2.98558262152068E-4
5134 2.98558262152068E-4
51128 2.98558262152068E-4
51108 2.98558262152068E-4
50971 2.98558262152068E-4
5069 2.98558262152068E-4
5226 2.98558262152068E-4
5251 2.98558262152068E-4
54714 2.98558262152068E-4
5950 2.98558262152068E-4
5905 2.98558262152068E-4
583 2.98558262152068E-4
57498 2.98558262152068E-4
57216 2.98558262152068E-4
57105 2.98558262152068E-4
57007 2.98558262152068E-4
5592 2.98558262152068E-4
50488 2.98558262152068E-4
5015 2.98558262152068E-4
501 2.98558262152068E-4
4359 2.98558262152068E-4
4350 2.98558262152068E-4
404672 2.98558262152068E-4
403 2.98558262152068E-4
402 2.98558262152068E-4
3918 2.98558262152068E-4
390226 2.98558262152068E-4
3458 2.98558262152068E-4
4490 2.98558262152068E-4
4508 2.98558262152068E-4
4538 2.98558262152068E-4
4942 2.98558262152068E-4
4908 2.98558262152068E-4
4867 2.98558262152068E-4
4849 2.98558262152068E-4
4763 2.98558262152068E-4
4598 2.98558262152068E-4
4575 2.98558262152068E-4
4547 2.98558262152068E-4
3418 2.98558262152068E-4
