2332 0.375751816810409
4204 0.343841774837838
8831 0.308655540197206
627 0.308392674012754
5080 0.305374048718737
9901 0.304608482321905
85358 0.304608482321905
8242 0.304309924059753
1778 0.302985582621521
81704 0.302817132748993
64324 0.302817132748993
9378 0.302687024359369
4763 0.302388466097217
4208 0.301791349572912
10752 0.301791349572912
5728 0.301791349572912
22941 0.301194233048608
139411 0.300895674786456
2904 0.300895674786456
2778 0.300895674786456
10743 0.300597116524304
23096 0.300597116524304
324 0.300597116524304
6334 0.300597116524304
3954 0.300298558262152
116442 0.300298558262152
284058 0.300298558262152
131669 0.300298558262152
54499 0.300298558262152
2263 0.300298558262152
57282 0.300298558262152
6309 0.300298558262152
2290 0.300298558262152
4163 0.3
283989 0.3
147372 0.3
4909 0.3
80746 0.3
79042 0.3
7432 0.3
84735 0.3
56623 0.3
2593 0.3
26040 0.3
10522 0.3
23152 0.3
26128 0.3
27185 0.3
796 0.3
7528 0.3
1859 0.103582699145825
2477 0.0407697241200055
170302 0.0300010185457418
3342 0.0235861027100133
2334 0.013435121796843
2481 0.0128380052725389
875 0.0115440571015994
1312 0.0112454988394473
6535 0.0101483315079664
4983 0.00955121498366229
6281 0.0092553061267141
118460 0.0092553061267141
8909 0.0092553061267141
546 0.00921696464380984
54862 0.00832128985735364
1756 0.00792831528327805
7157 0.00746130714859782
6532 0.00719844096414613
57532 0.00716539829164962
4524 0.00716274888644575
79147 0.00716274888644575
1734 0.00656563236214162
4128 0.00656563236214162
10054 0.00626972350519342
1741 0.00626972350519342
57502 0.00613696571036564
6792 0.00610127363266526
100 0.00596851583783748
24140 0.0059328237601371
186 0.0059328237601371
57545 0.00563426549798503
51185 0.00550415710836112
9980 0.00533570723583296
773 0.0050371489736809
7490 0.00477693219443308
8851 0.00460848232190492
6925 0.00430992405975285
6197 0.00430992405975285
8573 0.00430992405975285
57526 0.00417981567012895
1641 0.00401136579760079
3908 0.00401136579760079
8492 0.00401136579760079
7991 0.00401136579760079
10084 0.00388125740797688
3897 0.00388125740797688
5879 0.0037484996131491
5449 0.0037484996131491
10585 0.00371280753544872
55624 0.00371280753544872
5063 0.00358269914582481
11141 0.00358269914582481
7102 0.00341424927329665
2898 0.00341424927329665
29954 0.00341424927329665
1760 0.00341424927329665
100528024 0.00328414088367274
412 0.00328414088367274
64220 0.00311569101114458
9126 0.00311569101114458
80208 0.00311569101114458
8243 0.00311569101114458
9839 0.00298558262152068
7412 0.00298558262152068
9429 0.00298558262152068
10923 0.00298558262152068
8874 0.00298558262152068
11279 0.00281713274899252
1218 0.00281713274899252
8481 0.00281713274899252
6683 0.00281713274899252
2969 0.00281713274899252
92745 0.00281713274899252
861 0.00281713274899252
4974 0.00281713274899252
359 0.00281713274899252
3198 0.00281713274899252
5625 0.00281713274899252
477 0.00281713274899252
84061 0.00281713274899252
22829 0.00281713274899252
2837 0.00268702435936861
2218 0.00268702435936861
11261 0.00268702435936861
57216 0.00268702435936861
8170 0.00268702435936861
51481 0.00268702435936861
2731 0.00251857448684045
6491 0.00251857448684045
6493 0.00251857448684045
80067 0.00251857448684045
51265 0.00251857448684045
51305 0.00251857448684045
114788 0.00251857448684045
3913 0.00251857448684045
7291 0.00238846609721654
404672 0.00238846609721654
545 0.00238846609721654
1030 0.00238846609721654
57575 0.00238846609721654
11258 0.00238846609721654
7248 0.00238846609721654
29107 0.00238846609721654
2182 0.00238846609721654
10573 0.00238846609721654
11331 0.00238846609721654
414 0.00208990783506447
326625 0.00208990783506447
1403 0.00208990783506447
9856 0.00208990783506447
7249 0.00208990783506447
390502 0.00208990783506447
84168 0.00208990783506447
9968 0.00208990783506447
6658 0.00179134957291241
3920 0.00179134957291241
2664 0.00179134957291241
2055 0.00179134957291241
80331 0.00149279131076034
1203 0.00149279131076034
7502 0.00149279131076034
554 0.00149279131076034
65109 0.00149279131076034
1029 0.00149279131076034
10972 0.00149279131076034
1387 0.00149279131076034
190 0.00149279131076034
10728 0.00149279131076034
6237 0.00149279131076034
1448 0.00149279131076034
2006 0.00149279131076034
8450 0.00149279131076034
7178 0.00149279131076034
83696 0.00149279131076034
4691 0.00149279131076034
9459 0.00119423304860827
760 0.00119423304860827
10075 0.00119423304860827
3028 0.00119423304860827
84549 0.00119423304860827
6934 0.00119423304860827
1663 0.00119423304860827
7337 0.00119423304860827
2892 0.00119423304860827
4137 0.00119423304860827
55777 0.00119423304860827
5940 0.00119423304860827
2821 0.00119423304860827
10007 0.00119423304860827
57804 0.00119423304860827
1826 0.00119423304860827
27303 0.00119423304860827
5053 0.00119423304860827
6812 0.00119423304860827
2539 0.00119423304860827
23133 0.00119423304860827
367 0.00119423304860827
641339 0.00119423304860827
23380 0.00119423304860827
351 0.00119423304860827
348 0.00119423304860827
23524 0.00119423304860827
5048 0.00119423304860827
3479 0.00119423304860827
56902 0.00119423304860827
5725 0.00119423304860827
56655 0.00119423304860827
7389 0.00119423304860827
114548 8.95674786456203E-4
6899 8.95674786456203E-4
3569 8.95674786456203E-4
3054 8.95674786456203E-4
2900 8.95674786456203E-4
3622 8.95674786456203E-4
2901 8.95674786456203E-4
7531 8.95674786456203E-4
4412 8.95674786456203E-4
3899 8.95674786456203E-4
29123 8.95674786456203E-4
7503 8.95674786456203E-4
668 8.95674786456203E-4
925 8.95674786456203E-4
3785 8.95674786456203E-4
3258 8.95674786456203E-4
7319 8.95674786456203E-4
3630 8.95674786456203E-4
2903 8.95674786456203E-4
708 8.95674786456203E-4
64067 8.95674786456203E-4
152330 8.95674786456203E-4
55636 8.95674786456203E-4
57492 8.95674786456203E-4
55503 8.95674786456203E-4
6490 8.95674786456203E-4
197131 8.95674786456203E-4
8085 8.95674786456203E-4
2548 8.95674786456203E-4
54808 8.95674786456203E-4
847 8.95674786456203E-4
55650 8.95674786456203E-4
224 8.95674786456203E-4
2316 8.95674786456203E-4
23229 8.95674786456203E-4
55998 8.95674786456203E-4
5592 8.95674786456203E-4
57465 8.95674786456203E-4
23423 8.95674786456203E-4
28509 8.95674786456203E-4
6326 8.95674786456203E-4
26047 8.95674786456203E-4
26053 8.95674786456203E-4
2737 8.95674786456203E-4
1637 8.95674786456203E-4
8794 8.95674786456203E-4
23405 8.95674786456203E-4
6611 8.95674786456203E-4
79813 8.95674786456203E-4
100169750 8.95674786456203E-4
157680 8.95674786456203E-4
4400 5.97116524304135E-4
4661 5.97116524304135E-4
7023 5.97116524304135E-4
1013 5.97116524304135E-4
54888 5.97116524304135E-4
6102 5.97116524304135E-4
4365 5.97116524304135E-4
4299 5.97116524304135E-4
6328 5.97116524304135E-4
4331 5.97116524304135E-4
6280 5.97116524304135E-4
6046 5.97116524304135E-4
6239 5.97116524304135E-4
4356 5.97116524304135E-4
9971 5.97116524304135E-4
5921 5.97116524304135E-4
58478 5.97116524304135E-4
5831 5.97116524304135E-4
4368 5.97116524304135E-4
4683 5.97116524304135E-4
9524 5.97116524304135E-4
673 5.97116524304135E-4
9757 5.97116524304135E-4
5376 5.97116524304135E-4
6709 5.97116524304135E-4
6567 5.97116524304135E-4
6594 5.97116524304135E-4
5267 5.97116524304135E-4
5230 5.97116524304135E-4
6616 5.97116524304135E-4
51639 5.97116524304135E-4
6647 5.97116524304135E-4
5144 5.97116524304135E-4
51365 5.97116524304135E-4
6513 5.97116524304135E-4
54413 5.97116524304135E-4
56259 5.97116524304135E-4
5624 5.97116524304135E-4
55906 5.97116524304135E-4
51251 5.97116524304135E-4
64374 5.97116524304135E-4
6898 5.97116524304135E-4
4897 5.97116524304135E-4
10716 5.97116524304135E-4
10263 5.97116524304135E-4
551 5.97116524304135E-4
3763 5.97116524304135E-4
9829 5.97116524304135E-4
9759 5.97116524304135E-4
51317 5.97116524304135E-4
2395 5.97116524304135E-4
2820 5.97116524304135E-4
84162 5.97116524304135E-4
1501 5.97116524304135E-4
1678 5.97116524304135E-4
2448 5.97116524304135E-4
28956 5.97116524304135E-4
8422 5.97116524304135E-4
767 5.97116524304135E-4
29803 5.97116524304135E-4
2990 5.97116524304135E-4
29926 5.97116524304135E-4
302 5.97116524304135E-4
205428 5.97116524304135E-4
7592 5.97116524304135E-4
3160 5.97116524304135E-4
2296 5.97116524304135E-4
1437 5.97116524304135E-4
79648 5.97116524304135E-4
1391 5.97116524304135E-4
8087 5.97116524304135E-4
23503 5.97116524304135E-4
1299 5.97116524304135E-4
8021 5.97116524304135E-4
2641 5.97116524304135E-4
26580 5.97116524304135E-4
26609 5.97116524304135E-4
2678 5.97116524304135E-4
2688 5.97116524304135E-4
9088 5.97116524304135E-4
27086 5.97116524304135E-4
8936 5.97116524304135E-4
8266 5.97116524304135E-4
79742 5.97116524304135E-4
22871 5.97116524304135E-4
7468 5.97116524304135E-4
154 5.97116524304135E-4
347344 5.97116524304135E-4
112476 5.97116524304135E-4
51283 5.97116524304135E-4
94081 5.97116524304135E-4
3730 5.97116524304135E-4
373159 5.97116524304135E-4
11102 5.97116524304135E-4
158 5.97116524304135E-4
3748 5.97116524304135E-4
1827 5.97116524304135E-4
2011 5.97116524304135E-4
859 5.97116524304135E-4
1605 5.97116524304135E-4
175 5.97116524304135E-4
3423 5.97116524304135E-4
390916 5.97116524304135E-4
1528 5.97116524304135E-4
1717 5.97116524304135E-4
11036 5.97116524304135E-4
161003 5.97116524304135E-4
8626 5.97116524304135E-4
173 5.97116524304135E-4
7436 5.97116524304135E-4
3918 5.97116524304135E-4
340533 5.97116524304135E-4
923 5.97116524304135E-4
4041 5.97116524304135E-4
8226 2.98558262152068E-4
8671 2.98558262152068E-4
7403 2.98558262152068E-4
8813 2.98558262152068E-4
64423 2.98558262152068E-4
64743 2.98558262152068E-4
8195 2.98558262152068E-4
6655 2.98558262152068E-4
81631 2.98558262152068E-4
9020 2.98558262152068E-4
8237 2.98558262152068E-4
89910 2.98558262152068E-4
8476 2.98558262152068E-4
9939 2.98558262152068E-4
85300 2.98558262152068E-4
84628 2.98558262152068E-4
9884 2.98558262152068E-4
6399 2.98558262152068E-4
846 2.98558262152068E-4
6939 2.98558262152068E-4
84548 2.98558262152068E-4
8905 2.98558262152068E-4
862 2.98558262152068E-4
84623 2.98558262152068E-4
8924 2.98558262152068E-4
9993 2.98558262152068E-4
6427 2.98558262152068E-4
6310 2.98558262152068E-4
89832 2.98558262152068E-4
9894 2.98558262152068E-4
9439 2.98558262152068E-4
961 2.98558262152068E-4
6869 2.98558262152068E-4
6857 2.98558262152068E-4
6844 2.98558262152068E-4
928 2.98558262152068E-4
6818 2.98558262152068E-4
7532 2.98558262152068E-4
6804 2.98558262152068E-4
9628 2.98558262152068E-4
963 2.98558262152068E-4
6783 2.98558262152068E-4
6908 2.98558262152068E-4
6926 2.98558262152068E-4
8208 2.98558262152068E-4
7224 2.98558262152068E-4
7227 2.98558262152068E-4
7145 2.98558262152068E-4
7143 2.98558262152068E-4
9448 2.98558262152068E-4
7846 2.98558262152068E-4
9343 2.98558262152068E-4
7048 2.98558262152068E-4
7349 2.98558262152068E-4
7046 2.98558262152068E-4
7357 2.98558262152068E-4
9640 2.98558262152068E-4
6697 2.98558262152068E-4
653440 2.98558262152068E-4
80013 2.98558262152068E-4
80150 2.98558262152068E-4
6507 2.98558262152068E-4
90627 2.98558262152068E-4
6505 2.98558262152068E-4
9060 2.98558262152068E-4
8061 2.98558262152068E-4
9037 2.98558262152068E-4
8140 2.98558262152068E-4
92170 2.98558262152068E-4
9699 2.98558262152068E-4
79874 2.98558262152068E-4
79800 2.98558262152068E-4
6663 2.98558262152068E-4
7732 2.98558262152068E-4
9228 2.98558262152068E-4
9181 2.98558262152068E-4
9179 2.98558262152068E-4
7936 2.98558262152068E-4
6654 2.98558262152068E-4
79447 2.98558262152068E-4
79594 2.98558262152068E-4
664629 2.98558262152068E-4
79791 2.98558262152068E-4
6487 2.98558262152068E-4
1742 2.98558262152068E-4
2155 2.98558262152068E-4
2158 2.98558262152068E-4
220296 2.98558262152068E-4
222662 2.98558262152068E-4
2258 2.98558262152068E-4
2261 2.98558262152068E-4
22854 2.98558262152068E-4
2294 2.98558262152068E-4
23054 2.98558262152068E-4
23092 2.98558262152068E-4
2068 2.98558262152068E-4
2040 2.98558262152068E-4
203547 2.98558262152068E-4
1789 2.98558262152068E-4
1797 2.98558262152068E-4
1798 2.98558262152068E-4
1806 2.98558262152068E-4
1861 2.98558262152068E-4
189 2.98558262152068E-4
1947 2.98558262152068E-4
1968 2.98558262152068E-4
2 2.98558262152068E-4
2022 2.98558262152068E-4
23261 2.98558262152068E-4
23314 2.98558262152068E-4
23325 2.98558262152068E-4
26271 2.98558262152068E-4
2628 2.98558262152068E-4
2665 2.98558262152068E-4
2667 2.98558262152068E-4
268 2.98558262152068E-4
269 2.98558262152068E-4
27040 2.98558262152068E-4
27063 2.98558262152068E-4
2710 2.98558262152068E-4
27255 2.98558262152068E-4
26019 2.98558262152068E-4
259266 2.98558262152068E-4
25805 2.98558262152068E-4
23389 2.98558262152068E-4
23394 2.98558262152068E-4
23431 2.98558262152068E-4
2353 2.98558262152068E-4
23562 2.98558262152068E-4
23705 2.98558262152068E-4
23708 2.98558262152068E-4
248 2.98558262152068E-4
2488 2.98558262152068E-4
2521 2.98558262152068E-4
27286 2.98558262152068E-4
1738 2.98558262152068E-4
100009675 2.98558262152068E-4
10597 2.98558262152068E-4
10664 2.98558262152068E-4
10672 2.98558262152068E-4
10717 2.98558262152068E-4
10755 2.98558262152068E-4
10905 2.98558262152068E-4
10921 2.98558262152068E-4
10959 2.98558262152068E-4
1106 2.98558262152068E-4
11074 2.98558262152068E-4
10457 2.98558262152068E-4
10380 2.98558262152068E-4
10371 2.98558262152068E-4
100049544 2.98558262152068E-4
100093698 2.98558262152068E-4
100101425 2.98558262152068E-4
100101426 2.98558262152068E-4
100287171 2.98558262152068E-4
100653369 2.98558262152068E-4
100689013 2.98558262152068E-4
101929857 2.98558262152068E-4
10194 2.98558262152068E-4
10295 2.98558262152068E-4
11076 2.98558262152068E-4
11160 2.98558262152068E-4
11253 2.98558262152068E-4
1406 2.98558262152068E-4
140767 2.98558262152068E-4
140805 2.98558262152068E-4
143098 2.98558262152068E-4
147719 2.98558262152068E-4
151126 2.98558262152068E-4
158506 2.98558262152068E-4
158584 2.98558262152068E-4
1593 2.98558262152068E-4
1627 2.98558262152068E-4
139285 2.98558262152068E-4
1388 2.98558262152068E-4
1351 2.98558262152068E-4
1137 2.98558262152068E-4
1139 2.98558262152068E-4
114787 2.98558262152068E-4
116372 2.98558262152068E-4
1174 2.98558262152068E-4
1193 2.98558262152068E-4
1196 2.98558262152068E-4
1201 2.98558262152068E-4
124997 2.98558262152068E-4
1326 2.98558262152068E-4
1629 2.98558262152068E-4
4952 2.98558262152068E-4
51322 2.98558262152068E-4
51604 2.98558262152068E-4
51742 2.98558262152068E-4
51761 2.98558262152068E-4
5277 2.98558262152068E-4
5304 2.98558262152068E-4
53341 2.98558262152068E-4
5362 2.98558262152068E-4
5373 2.98558262152068E-4
53942 2.98558262152068E-4
51181 2.98558262152068E-4
51162 2.98558262152068E-4
51154 2.98558262152068E-4
5043 2.98558262152068E-4
5050 2.98558262152068E-4
5058 2.98558262152068E-4
5069 2.98558262152068E-4
5071 2.98558262152068E-4
5077 2.98558262152068E-4
50814 2.98558262152068E-4
5091 2.98558262152068E-4
50944 2.98558262152068E-4
50971 2.98558262152068E-4
54119 2.98558262152068E-4
5422 2.98558262152068E-4
5456 2.98558262152068E-4
5731 2.98558262152068E-4
57380 2.98558262152068E-4
57459 2.98558262152068E-4
57477 2.98558262152068E-4
57511 2.98558262152068E-4
57522 2.98558262152068E-4
57609 2.98558262152068E-4
583 2.98558262152068E-4
5860 2.98558262152068E-4
5923 2.98558262152068E-4
56731 2.98558262152068E-4
5605 2.98558262152068E-4
5604 2.98558262152068E-4
54741 2.98558262152068E-4
54806 2.98558262152068E-4
55084 2.98558262152068E-4
55130 2.98558262152068E-4
5538 2.98558262152068E-4
55653 2.98558262152068E-4
55655 2.98558262152068E-4
55690 2.98558262152068E-4
55869 2.98558262152068E-4
5602 2.98558262152068E-4
60684 2.98558262152068E-4
493901 2.98558262152068E-4
2729 2.98558262152068E-4
3042 2.98558262152068E-4
30812 2.98558262152068E-4
3092 2.98558262152068E-4
3267 2.98558262152068E-4
3350 2.98558262152068E-4
3375 2.98558262152068E-4
338645 2.98558262152068E-4
3719 2.98558262152068E-4
3720 2.98558262152068E-4
3725 2.98558262152068E-4
3040 2.98558262152068E-4
3039 2.98558262152068E-4
30010 2.98558262152068E-4
27304 2.98558262152068E-4
27315 2.98558262152068E-4
2743 2.98558262152068E-4
282553 2.98558262152068E-4
288 2.98558262152068E-4
2891 2.98558262152068E-4
2902 2.98558262152068E-4
29089 2.98558262152068E-4
2917 2.98558262152068E-4
292 2.98558262152068E-4
3758 2.98558262152068E-4
3766 2.98558262152068E-4
3786 2.98558262152068E-4
4519 2.98558262152068E-4
4566 2.98558262152068E-4
4599 2.98558262152068E-4
4644 2.98558262152068E-4
4659 2.98558262152068E-4
4669 2.98558262152068E-4
4758 2.98558262152068E-4
4803 2.98558262152068E-4
4810 2.98558262152068E-4
4867 2.98558262152068E-4
445329 2.98558262152068E-4
440138 2.98558262152068E-4
4360 2.98558262152068E-4
3953 2.98558262152068E-4
3973 2.98558262152068E-4
4043 2.98558262152068E-4
406928 2.98558262152068E-4
4129 2.98558262152068E-4
4146 2.98558262152068E-4
4156 2.98558262152068E-4
427 2.98558262152068E-4
4297 2.98558262152068E-4
435 2.98558262152068E-4
4914 2.98558262152068E-4
