6310 0.34174921759757
773 0.332328111003531
6311 0.329883570077296
6314 0.327456762497175
5582 0.312199897860127
25894 0.309681323373286
6712 0.306565632362142
146057 0.304644174399605
5521 0.304309924059753
342371 0.30251857448684
2672 0.3
2296 0.3
140451 0.3
23152 0.3
84991 0.3
10939 0.3
6315 0.0340607363422206
4287 0.024343720891234
6908 0.0224426456800166
56652 0.0168110295872354
25814 0.0147184723469671
3708 0.013692689170887
1822 0.0121054815482031
4061 0.0107480974374744
55775 0.01024274781989
2259 0.00938276511113413
2332 0.0083926740127544
152330 0.00626707409998955
170545 0.00596851583783748
2477 0.00494273266175737
2395 0.00417981567012895
140575 0.00404705787530117
140452 0.00404705787530117
4508 0.0037484996131491
4566 0.00344994135099703
4509 0.00344994135099703
4513 0.00344994135099703
4535 0.00344994135099703
4537 0.00344994135099703
4567 0.00344994135099703
94008 0.00344994135099703
7274 0.00311569101114458
5568 0.00251857448684045
285362 0.00251857448684045
3014 0.00251857448684045
10273 0.00251857448684045
836 0.00238846609721654
367 0.00179134957291241
5173 0.00179134957291241
10528 0.00149279131076034
2548 0.00149279131076034
724066 0.00149279131076034
124583 8.95674786456203E-4
1760 8.95674786456203E-4
3752 8.95674786456203E-4
28509 8.95674786456203E-4
286205 5.97116524304135E-4
343641 5.97116524304135E-4
54840 5.97116524304135E-4
3736 5.97116524304135E-4
3105 5.97116524304135E-4
5130 5.97116524304135E-4
2739 5.97116524304135E-4
5428 5.97116524304135E-4
3064 5.97116524304135E-4
2162 5.97116524304135E-4
823 2.98558262152068E-4
57626 2.98558262152068E-4
3126 2.98558262152068E-4
348995 2.98558262152068E-4
22 2.98558262152068E-4
146 2.98558262152068E-4
5706 2.98558262152068E-4
2746 2.98558262152068E-4
174 2.98558262152068E-4
212 2.98558262152068E-4
755 2.98558262152068E-4
255928 2.98558262152068E-4
1030 2.98558262152068E-4
57338 2.98558262152068E-4
3550 2.98558262152068E-4
8444 2.98558262152068E-4
8814 2.98558262152068E-4
9333 2.98558262152068E-4
9563 2.98558262152068E-4
7358 2.98558262152068E-4
7190 2.98558262152068E-4
10573 2.98558262152068E-4
10695 2.98558262152068E-4
10923 2.98558262152068E-4
23552 2.98558262152068E-4
5320 2.98558262152068E-4
5319 2.98558262152068E-4
29107 2.98558262152068E-4
51084 2.98558262152068E-4
3748 2.98558262152068E-4
8398 2.98558262152068E-4
24 2.98558262152068E-4
