5189 0.608022731595202
5193 0.400597116524304
5830 0.303712807535449
9409 0.303414249273297
5195 0.303115691011145
5190 0.301791349572912
5828 0.301791349572912
8504 0.30149279131076
5825 0.300895674786456
5824 0.300895674786456
3295 0.300597116524304
5194 0.300298558262152
55670 0.300298558262152
5192 0.300298558262152
4313 0.00298558262152068
5251 0.00298558262152068
339324 0.00298558262152068
847 0.00179134957291241
215 0.00119423304860827
8443 8.95674786456203E-4
54623 8.95674786456203E-4
9856 8.95674786456203E-4
375790 5.97116524304135E-4
4364 5.97116524304135E-4
2821 2.98558262152068E-4
2819 2.98558262152068E-4
6939 2.98558262152068E-4
706 2.98558262152068E-4
26227 2.98558262152068E-4
51478 2.98558262152068E-4
8086 2.98558262152068E-4
23250 2.98558262152068E-4
11097 2.98558262152068E-4
10046 2.98558262152068E-4
100329167 2.98558262152068E-4
30 2.98558262152068E-4
3033 2.98558262152068E-4
5191 2.98558262152068E-4
4018 2.98558262152068E-4
3920 2.98558262152068E-4
3895 2.98558262152068E-4
5226 2.98558262152068E-4
5264 2.98558262152068E-4
54566 2.98558262152068E-4
351 2.98558262152068E-4
54942 2.98558262152068E-4
10007 2.98558262152068E-4
788 2.98558262152068E-4
