5376 0.0223918696614051
4359 0.0152264713697555
1959 0.0083926740127544
2705 0.00716539829164962
5827 0.00686684002949756
7276 0.00626972350519342
9927 0.00597116524304135
23095 0.00537404871873722
54332 0.00477693219443308
9587 0.00388125740797688
2944 0.0037484996131491
5428 0.00358269914582481
1535 0.00344994135099703
4846 0.00344994135099703
355 0.00344994135099703
7157 0.00344994135099703
1728 0.00344994135099703
6648 0.00344994135099703
2052 0.00344994135099703
2952 0.00344994135099703
1785 0.00238846609721654
8898 0.00238846609721654
57716 0.00208990783506447
1890 0.00208990783506447
3315 0.00208990783506447
3630 0.00179134957291241
10558 0.00179134957291241
4803 0.00179134957291241
4908 0.00149279131076034
10908 0.00149279131076034
2532 0.00149279131076034
4000 0.00149279131076034
7422 0.00119423304860827
59341 0.00119423304860827
7124 0.00119423304860827
2617 0.00119423304860827
6528 0.00119423304860827
7879 0.00119423304860827
231 0.00119423304860827
4747 0.00119423304860827
26353 0.00119423304860827
9896 0.00119423304860827
4885 8.95674786456203E-4
56655 8.95674786456203E-4
5444 8.95674786456203E-4
3918 8.95674786456203E-4
4534 8.95674786456203E-4
2707 8.95674786456203E-4
2950 8.95674786456203E-4
4397 8.95674786456203E-4
2668 8.95674786456203E-4
1056 8.95674786456203E-4
11146 8.95674786456203E-4
9516 8.95674786456203E-4
1437 8.95674786456203E-4
1558 8.95674786456203E-4
23771 8.95674786456203E-4
338382 8.95674786456203E-4
57804 8.95674786456203E-4
2191 8.95674786456203E-4
64423 8.95674786456203E-4
79628 8.95674786456203E-4
4566 5.97116524304135E-4
10939 5.97116524304135E-4
92170 5.97116524304135E-4
22856 5.97116524304135E-4
102157402 5.97116524304135E-4
26580 5.97116524304135E-4
5243 5.97116524304135E-4
100129696 5.97116524304135E-4
6834 5.97116524304135E-4
6638 5.97116524304135E-4
6607 5.97116524304135E-4
6606 5.97116524304135E-4
6484 5.97116524304135E-4
6347 5.97116524304135E-4
9048 5.97116524304135E-4
6335 5.97116524304135E-4
5715 5.97116524304135E-4
5621 5.97116524304135E-4
9588 5.97116524304135E-4
10479 5.97116524304135E-4
4318 5.97116524304135E-4
3908 5.97116524304135E-4
348 5.97116524304135E-4
3145 5.97116524304135E-4
2571 5.97116524304135E-4
3508 5.97116524304135E-4
217 5.97116524304135E-4
1778 5.97116524304135E-4
3565 5.97116524304135E-4
56658 5.97116524304135E-4
3082 5.97116524304135E-4
4099 5.97116524304135E-4
1270 5.97116524304135E-4
189 5.97116524304135E-4
3925 5.97116524304135E-4
25996 2.98558262152068E-4
25819 2.98558262152068E-4
50846 2.98558262152068E-4
51083 2.98558262152068E-4
847 2.98558262152068E-4
668 2.98558262152068E-4
351 2.98558262152068E-4
28988 2.98558262152068E-4
27330 2.98558262152068E-4
28813 2.98558262152068E-4
28821 2.98558262152068E-4
28823 2.98558262152068E-4
28825 2.98558262152068E-4
909 2.98558262152068E-4
23451 2.98558262152068E-4
10516 2.98558262152068E-4
998 2.98558262152068E-4
10681 2.98558262152068E-4
925 2.98558262152068E-4
920 2.98558262152068E-4
11009 2.98558262152068E-4
913 2.98558262152068E-4
11155 2.98558262152068E-4
912 2.98558262152068E-4
911 2.98558262152068E-4
910 2.98558262152068E-4
23096 2.98558262152068E-4
23111 2.98558262152068E-4
23397 2.98558262152068E-4
1230 2.98558262152068E-4
667 2.98558262152068E-4
54790 2.98558262152068E-4
65125 2.98558262152068E-4
274 2.98558262152068E-4
81846 2.98558262152068E-4
81857 2.98558262152068E-4
118429 2.98558262152068E-4
121512 2.98558262152068E-4
127534 2.98558262152068E-4
133482 2.98558262152068E-4
171023 2.98558262152068E-4
257144 2.98558262152068E-4
23064 2.98558262152068E-4
373156 2.98558262152068E-4
729230 2.98558262152068E-4
100329167 2.98558262152068E-4
65078 2.98558262152068E-4
336 2.98558262152068E-4
54840 2.98558262152068E-4
54859 2.98558262152068E-4
55090 2.98558262152068E-4
55790 2.98558262152068E-4
55821 2.98558262152068E-4
55914 2.98558262152068E-4
627 2.98558262152068E-4
125 2.98558262152068E-4
56731 2.98558262152068E-4
57144 2.98558262152068E-4
57152 2.98558262152068E-4
57472 2.98558262152068E-4
547 2.98558262152068E-4
60386 2.98558262152068E-4
101927655 2.98558262152068E-4
4316 2.98558262152068E-4
3316 2.98558262152068E-4
5630 2.98558262152068E-4
5740 2.98558262152068E-4
3077 2.98558262152068E-4
6012 2.98558262152068E-4
2947 2.98558262152068E-4
2934 2.98558262152068E-4
2878 2.98558262152068E-4
6520 2.98558262152068E-4
2833 2.98558262152068E-4
2831 2.98558262152068E-4
2810 2.98558262152068E-4
2717 2.98558262152068E-4
6647 2.98558262152068E-4
3320 2.98558262152068E-4
5354 2.98558262152068E-4
5339 2.98558262152068E-4
4314 2.98558262152068E-4
4313 2.98558262152068E-4
4365 2.98558262152068E-4
4508 2.98558262152068E-4
4509 2.98558262152068E-4
4547 2.98558262152068E-4
4744 2.98558262152068E-4
3745 2.98558262152068E-4
3735 2.98558262152068E-4
4804 2.98558262152068E-4
3586 2.98558262152068E-4
3562 2.98558262152068E-4
5048 2.98558262152068E-4
3558 2.98558262152068E-4
2645 2.98558262152068E-4
6750 2.98558262152068E-4
2618 2.98558262152068E-4
8988 2.98558262152068E-4
8989 2.98558262152068E-4
9034 2.98558262152068E-4
1565 2.98558262152068E-4
9131 2.98558262152068E-4
9181 2.98558262152068E-4
9420 2.98558262152068E-4
9531 2.98558262152068E-4
1269 2.98558262152068E-4
1235 2.98558262152068E-4
9856 2.98558262152068E-4
1234 2.98558262152068E-4
1233 2.98558262152068E-4
9990 2.98558262152068E-4
1675 2.98558262152068E-4
8548 2.98558262152068E-4
8530 2.98558262152068E-4
6927 2.98558262152068E-4
7052 2.98558262152068E-4
7055 2.98558262152068E-4
7099 2.98558262152068E-4
7112 2.98558262152068E-4
7133 2.98558262152068E-4
2395 2.98558262152068E-4
7175 2.98558262152068E-4
2316 2.98558262152068E-4
2056 2.98558262152068E-4
7531 2.98558262152068E-4
7880 2.98558262152068E-4
8086 2.98558262152068E-4
8139 2.98558262152068E-4
9997 2.98558262152068E-4
