4647 0.320426771405557
65217 0.309048514771282
7399 0.0357066681991276
64072 0.0162469557354278
7401 0.0138611390434151
124590 0.0131312647242832
10083 0.0118069232860511
25861 0.00746130714859782
84059 0.0046441743996053
2706 0.00434561613745324
7393 0.00417981567012895
10804 0.00344994135099703
79955 0.00311569101114458
5190 0.00281713274899252
646951 8.95674786456203E-4
2638 5.97116524304135E-4
328 5.97116524304135E-4
6585 2.98558262152068E-4
6586 2.98558262152068E-4
7396 2.98558262152068E-4
91584 2.98558262152068E-4
8829 2.98558262152068E-4
83715 2.98558262152068E-4
8030 2.98558262152068E-4
6091 2.98558262152068E-4
146 2.98558262152068E-4
167691 2.98558262152068E-4
1915 2.98558262152068E-4
2158 2.98558262152068E-4
2248 2.98558262152068E-4
2637 2.98558262152068E-4
4745 2.98558262152068E-4
4853 2.98558262152068E-4
4975 2.98558262152068E-4
5726 2.98558262152068E-4
5727 2.98558262152068E-4
57508 2.98558262152068E-4
5979 2.98558262152068E-4
9381 2.98558262152068E-4
