4607 0.336255071005182
7139 0.334762279694422
1756 0.313302364002015
7137 0.309681323373286
7124 0.308655540197206
183 0.30779555748845
3688 0.30251857448684
356 0.30251857448684
1432 0.30251857448684
6774 0.30251857448684
6444 0.302089907835064
9997 0.30149279131076
4023 0.301194233048608
3082 0.300895674786456
4720 0.300895674786456
4729 0.300597116524304
1906 0.300597116524304
3569 0.300597116524304
5595 0.300298558262152
3552 0.300298558262152
3553 0.300298558262152
873 0.300298558262152
5563 0.300298558262152
54968 0.300298558262152
5594 0.300298558262152
111 0.300298558262152
5502 0.3
5581 0.3
5467 0.3
5443 0.3
57381 0.3
5164 0.3
4973 0.3
3565 0.3
6443 0.3
3939 0.3
3336 0.3
4217 0.3
4512 0.3
3329 0.3
1559 0.3
2056 0.3
1431 0.3
4879 0.3
5600 0.3
5743 0.3
624 0.3
84676 0.3
554 0.3
551 0.3
57724 0.3
7533 0.3
355 0.3
359 0.3
156 0.3
7097 0.3
116 0.3
135 0.3
7066 0.3
847 0.3
142 0.3
4846 0.100597116524304
4842 0.100298558262152
2837 0.100298558262152
3480 0.1
10911 0.1
2281 0.1
85366 0.1
7295 0.1
4282 0.1
7077 0.1
846 0.1
6357 0.1
4625 0.0480619942912334
4000 0.0220523205111449
1636 0.0219909468717179
3123 0.0218938811545905
5350 0.017681022811965
7276 0.0143307965832992
1674 0.0141980387884715
3119 0.0137997654039881
1832 0.0135625807812631
6584 0.0120697894705027
5318 0.0108755564218945
1585 0.0103498240529911
70 0.0103141319752907
4633 0.0074969992262982
57158 0.00719844096414613
3117 0.00689988270199407
4277 0.00689988270199407
100507436 0.00689988270199407
4634 0.00689988270199407
1829 0.00686419062429368
51422 0.0068284985465933
6648 0.00596851583783748
3077 0.00553984918606151
3920 0.00550415710836112
153 0.00533570723583296
2010 0.00520559884620906
3816 0.0050371489736809
148738 0.0050371489736809
1824 0.0046441743996053
1410 0.00460848232190492
2548 0.00447837393228102
3728 0.00434561613745324
7273 0.00430992405975285
4803 0.00404705787530117
7134 0.00401136579760079
2395 0.00388125740797688
3115 0.0037484996131491
6262 0.0037484996131491
7168 0.0037484996131491
8557 0.0037484996131491
4624 0.0037484996131491
5048 0.00344994135099703
3113 0.00344994135099703
51778 0.00344994135099703
5327 0.00344994135099703
1493 0.00344994135099703
4776 0.00344994135099703
3827 0.00344994135099703
56172 0.00344994135099703
7919 0.00344994135099703
4795 0.00344994135099703
10891 0.00341424927329665
3030 0.00341424927329665
6520 0.00328414088367274
133522 0.00311569101114458
4535 0.00311569101114458
5617 0.00311569101114458
488 0.00281713274899252
3593 0.00281713274899252
9499 0.00281713274899252
2697 0.00281713274899252
3586 0.00281713274899252
8654 0.00281713274899252
4616 0.00281713274899252
3757 0.00281713274899252
8291 0.00281713274899252
145501 0.00281713274899252
3600 0.00251857448684045
3574 0.00251857448684045
56851 0.00251857448684045
4312 0.00251857448684045
59272 0.00251857448684045
4668 0.00251857448684045
1509 0.00251857448684045
5608 0.00251857448684045
332 0.00251857448684045
1281 0.00251857448684045
10057 0.00251857448684045
7020 0.00251857448684045
6901 0.00238846609721654
5660 0.00179134957291241
5555 0.00179134957291241
6319 0.00179134957291241
5554 0.00179134957291241
3630 0.00179134957291241
2273 0.00119423304860827
7043 0.00119423304860827
23417 0.00119423304860827
353 8.95674786456203E-4
27259 8.95674786456203E-4
146 8.95674786456203E-4
152503 8.95674786456203E-4
3075 8.95674786456203E-4
859 8.95674786456203E-4
10682 8.95674786456203E-4
25937 8.95674786456203E-4
6271 8.95674786456203E-4
2720 8.95674786456203E-4
920 8.95674786456203E-4
5465 8.95674786456203E-4
7414 8.95674786456203E-4
129831 8.95674786456203E-4
1834 8.95674786456203E-4
7439 8.95674786456203E-4
291 8.95674786456203E-4
2717 8.95674786456203E-4
5592 5.97116524304135E-4
133418 5.97116524304135E-4
3479 5.97116524304135E-4
154 5.97116524304135E-4
10007 5.97116524304135E-4
27335 5.97116524304135E-4
27352 5.97116524304135E-4
5290 5.97116524304135E-4
3458 5.97116524304135E-4
5428 5.97116524304135E-4
282996 5.97116524304135E-4
339345 5.97116524304135E-4
7514 5.97116524304135E-4
7422 5.97116524304135E-4
7402 5.97116524304135E-4
2821 5.97116524304135E-4
101927655 5.97116524304135E-4
7098 5.97116524304135E-4
755 5.97116524304135E-4
9429 5.97116524304135E-4
3105 5.97116524304135E-4
811 5.97116524304135E-4
10625 5.97116524304135E-4
2539 5.97116524304135E-4
6285 5.97116524304135E-4
1234 5.97116524304135E-4
11155 5.97116524304135E-4
3133 5.97116524304135E-4
7531 5.97116524304135E-4
4843 5.97116524304135E-4
1565 5.97116524304135E-4
4698 5.97116524304135E-4
3611 5.97116524304135E-4
1825 5.97116524304135E-4
4295 5.97116524304135E-4
59271 5.97116524304135E-4
57142 5.97116524304135E-4
178 5.97116524304135E-4
4620 5.97116524304135E-4
4205 5.97116524304135E-4
4594 5.97116524304135E-4
57057 5.97116524304135E-4
1605 5.97116524304135E-4
3557 5.97116524304135E-4
185 5.97116524304135E-4
2006 5.97116524304135E-4
9531 2.98558262152068E-4
10058 2.98558262152068E-4
57619 2.98558262152068E-4
100129696 2.98558262152068E-4
10157 2.98558262152068E-4
9927 2.98558262152068E-4
9628 2.98558262152068E-4
9699 2.98558262152068E-4
574501 2.98558262152068E-4
338 2.98558262152068E-4
729230 2.98558262152068E-4
57534 2.98558262152068E-4
91624 2.98558262152068E-4
10011 2.98558262152068E-4
57644 2.98558262152068E-4
186 2.98558262152068E-4
8082 2.98558262152068E-4
84525 2.98558262152068E-4
84516 2.98558262152068E-4
80316 2.98558262152068E-4
79188 2.98558262152068E-4
63976 2.98558262152068E-4
8090 2.98558262152068E-4
8115 2.98558262152068E-4
8170 2.98558262152068E-4
8455 2.98558262152068E-4
59343 2.98558262152068E-4
100526835 2.98558262152068E-4
26509 2.98558262152068E-4
8797 2.98558262152068E-4
8851 2.98558262152068E-4
9197 2.98558262152068E-4
58506 2.98558262152068E-4
8021 2.98558262152068E-4
10523 2.98558262152068E-4
131118 2.98558262152068E-4
28976 2.98558262152068E-4
127495 2.98558262152068E-4
203547 2.98558262152068E-4
219931 2.98558262152068E-4
55578 2.98558262152068E-4
190 2.98558262152068E-4
27101 2.98558262152068E-4
84665 2.98558262152068E-4
55278 2.98558262152068E-4
55034 2.98558262152068E-4
54732 2.98558262152068E-4
51393 2.98558262152068E-4
51380 2.98558262152068E-4
51086 2.98558262152068E-4
50818 2.98558262152068E-4
285 2.98558262152068E-4
30811 2.98558262152068E-4
53373 2.98558262152068E-4
55600 2.98558262152068E-4
24148 2.98558262152068E-4
23643 2.98558262152068E-4
10993 2.98558262152068E-4
406938 2.98558262152068E-4
56994 2.98558262152068E-4
406991 2.98558262152068E-4
10747 2.98558262152068E-4
10714 2.98558262152068E-4
207 2.98558262152068E-4
93649 2.98558262152068E-4
11076 2.98558262152068E-4
56658 2.98558262152068E-4
113675 2.98558262152068E-4
55750 2.98558262152068E-4
342977 2.98558262152068E-4
112476 2.98558262152068E-4
23414 2.98558262152068E-4
23410 2.98558262152068E-4
23191 2.98558262152068E-4
23038 2.98558262152068E-4
10585 2.98558262152068E-4
1506 2.98558262152068E-4
4361 2.98558262152068E-4
1767 2.98558262152068E-4
1803 2.98558262152068E-4
1806 2.98558262152068E-4
4208 2.98558262152068E-4
4184 2.98558262152068E-4
4183 2.98558262152068E-4
4146 2.98558262152068E-4
3958 2.98558262152068E-4
1839 2.98558262152068E-4
3934 2.98558262152068E-4
1846 2.98558262152068E-4
4490 2.98558262152068E-4
1757 2.98558262152068E-4
4722 2.98558262152068E-4
4703 2.98558262152068E-4
4689 2.98558262152068E-4
1571 2.98558262152068E-4
1634 2.98558262152068E-4
1666 2.98558262152068E-4
4577 2.98558262152068E-4
4547 2.98558262152068E-4
4538 2.98558262152068E-4
1999 2.98558262152068E-4
4514 2.98558262152068E-4
4513 2.98558262152068E-4
1890 2.98558262152068E-4
3814 2.98558262152068E-4
3383 2.98558262152068E-4
2321 2.98558262152068E-4
3272 2.98558262152068E-4
3162 2.98558262152068E-4
3145 2.98558262152068E-4
3126 2.98558262152068E-4
2626 2.98558262152068E-4
3107 2.98558262152068E-4
3106 2.98558262152068E-4
3091 2.98558262152068E-4
2632 2.98558262152068E-4
2997 2.98558262152068E-4
3439 2.98558262152068E-4
3447 2.98558262152068E-4
1909 2.98558262152068E-4
1910 2.98558262152068E-4
3679 2.98558262152068E-4
1917 2.98558262152068E-4
3606 2.98558262152068E-4
3576 2.98558262152068E-4
3566 2.98558262152068E-4
3559 2.98558262152068E-4
2048 2.98558262152068E-4
2070 2.98558262152068E-4
3491 2.98558262152068E-4
2170 2.98558262152068E-4
2869 2.98558262152068E-4
1440 2.98558262152068E-4
7936 2.98558262152068E-4
808 2.98558262152068E-4
6717 2.98558262152068E-4
6662 2.98558262152068E-4
6647 2.98558262152068E-4
6646 2.98558262152068E-4
6588 2.98558262152068E-4
6523 2.98558262152068E-4
6464 2.98558262152068E-4
6445 2.98558262152068E-4
874 2.98558262152068E-4
3669 2.98558262152068E-4
6390 2.98558262152068E-4
6785 2.98558262152068E-4
7045 2.98558262152068E-4
1268 2.98558262152068E-4
7341 2.98558262152068E-4
424 2.98558262152068E-4
432 2.98558262152068E-4
7274 2.98558262152068E-4
466 2.98558262152068E-4
7157 2.98558262152068E-4
472 2.98558262152068E-4
718 2.98558262152068E-4
738 2.98558262152068E-4
801 2.98558262152068E-4
805 2.98558262152068E-4
890 2.98558262152068E-4
6352 2.98558262152068E-4
5578 2.98558262152068E-4
5564 2.98558262152068E-4
963 2.98558262152068E-4
5562 2.98558262152068E-4
5530 2.98558262152068E-4
969 2.98558262152068E-4
1355 2.98558262152068E-4
1374 2.98558262152068E-4
5243 2.98558262152068E-4
1376 2.98558262152068E-4
5087 2.98558262152068E-4
1390 2.98558262152068E-4
950 2.98558262152068E-4
947 2.98558262152068E-4
6347 2.98558262152068E-4
6331 2.98558262152068E-4
6012 2.98558262152068E-4
5997 2.98558262152068E-4
5972 2.98558262152068E-4
5880 2.98558262152068E-4
5870 2.98558262152068E-4
5788 2.98558262152068E-4
904 2.98558262152068E-4
5664 2.98558262152068E-4
5663 2.98558262152068E-4
925 2.98558262152068E-4
1421 2.98558262152068E-4
