6647 0.551049472158973
23435 0.415028324057592
1804 0.32185818907689
6506 0.311605430741026
23025 0.30779555748845
2670 0.302687024359369
2950 0.30251857448684
8878 0.302388466097217
25978 0.302089907835064
5743 0.30149279131076
7157 0.30149279131076
5321 0.300298558262152
51163 0.300298558262152
6529 0.300298558262152
57172 0.300298558262152
959 0.300298558262152
2936 0.300298558262152
836 0.104309924059753
718 0.10149279131076
361 0.100895674786456
100506742 0.100298558262152
2660 0.100298558262152
5914 0.1
728 0.1
3482 0.1
842 0.1
2521 0.0600379545546544
5444 0.0292838041477875
7422 0.0255609860963651
203228 0.0231547866530335
283 0.0229836873753015
348 0.0173824645498129
57679 0.0165124713250834
3077 0.0161525394235043
9217 0.0152238219645516
6606 0.0147925059075717
55277 0.0143611898505919
4747 0.0107097559545702
1437 0.0104495391753224
3709 0.0103141319752907
3918 0.0101509809131703
7415 0.0100182231183425
4744 0.00921696464380984
6607 0.00882399006973425
22920 0.0083926740127544
6311 0.00806107307810583
5445 0.00779555748845027
5446 0.0074969992262982
7124 0.00746130714859782
56832 0.00719844096414613
4318 0.00716274888644575
2896 0.00699694841912146
3790 0.00689988270199407
57619 0.00689988270199407
10133 0.00686684002949756
5630 0.0066983901569694
2891 0.0059328237601371
351 0.0059328237601371
1270 0.00580271537051319
23064 0.00580271537051319
142 0.00563426549798503
57142 0.00533570723583296
3483 0.00507549045658515
25897 0.0050371489736809
2056 0.00494273266175737
2668 0.00477693219443308
29978 0.00477693219443308
5923 0.00434561613745324
6347 0.00430992405975285
3479 0.00417981567012895
10536 0.00417981567012895
210 0.00404705787530117
328 0.00401136579760079
1543 0.0037484996131491
5663 0.0037484996131491
1756 0.0037484996131491
1326 0.0037484996131491
7421 0.0037484996131491
1544 0.0037484996131491
6310 0.0037484996131491
4137 0.00371280753544872
5034 0.00371280753544872
4397 0.00358269914582481
402394 0.00344994135099703
388011 0.00344994135099703
3908 0.00344994135099703
390226 0.00344994135099703
391179 0.00344994135099703
391719 0.00344994135099703
392872 0.00344994135099703
3990 0.00344994135099703
391827 0.00344994135099703
390035 0.00344994135099703
387914 0.00344994135099703
2904 0.00344994135099703
2903 0.00344994135099703
2898 0.00344994135099703
286016 0.00344994135099703
285154 0.00344994135099703
283902 0.00344994135099703
283489 0.00344994135099703
28231 0.00344994135099703
2774 0.00344994135099703
27324 0.00344994135099703
27185 0.00344994135099703
267007 0.00344994135099703
26280 0.00344994135099703
85462 0.00344994135099703
29935 0.00344994135099703
387495 0.00344994135099703
3778 0.00344994135099703
342125 0.00344994135099703
360185 0.00344994135099703
347730 0.00344994135099703
343035 0.00344994135099703
2831 0.00344994135099703
341784 0.00344994135099703
341230 0.00344994135099703
340562 0.00344994135099703
3364 0.00344994135099703
326317 0.00344994135099703
29951 0.00344994135099703
29116 0.00344994135099703
404199 0.00344994135099703
998 0.00344994135099703
8600 0.00344994135099703
8537 0.00344994135099703
84871 0.00344994135099703
84838 0.00344994135099703
84735 0.00344994135099703
84618 0.00344994135099703
83879 0.00344994135099703
83606 0.00344994135099703
8320 0.00344994135099703
80333 0.00344994135099703
8029 0.00344994135099703
80230 0.00344994135099703
79983 0.00344994135099703
79817 0.00344994135099703
79762 0.00344994135099703
7534 0.00344994135099703
8690 0.00344994135099703
87178 0.00344994135099703
9955 0.00344994135099703
9901 0.00344994135099703
988 0.00344994135099703
9786 0.00344994135099703
9781 0.00344994135099703
9604 0.00344994135099703
9331 0.00344994135099703
9229 0.00344994135099703
92270 0.00344994135099703
92105 0.00344994135099703
9150 0.00344994135099703
913 0.00344994135099703
9019 0.00344994135099703
90024 0.00344994135099703
89978 0.00344994135099703
8800 0.00344994135099703
731741 0.00344994135099703
729967 0.00344994135099703
57616 0.00344994135099703
57568 0.00344994135099703
57556 0.00344994135099703
56964 0.00344994135099703
56776 0.00344994135099703
55922 0.00344994135099703
55734 0.00344994135099703
55322 0.00344994135099703
54715 0.00344994135099703
5314 0.00344994135099703
5142 0.00344994135099703
51397 0.00344994135099703
51274 0.00344994135099703
50507 0.00344994135099703
4685 0.00344994135099703
4488 0.00344994135099703
5899 0.00344994135099703
5937 0.00344994135099703
7074 0.00344994135099703
6917 0.00344994135099703
6710 0.00344994135099703
6512 0.00344994135099703
65110 0.00344994135099703
647201 0.00344994135099703
6461 0.00344994135099703
645807 0.00344994135099703
645693 0.00344994135099703
64420 0.00344994135099703
642938 0.00344994135099703
64101 0.00344994135099703
6402 0.00344994135099703
6332 0.00344994135099703
62 0.00344994135099703
5939 0.00344994135099703
80327 0.00344994135099703
1008 0.00344994135099703
170690 0.00344994135099703
116449 0.00344994135099703
151126 0.00344994135099703
121551 0.00344994135099703
23380 0.00344994135099703
100189455 0.00344994135099703
152663 0.00344994135099703
220107 0.00344994135099703
100132322 0.00344994135099703
10846 0.00344994135099703
100132037 0.00344994135099703
2122 0.00344994135099703
128467 0.00344994135099703
100131493 0.00344994135099703
2202 0.00344994135099703
100271092 0.00344994135099703
11214 0.00344994135099703
155061 0.00344994135099703
152330 0.00344994135099703
2295 0.00344994135099703
22901 0.00344994135099703
153571 0.00344994135099703
100271466 0.00344994135099703
100271407 0.00344994135099703
100271398 0.00344994135099703
168741 0.00344994135099703
10673 0.00344994135099703
23145 0.00344994135099703
100271220 0.00344994135099703
100271147 0.00344994135099703
245915 0.00344994135099703
100131141 0.00344994135099703
145741 0.00344994135099703
100129179 0.00344994135099703
10562 0.00344994135099703
140766 0.00344994135099703
100130117 0.00344994135099703
23498 0.00344994135099703
136288 0.00344994135099703
256979 0.00344994135099703
257397 0.00344994135099703
1456 0.00344994135099703
25763 0.00344994135099703
100129487 0.00344994135099703
100130286 0.00344994135099703
146183 0.00344994135099703
100128390 0.00344994135099703
171483 0.00344994135099703
23136 0.00344994135099703
132989 0.00344994135099703
201266 0.00344994135099703
2001 0.00344994135099703
100131020 0.00344994135099703
1993 0.00344994135099703
10735 0.00344994135099703
25817 0.00344994135099703
4842 0.00341424927329665
9973 0.00341424927329665
1114 0.00341424927329665
3082 0.00341424927329665
1471 0.00341424927329665
7133 0.00341424927329665
55140 0.00341424927329665
5216 0.00328414088367274
367 0.00328414088367274
51542 0.00311569101114458
2890 0.00311569101114458
7132 0.00281713274899252
84280 0.00281713274899252
779 0.00281713274899252
5585 0.00281713274899252
1113 0.00281713274899252
7078 0.00281713274899252
7076 0.00281713274899252
7425 0.00281713274899252
4015 0.00281713274899252
116444 0.00281713274899252
2893 0.00281713274899252
7226 0.00281713274899252
6638 0.00268702435936861
3925 0.00268702435936861
4233 0.00251857448684045
5300 0.00251857448684045
2912 0.00251857448684045
2911 0.00251857448684045
5868 0.00251857448684045
3915 0.00251857448684045
2892 0.00251857448684045
259173 0.00251857448684045
27063 0.00251857448684045
7857 0.00251857448684045
3596 0.00251857448684045
2022 0.00251857448684045
6622 0.00251857448684045
26287 0.00251857448684045
1356 0.00251857448684045
643387 0.00251857448684045
114907 0.00251857448684045
56902 0.00238846609721654
5725 0.00238846609721654
27303 0.00238846609721654
23524 0.00238846609721654
25953 0.00238846609721654
84549 0.00238846609721654
5132 0.00238846609721654
5940 0.00238846609721654
4908 0.00208990783506447
627 0.00208990783506447
2965 0.00208990783506447
10657 0.00208990783506447
51164 0.00208990783506447
23636 0.00208990783506447
5551 0.00208990783506447
10644 0.00208990783506447
8148 0.00179134957291241
4485 0.00179134957291241
1639 0.00179134957291241
51312 0.00179134957291241
6239 0.00179134957291241
6883 0.00179134957291241
387521 0.00179134957291241
56242 0.00179134957291241
148266 0.00179134957291241
387522 0.00179134957291241
2737 0.00179134957291241
9048 0.00179134957291241
284390 0.00179134957291241
23361 0.00179134957291241
9242 0.00179134957291241
7335 0.00179134957291241
80818 0.00179134957291241
1020 0.00179134957291241
8170 0.00149279131076034
9474 0.00149279131076034
834 0.00149279131076034
23411 0.00149279131076034
3976 0.00149279131076034
434 0.00149279131076034
2837 0.00149279131076034
1666 0.00149279131076034
84000 0.00149279131076034
83853 0.00149279131076034
104 0.00149279131076034
29974 0.00149279131076034
5468 0.00149279131076034
4928 0.00149279131076034
259266 0.00149279131076034
4477 0.00149279131076034
443 0.00149279131076034
89782 0.00149279131076034
57794 0.00119423304860827
11315 0.00119423304860827
290 0.00119423304860827
118429 0.00119423304860827
1523 0.00119423304860827
3145 0.00119423304860827
5027 0.00119423304860827
25782 0.00119423304860827
4671 0.00119423304860827
8518 0.00119423304860827
10194 0.00119423304860827
10036 0.00119423304860827
10891 0.00119423304860827
7494 0.00119423304860827
9646 0.00119423304860827
30849 0.00119423304860827
7190 0.00119423304860827
25 0.00119423304860827
6683 0.00119423304860827
10280 0.00119423304860827
4061 0.00119423304860827
6648 0.00119423304860827
2596 0.00119423304860827
3486 0.00119423304860827
1432 8.95674786456203E-4
54822 8.95674786456203E-4
3059 8.95674786456203E-4
4843 8.95674786456203E-4
56162 8.95674786456203E-4
5621 8.95674786456203E-4
5973 8.95674786456203E-4
100 8.95674786456203E-4
5092 8.95674786456203E-4
6277 8.95674786456203E-4
27036 8.95674786456203E-4
27019 8.95674786456203E-4
9699 8.95674786456203E-4
26580 8.95674786456203E-4
5025 8.95674786456203E-4
1269 8.95674786456203E-4
6654 8.95674786456203E-4
352909 8.95674786456203E-4
331 8.95674786456203E-4
1991 8.95674786456203E-4
7495 8.95674786456203E-4
2130 8.95674786456203E-4
7314 8.95674786456203E-4
4001 8.95674786456203E-4
7936 8.95674786456203E-4
3315 8.95674786456203E-4
1767 8.95674786456203E-4
6655 8.95674786456203E-4
3308 8.95674786456203E-4
3162 8.95674786456203E-4
8570 8.95674786456203E-4
64283 8.95674786456203E-4
11168 8.95674786456203E-4
3842 8.95674786456203E-4
4524 8.95674786456203E-4
3560 8.95674786456203E-4
7316 8.95674786456203E-4
103 5.97116524304135E-4
9817 5.97116524304135E-4
1351 5.97116524304135E-4
9446 5.97116524304135E-4
80208 5.97116524304135E-4
80173 5.97116524304135E-4
1387 5.97116524304135E-4
1431 5.97116524304135E-4
7097 5.97116524304135E-4
29979 5.97116524304135E-4
5599 5.97116524304135E-4
55599 5.97116524304135E-4
55704 5.97116524304135E-4
7461 5.97116524304135E-4
6857 5.97116524304135E-4
133482 5.97116524304135E-4
929 5.97116524304135E-4
6507 5.97116524304135E-4
9118 5.97116524304135E-4
6505 5.97116524304135E-4
847 5.97116524304135E-4
64689 5.97116524304135E-4
5961 5.97116524304135E-4
5970 5.97116524304135E-4
8548 5.97116524304135E-4
6035 5.97116524304135E-4
613 5.97116524304135E-4
5901 5.97116524304135E-4
9127 5.97116524304135E-4
65125 5.97116524304135E-4
6776 5.97116524304135E-4
9218 5.97116524304135E-4
123606 5.97116524304135E-4
7295 5.97116524304135E-4
10273 5.97116524304135E-4
920 5.97116524304135E-4
57473 5.97116524304135E-4
6616 5.97116524304135E-4
6531 5.97116524304135E-4
6520 5.97116524304135E-4
6249 5.97116524304135E-4
4803 5.97116524304135E-4
3133 5.97116524304135E-4
51062 5.97116524304135E-4
1778 5.97116524304135E-4
3458 5.97116524304135E-4
1489 5.97116524304135E-4
4254 5.97116524304135E-4
2395 5.97116524304135E-4
4780 5.97116524304135E-4
2247 5.97116524304135E-4
2734 5.97116524304135E-4
4741 5.97116524304135E-4
22953 5.97116524304135E-4
1674 5.97116524304135E-4
5029 5.97116524304135E-4
3958 5.97116524304135E-4
3956 5.97116524304135E-4
3481 5.97116524304135E-4
4790 5.97116524304135E-4
2326 5.97116524304135E-4
497258 5.97116524304135E-4
5023 5.97116524304135E-4
3981 5.97116524304135E-4
5024 5.97116524304135E-4
5026 5.97116524304135E-4
5028 5.97116524304135E-4
253 5.97116524304135E-4
2641 5.97116524304135E-4
353 5.97116524304135E-4
1593 5.97116524304135E-4
2597 5.97116524304135E-4
5524 5.97116524304135E-4
373156 5.97116524304135E-4
54664 5.97116524304135E-4
4490 5.97116524304135E-4
1440 5.97116524304135E-4
4359 5.97116524304135E-4
5478 5.97116524304135E-4
3782 5.97116524304135E-4
4695 5.97116524304135E-4
3630 5.97116524304135E-4
5376 5.97116524304135E-4
3488 5.97116524304135E-4
3276 5.97116524304135E-4
4313 5.97116524304135E-4
3791 5.97116524304135E-4
5443 5.97116524304135E-4
2617 5.97116524304135E-4
26353 5.97116524304135E-4
8184 2.98558262152068E-4
8988 2.98558262152068E-4
831 2.98558262152068E-4
8317 2.98558262152068E-4
3316 2.98558262152068E-4
10249 2.98558262152068E-4
84271 2.98558262152068E-4
339345 2.98558262152068E-4
1029 2.98558262152068E-4
83478 2.98558262152068E-4
338386 2.98558262152068E-4
22926 2.98558262152068E-4
2245 2.98558262152068E-4
3312 2.98558262152068E-4
2215 2.98558262152068E-4
2214 2.98558262152068E-4
7802 2.98558262152068E-4
1051 2.98558262152068E-4
7515 2.98558262152068E-4
207 2.98558262152068E-4
355 2.98558262152068E-4
3565 2.98558262152068E-4
1052 2.98558262152068E-4
7402 2.98558262152068E-4
3569 2.98558262152068E-4
7417 2.98558262152068E-4
7416 2.98558262152068E-4
79109 2.98558262152068E-4
2158 2.98558262152068E-4
105 2.98558262152068E-4
7984 2.98558262152068E-4
343170 2.98558262152068E-4
8034 2.98558262152068E-4
1032 2.98558262152068E-4
41 2.98558262152068E-4
10371 2.98558262152068E-4
3437 2.98558262152068E-4
8021 2.98558262152068E-4
2185 2.98558262152068E-4
10407 2.98558262152068E-4
79969 2.98558262152068E-4
10462 2.98558262152068E-4
10569 2.98558262152068E-4
8449 2.98558262152068E-4
846 2.98558262152068E-4
9527 2.98558262152068E-4
27158 2.98558262152068E-4
9463 2.98558262152068E-4
9332 2.98558262152068E-4
27319 2.98558262152068E-4
2768 2.98558262152068E-4
246778 2.98558262152068E-4
240 2.98558262152068E-4
23523 2.98558262152068E-4
92140 2.98558262152068E-4
2878 2.98558262152068E-4
28809 2.98558262152068E-4
9536 2.98558262152068E-4
27087 2.98558262152068E-4
25976 2.98558262152068E-4
1 2.98558262152068E-4
9939 2.98558262152068E-4
9896 2.98558262152068E-4
26206 2.98558262152068E-4
9879 2.98558262152068E-4
10013 2.98558262152068E-4
9759 2.98558262152068E-4
25759 2.98558262152068E-4
2674 2.98558262152068E-4
9615 2.98558262152068E-4
27035 2.98558262152068E-4
9197 2.98558262152068E-4
23408 2.98558262152068E-4
9131 2.98558262152068E-4
30833 2.98558262152068E-4
100506658 2.98558262152068E-4
8562 2.98558262152068E-4
3163 2.98558262152068E-4
100506746 2.98558262152068E-4
3178 2.98558262152068E-4
3181 2.98558262152068E-4
10134 2.98558262152068E-4
22933 2.98558262152068E-4
10200 2.98558262152068E-4
3272 2.98558262152068E-4
5555 2.98558262152068E-4
8740 2.98558262152068E-4
875 2.98558262152068E-4
10019 2.98558262152068E-4
2902 2.98558262152068E-4
2332 2.98558262152068E-4
23304 2.98558262152068E-4
2328 2.98558262152068E-4
29855 2.98558262152068E-4
23038 2.98558262152068E-4
29997 2.98558262152068E-4
8874 2.98558262152068E-4
8856 2.98558262152068E-4
8851 2.98558262152068E-4
3073 2.98558262152068E-4
84516 2.98558262152068E-4
63826 2.98558262152068E-4
5979 2.98558262152068E-4
5967 2.98558262152068E-4
5047 2.98558262152068E-4
120892 2.98558262152068E-4
151112 2.98558262152068E-4
5074 2.98558262152068E-4
50999 2.98558262152068E-4
5111 2.98558262152068E-4
1268 2.98558262152068E-4
1271 2.98558262152068E-4
128372 2.98558262152068E-4
5126 2.98558262152068E-4
4891 2.98558262152068E-4
6048 2.98558262152068E-4
60491 2.98558262152068E-4
114769 2.98558262152068E-4
114798 2.98558262152068E-4
6331 2.98558262152068E-4
114799 2.98558262152068E-4
4781 2.98558262152068E-4
4782 2.98558262152068E-4
6272 2.98558262152068E-4
4784 2.98558262152068E-4
6241 2.98558262152068E-4
116 2.98558262152068E-4
619279 2.98558262152068E-4
4804 2.98558262152068E-4
146713 2.98558262152068E-4
5732 2.98558262152068E-4
54464 2.98558262152068E-4
5465 2.98558262152068E-4
5595 2.98558262152068E-4
54732 2.98558262152068E-4
54933 2.98558262152068E-4
55074 2.98558262152068E-4
5554 2.98558262152068E-4
55511 2.98558262152068E-4
3087 2.98558262152068E-4
55437 2.98558262152068E-4
55288 2.98558262152068E-4
55308 2.98558262152068E-4
56241 2.98558262152068E-4
146 2.98558262152068E-4
56259 2.98558262152068E-4
573 2.98558262152068E-4
51561 2.98558262152068E-4
51742 2.98558262152068E-4
5716 2.98558262152068E-4
5176 2.98558262152068E-4
57084 2.98558262152068E-4
1464 2.98558262152068E-4
5371 2.98558262152068E-4
54209 2.98558262152068E-4
1384 2.98558262152068E-4
5660 2.98558262152068E-4
56341 2.98558262152068E-4
55294 2.98558262152068E-4
113451 2.98558262152068E-4
7352 2.98558262152068E-4
7126 2.98558262152068E-4
3892 2.98558262152068E-4
7122 2.98558262152068E-4
1951 2.98558262152068E-4
7082 2.98558262152068E-4
1950 2.98558262152068E-4
7077 2.98558262152068E-4
1809 2.98558262152068E-4
7072 2.98558262152068E-4
7042 2.98558262152068E-4
7019 2.98558262152068E-4
10899 2.98558262152068E-4
3887 2.98558262152068E-4
1956 2.98558262152068E-4
7145 2.98558262152068E-4
7341 2.98558262152068E-4
2066 2.98558262152068E-4
2043 2.98558262152068E-4
3700 2.98558262152068E-4
3766 2.98558262152068E-4
729230 2.98558262152068E-4
3776 2.98558262152068E-4
7272 2.98558262152068E-4
7214 2.98558262152068E-4
3872 2.98558262152068E-4
7161 2.98558262152068E-4
10747 2.98558262152068E-4
6898 2.98558262152068E-4
3934 2.98558262152068E-4
4190 2.98558262152068E-4
1103 2.98558262152068E-4
4287 2.98558262152068E-4
11076 2.98558262152068E-4
11126 2.98558262152068E-4
6469 2.98558262152068E-4
4513 2.98558262152068E-4
4709 2.98558262152068E-4
11237 2.98558262152068E-4
112399 2.98558262152068E-4
64326 2.98558262152068E-4
4774 2.98558262152068E-4
653423 2.98558262152068E-4
66008 2.98558262152068E-4
11019 2.98558262152068E-4
6869 2.98558262152068E-4
6863 2.98558262152068E-4
6783 2.98558262152068E-4
6741 2.98558262152068E-4
10908 2.98558262152068E-4
1649 2.98558262152068E-4
4055 2.98558262152068E-4
10963 2.98558262152068E-4
406989 2.98558262152068E-4
4082 2.98558262152068E-4
1610 2.98558262152068E-4
10971 2.98558262152068E-4
11334 2.98558262152068E-4
