1861 0.382837882731046
2643 0.343994915383985
55145 0.31645374709086
7054 0.31173553913065
478 0.305802715370513
8575 0.304011365797601
60 0.30251857448684
25792 0.300298558262152
6342 0.300298558262152
2774 0.300298558262152
84947 0.300298558262152
1565 0.3
1137 0.3
85300 0.100597116524304
493 0.1
8910 0.0274263692298821
5071 0.00904851477128168
6445 0.00689988270199407
80025 0.00623138202228917
3242 0.00567260698088929
4036 0.00537404871873722
23263 0.00537404871873722
1813 0.00520559884620906
1678 0.00490704058405699
6872 0.00447837393228102
27348 0.00404705787530117
170302 0.00401136579760079
773 0.00341424927329665
4204 0.00311569101114458
4537 0.00311569101114458
79152 0.00311569101114458
8398 0.00298558262152068
1356 0.00281713274899252
4535 0.00281713274899252
60491 0.00268702435936861
54840 0.00251857448684045
2644 0.00251857448684045
2512 0.00251857448684045
4541 0.00238846609721654
667 0.00179134957291241
7936 0.00179134957291241
1800 0.00149279131076034
1866 0.00149279131076034
2639 0.00119423304860827
92170 0.00119423304860827
10054 8.95674786456203E-4
317714 8.95674786456203E-4
100329167 8.95674786456203E-4
351 8.95674786456203E-4
10382 8.95674786456203E-4
3918 8.95674786456203E-4
8086 8.95674786456203E-4
7080 8.95674786456203E-4
1917 8.95674786456203E-4
112476 8.95674786456203E-4
7504 8.95674786456203E-4
55532 8.95674786456203E-4
1437 8.95674786456203E-4
4287 5.97116524304135E-4
5582 5.97116524304135E-4
4061 5.97116524304135E-4
3120 5.97116524304135E-4
627 5.97116524304135E-4
6334 5.97116524304135E-4
50818 5.97116524304135E-4
6310 5.97116524304135E-4
6908 5.97116524304135E-4
6311 5.97116524304135E-4
65018 5.97116524304135E-4
6513 5.97116524304135E-4
3073 5.97116524304135E-4
23230 5.97116524304135E-4
23400 5.97116524304135E-4
3106 5.97116524304135E-4
3119 5.97116524304135E-4
163590 5.97116524304135E-4
3126 5.97116524304135E-4
8803 5.97116524304135E-4
25953 5.97116524304135E-4
1621 5.97116524304135E-4
63982 2.98558262152068E-4
7979 2.98558262152068E-4
84660 2.98558262152068E-4
7178 2.98558262152068E-4
8473 2.98558262152068E-4
8851 2.98558262152068E-4
920 2.98558262152068E-4
93953 2.98558262152068E-4
93983 2.98558262152068E-4
79005 2.98558262152068E-4
6468 2.98558262152068E-4
717 2.98558262152068E-4
7187 2.98558262152068E-4
7204 2.98558262152068E-4
7166 2.98558262152068E-4
7248 2.98558262152068E-4
7274 2.98558262152068E-4
728378 2.98558262152068E-4
7369 2.98558262152068E-4
663 2.98558262152068E-4
6535 2.98558262152068E-4
6531 2.98558262152068E-4
7531 2.98558262152068E-4
767 2.98558262152068E-4
9699 2.98558262152068E-4
6286 2.98558262152068E-4
100534012 2.98558262152068E-4
203 2.98558262152068E-4
207 2.98558262152068E-4
23451 2.98558262152068E-4
2395 2.98558262152068E-4
26092 2.98558262152068E-4
27235 2.98558262152068E-4
2736 2.98558262152068E-4
283989 2.98558262152068E-4
290 2.98558262152068E-4
2934 2.98558262152068E-4
1760 2.98558262152068E-4
1741 2.98558262152068E-4
171023 2.98558262152068E-4
10134 2.98558262152068E-4
10728 2.98558262152068E-4
10972 2.98558262152068E-4
11152 2.98558262152068E-4
11319 2.98558262152068E-4
120892 2.98558262152068E-4
13 2.98558262152068E-4
1392 2.98558262152068E-4
1487 2.98558262152068E-4
1629 2.98558262152068E-4
3054 2.98558262152068E-4
3064 2.98558262152068E-4
4843 2.98558262152068E-4
4868 2.98558262152068E-4
490 2.98558262152068E-4
5048 2.98558262152068E-4
5053 2.98558262152068E-4
5160 2.98558262152068E-4
5428 2.98558262152068E-4
54790 2.98558262152068E-4
5663 2.98558262152068E-4
57554 2.98558262152068E-4
4842 2.98558262152068E-4
472 2.98558262152068E-4
4710 2.98558262152068E-4
3105 2.98558262152068E-4
3123 2.98558262152068E-4
3312 2.98558262152068E-4
338399 2.98558262152068E-4
348 2.98558262152068E-4
4137 2.98558262152068E-4
4356 2.98558262152068E-4
445 2.98558262152068E-4
4513 2.98558262152068E-4
100216344 2.98558262152068E-4
6237 2.98558262152068E-4
