1756 0.387324004702347
3908 0.328638335624605
1291 0.313488547220658
2218 0.313001156334659
57190 0.30772417333305
825 0.0289852458856355
1605 0.0268319021107818
8291 0.0235094197442048
79147 0.023506770339001
7439 0.0232875444478613
4000 0.019628162336228
1292 0.0103728562095139
1293 0.0100742979473618
5339 0.00895674786456203
2010 0.00699694841912146
55624 0.00656563236214162
859 0.00639983189481733
10585 0.00553984918606151
6442 0.00537404871873722
2489 0.00537404871873722
29954 0.0046441743996053
1760 0.00447837393228102
9215 0.00434561613745324
8082 0.00430992405975285
6445 0.00417981567012895
22947 0.00404705787530117
28509 0.00328414088367274
3679 0.00311569101114458
301 0.00311569101114458
22954 0.00311569101114458
358 0.00281713274899252
302 0.00281713274899252
1490 0.00281713274899252
361 0.00281713274899252
6444 0.00268702435936861
6443 0.00268702435936861
6046 0.00268702435936861
23224 0.00251857448684045
23345 0.00251857448684045
1218 0.00251857448684045
6473 0.00251857448684045
1837 0.00251857448684045
10468 0.00251857448684045
6606 0.00251857448684045
7402 0.00238846609721654
203859 0.00238846609721654
1674 0.00208990783506447
2660 0.00208990783506447
27335 0.00179134957291241
2483 0.00149279131076034
493829 0.00149279131076034
4151 0.00119423304860827
27259 0.00119423304860827
2273 0.00119423304860827
28508 0.00119423304860827
9499 0.00119423304860827
3479 0.00119423304860827
3133 0.00119423304860827
3075 0.00119423304860827
7555 0.00119423304860827
7273 0.00119423304860827
2318 8.95674786456203E-4
9856 8.95674786456203E-4
8557 8.95674786456203E-4
8106 8.95674786456203E-4
284119 8.95674786456203E-4
728410 5.97116524304135E-4
653543 5.97116524304135E-4
653548 5.97116524304135E-4
9531 5.97116524304135E-4
653544 5.97116524304135E-4
673 5.97116524304135E-4
5286 5.97116524304135E-4
83548 5.97116524304135E-4
4703 5.97116524304135E-4
653545 5.97116524304135E-4
100288289 5.97116524304135E-4
146 5.97116524304135E-4
26509 5.97116524304135E-4
2656 5.97116524304135E-4
100653046 5.97116524304135E-4
1119 5.97116524304135E-4
7187 2.98558262152068E-4
7203 2.98558262152068E-4
133584 2.98558262152068E-4
128408 2.98558262152068E-4
120071 2.98558262152068E-4
115908 2.98558262152068E-4
7499 2.98558262152068E-4
7013 2.98558262152068E-4
65018 2.98558262152068E-4
1789 2.98558262152068E-4
169044 2.98558262152068E-4
1464 2.98558262152068E-4
682 2.98558262152068E-4
142 2.98558262152068E-4
6647 2.98558262152068E-4
6693 2.98558262152068E-4
1410 2.98558262152068E-4
190 2.98558262152068E-4
10804 2.98558262152068E-4
8813 2.98558262152068E-4
8815 2.98558262152068E-4
8818 2.98558262152068E-4
8878 2.98558262152068E-4
8910 2.98558262152068E-4
10105 2.98558262152068E-4
9242 2.98558262152068E-4
10076 2.98558262152068E-4
101927655 2.98558262152068E-4
101929889 2.98558262152068E-4
8553 2.98558262152068E-4
100288255 2.98558262152068E-4
10657 2.98558262152068E-4
10644 2.98558262152068E-4
10522 2.98558262152068E-4
8425 2.98558262152068E-4
84557 2.98558262152068E-4
84687 2.98558262152068E-4
84892 2.98558262152068E-4
11155 2.98558262152068E-4
30008 2.98558262152068E-4
4041 2.98558262152068E-4
4153 2.98558262152068E-4
4318 2.98558262152068E-4
448831 2.98558262152068E-4
4566 2.98558262152068E-4
4864 2.98558262152068E-4
26151 2.98558262152068E-4
5054 2.98558262152068E-4
2706 2.98558262152068E-4
2710 2.98558262152068E-4
3700 2.98558262152068E-4
3096 2.98558262152068E-4
29925 2.98558262152068E-4
3312 2.98558262152068E-4
2965 2.98558262152068E-4
3483 2.98558262152068E-4
291 2.98558262152068E-4
290 2.98558262152068E-4
282552 2.98558262152068E-4
51164 2.98558262152068E-4
51312 2.98558262152068E-4
51393 2.98558262152068E-4
5829 2.98558262152068E-4
5967 2.98558262152068E-4
24148 2.98558262152068E-4
6048 2.98558262152068E-4
633 2.98558262152068E-4
23636 2.98558262152068E-4
2157 2.98558262152068E-4
2023 2.98558262152068E-4
57554 2.98558262152068E-4
2548 2.98558262152068E-4
55906 2.98558262152068E-4
5250 2.98558262152068E-4
27306 2.98558262152068E-4
26092 2.98558262152068E-4
54344 2.98558262152068E-4
5481 2.98558262152068E-4
5553 2.98558262152068E-4
257641 2.98558262152068E-4
5585 2.98558262152068E-4
201254 2.98558262152068E-4
