2706 0.14
10804 0.0598768657928961
5172 0.0589481483339434
2707 0.0291920372410679
4574 0.0143968819282923
100128922 0.0119423304860827
7349 0.00985242265101823
9381 0.00985242265101823
4647 0.00955386438886617
64072 0.00835963134025789
9132 0.00835963134025789
7466 0.00822687354543012
375611 0.00809411575060234
117531 0.00716539829164962
6532 0.00689988270199407
51168 0.00686684002949756
5456 0.00686684002949756
10205 0.00567260698088929
64699 0.00567260698088929
2697 0.00553984918606151
23562 0.00553984918606151
1690 0.00537404871873722
7007 0.00477693219443308
4627 0.00477693219443308
6648 0.0046441743996053
2944 0.0046441743996053
4524 0.0046441743996053
2138 0.00447837393228102
7399 0.00447837393228102
4646 0.00447837393228102
5730 0.00417981567012895
6647 0.00404705787530117
551 0.00388125740797688
6783 0.0037484996131491
4566 0.0037484996131491
5743 0.0037484996131491
7368 0.0037484996131491
4567 0.0037484996131491
65217 0.00358269914582481
491 0.00358269914582481
4549 0.00358269914582481
56649 0.00358269914582481
71 0.00358269914582481
54577 0.00344994135099703
1580 0.00344994135099703
54490 0.00344994135099703
1579 0.00344994135099703
1719 0.00344994135099703
54580 0.00344994135099703
1545 0.00344994135099703
54576 0.00344994135099703
54579 0.00344994135099703
54575 0.00344994135099703
54578 0.00344994135099703
151246 0.00344994135099703
1582 0.00344994135099703
1806 0.00344994135099703
2312 0.00344994135099703
23173 0.00344994135099703
2327 0.00344994135099703
2328 0.00344994135099703
2329 0.00344994135099703
2330 0.00344994135099703
2948 0.00344994135099703
27284 0.00344994135099703
316 0.00344994135099703
3176 0.00344994135099703
183 0.00344994135099703
1906 0.00344994135099703
2947 0.00344994135099703
1969 0.00344994135099703
2326 0.00344994135099703
2151 0.00344994135099703
4049 0.00344994135099703
388714 0.00344994135099703
26146 0.00344994135099703
7363 0.00344994135099703
8856 0.00344994135099703
8659 0.00344994135099703
8647 0.00344994135099703
10057 0.00344994135099703
7498 0.00344994135099703
127 0.00344994135099703
126 0.00344994135099703
125 0.00344994135099703
1185 0.00344994135099703
6565 0.00344994135099703
6566 0.00344994135099703
2052 0.00344994135099703
6819 0.00344994135099703
10941 0.00344994135099703
10720 0.00344994135099703
7366 0.00344994135099703
7124 0.00344994135099703
57404 0.00344994135099703
5796 0.00344994135099703
131 0.00344994135099703
978 0.00344994135099703
5468 0.00344994135099703
54659 0.00344994135099703
54658 0.00344994135099703
54657 0.00344994135099703
54600 0.00344994135099703
100126572 0.00344994135099703
10788 0.00344994135099703
9435 0.00344994135099703
8884 0.00344994135099703
128 0.00344994135099703
9429 0.00344994135099703
1678 0.00328414088367274
4286 0.00298558262152068
55636 0.00298558262152068
55143 0.00298558262152068
1687 0.00298558262152068
10083 0.00298558262152068
10383 0.00268702435936861
3784 0.00268702435936861
3753 0.00268702435936861
4760 0.00268702435936861
10560 0.00238846609721654
7401 0.00238846609721654
3630 0.00238846609721654
1287 0.00238846609721654
25861 0.00238846609721654
525 0.00238846609721654
5459 0.00238846609721654
126326 0.00208990783506447
494513 0.00208990783506447
79784 0.00208990783506447
1302 0.00208990783506447
29 0.00208990783506447
2625 0.00208990783506447
2070 0.00208990783506447
6663 0.00179134957291241
127534 0.00179134957291241
1729 0.00149279131076034
5376 0.00149279131076034
4359 0.00149279131076034
55687 0.00149279131076034
4624 0.00149279131076034
222662 0.00149279131076034
259236 0.00149279131076034
5077 0.00149279131076034
286262 0.00119423304860827
5631 0.00119423304860827
9968 0.00119423304860827
2952 0.00119423304860827
1278 0.00119423304860827
389207 0.00119423304860827
7393 0.00119423304860827
4535 0.00119423304860827
57644 0.00119423304860827
349149 0.00119423304860827
3308 0.00119423304860827
493 0.00119423304860827
7809 0.00119423304860827
84059 0.00119423304860827
4976 0.00119423304860827
29899 0.00119423304860827
4512 0.00119423304860827
10743 0.00119423304860827
10625 0.00119423304860827
1312 0.00119423304860827
246213 0.00119423304860827
2248 0.00119423304860827
10989 0.00119423304860827
153562 0.00119423304860827
2489 0.00119423304860827
328 8.95674786456203E-4
150677 8.95674786456203E-4
1428 8.95674786456203E-4
5962 8.95674786456203E-4
3479 8.95674786456203E-4
5827 8.95674786456203E-4
3342 8.95674786456203E-4
1277 8.95674786456203E-4
3198 8.95674786456203E-4
125336 8.95674786456203E-4
22989 8.95674786456203E-4
161497 8.95674786456203E-4
4538 8.95674786456203E-4
1834 8.95674786456203E-4
1786 8.95674786456203E-4
4907 8.95674786456203E-4
4542 8.95674786456203E-4
407053 8.95674786456203E-4
51106 8.95674786456203E-4
220074 8.95674786456203E-4
221823 8.95674786456203E-4
1694 8.95674786456203E-4
1680 8.95674786456203E-4
53904 8.95674786456203E-4
3766 8.95674786456203E-4
6103 8.95674786456203E-4
4036 8.95674786456203E-4
27306 8.95674786456203E-4
2705 8.95674786456203E-4
10518 8.95674786456203E-4
831 8.95674786456203E-4
83715 8.95674786456203E-4
7172 8.95674786456203E-4
23676 8.95674786456203E-4
10849 8.95674786456203E-4
26059 8.95674786456203E-4
6495 8.95674786456203E-4
5205 5.97116524304135E-4
5226 5.97116524304135E-4
94142 5.97116524304135E-4
1950 5.97116524304135E-4
8201 5.97116524304135E-4
8170 5.97116524304135E-4
493901 5.97116524304135E-4
79977 5.97116524304135E-4
5428 5.97116524304135E-4
1705 5.97116524304135E-4
4762 5.97116524304135E-4
50617 5.97116524304135E-4
4771 5.97116524304135E-4
4790 5.97116524304135E-4
9077 5.97116524304135E-4
1797 5.97116524304135E-4
10134 5.97116524304135E-4
8803 5.97116524304135E-4
8731 5.97116524304135E-4
4640 5.97116524304135E-4
171558 5.97116524304135E-4
85507 5.97116524304135E-4
54362 5.97116524304135E-4
5445 5.97116524304135E-4
79811 5.97116524304135E-4
57167 5.97116524304135E-4
1188 5.97116524304135E-4
695 5.97116524304135E-4
11078 5.97116524304135E-4
57465 5.97116524304135E-4
5801 5.97116524304135E-4
11133 5.97116524304135E-4
114548 5.97116524304135E-4
59330 5.97116524304135E-4
6520 5.97116524304135E-4
606719 5.97116524304135E-4
57153 5.97116524304135E-4
1301 5.97116524304135E-4
7291 5.97116524304135E-4
10397 5.97116524304135E-4
1768 5.97116524304135E-4
152137 5.97116524304135E-4
7555 5.97116524304135E-4
146183 5.97116524304135E-4
142683 5.97116524304135E-4
1403 5.97116524304135E-4
1391 5.97116524304135E-4
1351 5.97116524304135E-4
133482 5.97116524304135E-4
55315 5.97116524304135E-4
6183 5.97116524304135E-4
253827 5.97116524304135E-4
3569 5.97116524304135E-4
363 5.97116524304135E-4
373156 5.97116524304135E-4
374462 5.97116524304135E-4
2261 5.97116524304135E-4
3758 5.97116524304135E-4
3818 5.97116524304135E-4
388551 5.97116524304135E-4
2241 5.97116524304135E-4
22953 5.97116524304135E-4
340990 5.97116524304135E-4
3305 5.97116524304135E-4
26227 5.97116524304135E-4
246289 5.97116524304135E-4
23714 5.97116524304135E-4
2837 5.97116524304135E-4
2950 5.97116524304135E-4
26278 5.97116524304135E-4
3126 5.97116524304135E-4
25821 5.97116524304135E-4
3164 5.97116524304135E-4
3835 5.97116524304135E-4
2103 5.97116524304135E-4
448962 5.97116524304135E-4
2160 5.97116524304135E-4
2099 5.97116524304135E-4
4541 5.97116524304135E-4
4233 5.97116524304135E-4
100073349 5.97116524304135E-4
7299 2.98558262152068E-4
2862 2.98558262152068E-4
10728 2.98558262152068E-4
7287 2.98558262152068E-4
728378 2.98558262152068E-4
10699 2.98558262152068E-4
10657 2.98558262152068E-4
10644 2.98558262152068E-4
28508 2.98558262152068E-4
1033 2.98558262152068E-4
27289 2.98558262152068E-4
7802 2.98558262152068E-4
776 2.98558262152068E-4
4619 2.98558262152068E-4
755 2.98558262152068E-4
751609 2.98558262152068E-4
284129 2.98558262152068E-4
10519 2.98558262152068E-4
10558 2.98558262152068E-4
3908 2.98558262152068E-4
7276 2.98558262152068E-4
7204 2.98558262152068E-4
23636 2.98558262152068E-4
6922 2.98558262152068E-4
23607 2.98558262152068E-4
23560 2.98558262152068E-4
6687 2.98558262152068E-4
1119 2.98558262152068E-4
11258 2.98558262152068E-4
6616 2.98558262152068E-4
11261 2.98558262152068E-4
10972 2.98558262152068E-4
7038 2.98558262152068E-4
7082 2.98558262152068E-4
7178 2.98558262152068E-4
29091 2.98558262152068E-4
23713 2.98558262152068E-4
286676 2.98558262152068E-4
7113 2.98558262152068E-4
7099 2.98558262152068E-4
7097 2.98558262152068E-4
7084 2.98558262152068E-4
7083 2.98558262152068E-4
11331 2.98558262152068E-4
7979 2.98558262152068E-4
9992 2.98558262152068E-4
246319 2.98558262152068E-4
261734 2.98558262152068E-4
8878 2.98558262152068E-4
101929806 2.98558262152068E-4
8851 2.98558262152068E-4
8843 2.98558262152068E-4
192676 2.98558262152068E-4
1910 2.98558262152068E-4
87178 2.98558262152068E-4
101180907 2.98558262152068E-4
91624 2.98558262152068E-4
91869 2.98558262152068E-4
9990 2.98558262152068E-4
100271837 2.98558262152068E-4
100271924 2.98558262152068E-4
100359399 2.98558262152068E-4
100359400 2.98558262152068E-4
9424 2.98558262152068E-4
9414 2.98558262152068E-4
94009 2.98558262152068E-4
100653390 2.98558262152068E-4
8714 2.98558262152068E-4
10249 2.98558262152068E-4
819 2.98558262152068E-4
81793 2.98558262152068E-4
23723 2.98558262152068E-4
81624 2.98558262152068E-4
80975 2.98558262152068E-4
808 2.98558262152068E-4
805 2.98558262152068E-4
801 2.98558262152068E-4
23719 2.98558262152068E-4
26747 2.98558262152068E-4
26716 2.98558262152068E-4
8322 2.98558262152068E-4
10278 2.98558262152068E-4
6267 2.98558262152068E-4
84947 2.98558262152068E-4
84705 2.98558262152068E-4
847 2.98558262152068E-4
84196 2.98558262152068E-4
84189 2.98558262152068E-4
1032 2.98558262152068E-4
26281 2.98558262152068E-4
1869 2.98558262152068E-4
3586 2.98558262152068E-4
163183 2.98558262152068E-4
2247 2.98558262152068E-4
5444 2.98558262152068E-4
5443 2.98558262152068E-4
4885 2.98558262152068E-4
4975 2.98558262152068E-4
54106 2.98558262152068E-4
54084 2.98558262152068E-4
387597 2.98558262152068E-4
488 2.98558262152068E-4
3757 2.98558262152068E-4
4878 2.98558262152068E-4
55065 2.98558262152068E-4
1384 2.98558262152068E-4
361 2.98558262152068E-4
22856 2.98558262152068E-4
450095 2.98558262152068E-4
3703 2.98558262152068E-4
146059 2.98558262152068E-4
1476 2.98558262152068E-4
147912 2.98558262152068E-4
5300 2.98558262152068E-4
5269 2.98558262152068E-4
5100 2.98558262152068E-4
50964 2.98558262152068E-4
1706 2.98558262152068E-4
405754 2.98558262152068E-4
50508 2.98558262152068E-4
412 2.98558262152068E-4
1750 2.98558262152068E-4
1749 2.98558262152068E-4
4204 2.98558262152068E-4
4057 2.98558262152068E-4
51164 2.98558262152068E-4
170508 2.98558262152068E-4
3161 2.98558262152068E-4
4041 2.98558262152068E-4
51802 2.98558262152068E-4
5173 2.98558262152068E-4
2195 2.98558262152068E-4
51599 2.98558262152068E-4
51520 2.98558262152068E-4
51475 2.98558262152068E-4
51310 2.98558262152068E-4
4935 2.98558262152068E-4
1778 2.98558262152068E-4
113877 2.98558262152068E-4
182 2.98558262152068E-4
6237 2.98558262152068E-4
6205 2.98558262152068E-4
3082 2.98558262152068E-4
2086 2.98558262152068E-4
23038 2.98558262152068E-4
4519 2.98558262152068E-4
2299 2.98558262152068E-4
3249 2.98558262152068E-4
627 2.98558262152068E-4
6331 2.98558262152068E-4
6347 2.98558262152068E-4
23554 2.98558262152068E-4
6521 2.98558262152068E-4
2965 2.98558262152068E-4
6500 2.98558262152068E-4
23395 2.98558262152068E-4
117155 2.98558262152068E-4
646951 2.98558262152068E-4
64423 2.98558262152068E-4
30816 2.98558262152068E-4
124590 2.98558262152068E-4
125111 2.98558262152068E-4
56616 2.98558262152068E-4
348 2.98558262152068E-4
5621 2.98558262152068E-4
55749 2.98558262152068E-4
474285 2.98558262152068E-4
1326 2.98558262152068E-4
55624 2.98558262152068E-4
55605 2.98558262152068E-4
353347 2.98558262152068E-4
1286 2.98558262152068E-4
342184 2.98558262152068E-4
4703 2.98558262152068E-4
57619 2.98558262152068E-4
57478 2.98558262152068E-4
326 2.98558262152068E-4
4693 2.98558262152068E-4
331 2.98558262152068E-4
1280 2.98558262152068E-4
57214 2.98558262152068E-4
57192 2.98558262152068E-4
5719 2.98558262152068E-4
55283 2.98558262152068E-4
