7507 0.31740814611154
5429 0.315746904928251
2068 0.0314020429497825
404672 0.0277659183801423
7376 0.026273127069382
7508 0.0239380863959808
2071 0.0144965970506235
7157 0.0124066892155591
2073 0.00819118146772973
728340 0.00567260698088929
730394 0.00567260698088929
2967 0.00567260698088929
2966 0.00567260698088929
2965 0.00567260698088929
1643 0.00520559884620906
2968 0.00507549045658515
2072 0.00358269914582481
1069 0.00251857448684045
5886 0.00251857448684045
6608 0.00251857448684045
6996 0.00251857448684045
847 0.00238846609721654
10721 0.00208990783506447
7515 0.00179134957291241
2067 0.00179134957291241
27102 0.00149279131076034
9034 0.00149279131076034
2737 0.00149279131076034
387521 0.00149279131076034
6239 0.00149279131076034
26239 0.00149279131076034
387522 0.00149279131076034
80818 0.00149279131076034
284390 0.00149279131076034
7335 0.00149279131076034
1443 0.00149279131076034
1442 0.00149279131076034
148266 0.00149279131076034
54535 0.00149279131076034
56242 0.00149279131076034
23361 0.00149279131076034
5727 0.00119423304860827
3251 0.00119423304860827
3981 0.00119423304860827
9455 0.00119423304860827
1362 0.00119423304860827
101243544 0.00119423304860827
267004 0.00119423304860827
2074 0.00119423304860827
10379 8.95674786456203E-4
51379 8.95674786456203E-4
284131 8.95674786456203E-4
641 8.95674786456203E-4
6767 8.95674786456203E-4
2720 8.95674786456203E-4
6469 8.95674786456203E-4
1642 5.97116524304135E-4
79968 5.97116524304135E-4
5728 5.97116524304135E-4
3265 5.97116524304135E-4
2642 5.97116524304135E-4
10249 5.97116524304135E-4
5599 5.97116524304135E-4
1666 5.97116524304135E-4
338340 5.97116524304135E-4
1384 5.97116524304135E-4
10989 5.97116524304135E-4
2521 5.97116524304135E-4
7248 2.98558262152068E-4
207 2.98558262152068E-4
1719 2.98558262152068E-4
7046 2.98558262152068E-4
2176 2.98558262152068E-4
6847 2.98558262152068E-4
677775 2.98558262152068E-4
23038 2.98558262152068E-4
6757 2.98558262152068E-4
672 2.98558262152068E-4
2353 2.98558262152068E-4
2354 2.98558262152068E-4
641648 2.98558262152068E-4
727837 2.98558262152068E-4
190 2.98558262152068E-4
7298 2.98558262152068E-4
8021 2.98558262152068E-4
80196 2.98558262152068E-4
83990 2.98558262152068E-4
79084 2.98558262152068E-4
1113 2.98558262152068E-4
10561 2.98558262152068E-4
1594 2.98558262152068E-4
8517 2.98558262152068E-4
7421 2.98558262152068E-4
4312 2.98558262152068E-4
8635 2.98558262152068E-4
1029 2.98558262152068E-4
920 2.98558262152068E-4
1081 2.98558262152068E-4
64084 2.98558262152068E-4
5327 2.98558262152068E-4
5053 2.98558262152068E-4
501 2.98558262152068E-4
4953 2.98558262152068E-4
4869 2.98558262152068E-4
4763 2.98558262152068E-4
472 2.98558262152068E-4
467 2.98558262152068E-4
4484 2.98558262152068E-4
348 2.98558262152068E-4
3492 2.98558262152068E-4
3495 2.98558262152068E-4
3978 2.98558262152068E-4
3930 2.98558262152068E-4
3725 2.98558262152068E-4
3727 2.98558262152068E-4
545 2.98558262152068E-4
2944 2.98558262152068E-4
60675 2.98558262152068E-4
6066 2.98558262152068E-4
6060 2.98558262152068E-4
59342 2.98558262152068E-4
26871 2.98558262152068E-4
58529 2.98558262152068E-4
58190 2.98558262152068E-4
27306 2.98558262152068E-4
5724 2.98558262152068E-4
5706 2.98558262152068E-4
3066 2.98558262152068E-4
3082 2.98558262152068E-4
55916 2.98558262152068E-4
55672 2.98558262152068E-4
3726 2.98558262152068E-4
