4297 0.39964135103092
7490 0.340825798949025
2944 0.33946517832825
3717 0.324009470551382
3558 0.314162346710771
5781 0.313993896838243
595 0.311676814896427
5728 0.309515522905962
2078 0.30819118146773
8743 0.30819118146773
4255 0.30626707409999
23532 0.305802715370513
8837 0.305335707235833
2099 0.30149279131076
3240 0.300895674786456
330 0.300895674786456
55904 0.300895674786456
367 0.300597116524304
7153 0.300597116524304
9446 0.300597116524304
2246 0.300298558262152
329 0.300298558262152
54541 0.300298558262152
55512 0.300298558262152
8202 0.300298558262152
8877 0.300298558262152
10848 0.3
2305 0.3
366 0.3
5590 0.3
572 0.3
861 0.104678500004601
2322 0.096966599664479
25 0.0735242392983588
7157 0.0649653778900302
2120 0.0515355549035949
4524 0.0499834522537697
613 0.0476873401681146
5243 0.0474905593286559
5371 0.045446715806637
862 0.0454342812709297
3105 0.0430248453175525
3106 0.0397407044338798
947 0.0376183410311605
3123 0.0365893213450348
7172 0.0322437052075816
596 0.0300750521063465
4851 0.0291767279146864
2952 0.0291510463529597
1728 0.0255353045346384
1029 0.0244791280912657
920 0.0241832192343175
4299 0.0233793113545809
5914 0.0223151866955966
7422 0.0222768452126923
1543 0.021559630814738
7298 0.0212967646302863
1437 0.0204320702159645
3815 0.0204294208107606
472 0.0201639052211051
4353 0.0200337968314812
1577 0.0197682812418256
7124 0.018770829032676
4869 0.0182094045860723
6520 0.0179134957291241
930 0.0172780377219157
925 0.0167192626805158
1030 0.0165481634027838
2122 0.0160838046733074
1027 0.0159127053955754
2187 0.0158235878940596
1026 0.0150170306091192
7704 0.0145883639573432
4170 0.014292455100395
8301 0.0142541136174907
3811 0.0138968311211155
3119 0.0137997654039881
6929 0.013565230186467
7515 0.0134655150641357
4292 0.0131312647242832
3126 0.0130038057398632
4193 0.0129654642569589
1440 0.0128380052725389
4300 0.0128380052725389
3976 0.0127996637896347
8028 0.0127996637896347
921 0.012536797605183
581 0.0124984561222787
7535 0.0124627640445783
3586 0.0123683477326548
4298 0.0122025472653305
952 0.0122025472653305
3107 0.0121411736259035
3569 0.0120724388757066
945 0.0120340973928024
4629 0.0118095726912549
1576 0.0115440571015994
3077 0.011508365023899
3492 0.0113782566342751
3205 0.0113452139617786
4609 0.0113452139617786
2623 0.0111767640892504
332 0.0103728562095139
1571 0.0103498240529911
28 0.0103141319752907
2317 0.0101509809131703
6343 0.0101509809131703
1616 0.0100742979473618
5879 0.0100742979473618
5027 0.0100155737131386
5888 0.0100155737131386
4928 0.00998253104064214
4683 0.00997988163543827
1385 0.00994418955773789
4790 0.00994418955773789
3565 0.00984977324581436
7852 0.00981408116811398
3810 0.00971701545098658
7421 0.00971701545098658
1050 0.00968397277849007
10153 0.00955386438886617
23158 0.00955386438886617
4552 0.00941845718883451
207 0.00921696464380984
4684 0.00908685625418594
2523 0.00895674786456203
5594 0.00891840638165778
4547 0.00865818960240996
6774 0.00861984811950571
865 0.00852543180758218
328 0.00848709032467793
1236 0.00835963134025789
2272 0.00832128985735364
3458 0.00822687354543012
4005 0.00819118146772973
9961 0.00815283998482548
2950 0.00809411575060234
7015 0.00802273159520157
4221 0.00789262320557767
85363 0.00785428172267341
1387 0.00772417333304951
3757 0.0075940649434256
5087 0.0075940649434256
6688 0.0075940649434256
100310785 0.00746395655380169
2125 0.00746395655380169
923 0.00746395655380169
10320 0.00746130714859782
5777 0.00742561507089744
54790 0.00733119875897391
6886 0.00729550668127353
100132285 0.00719844096414613
3802 0.00719844096414613
3804 0.00719844096414613
3809 0.00719844096414613
57292 0.00719844096414613
7517 0.00719844096414613
30816 0.00716539829164962
3195 0.00699694841912146
836 0.00699694841912146
8842 0.00699694841912146
3805 0.00689988270199407
3812 0.00689988270199407
3813 0.00689988270199407
554300 0.00689988270199407
6648 0.00689988270199407
3133 0.00686684002949756
4311 0.00686684002949756
4436 0.00686419062429368
3561 0.0066983901569694
8115 0.0066983901569694
1822 0.00656828176734549
3562 0.00656828176734549
10550 0.00656563236214162
1565 0.00656563236214162
1636 0.00656563236214162
2068 0.00656563236214162
4211 0.00639983189481733
5294 0.00639983189481733
7248 0.00626972350519342
924 0.00626972350519342
2057 0.00623138202228917
6777 0.00610127363266526
1432 0.0059328237601371
4830 0.0059328237601371
63976 0.0059328237601371
1719 0.00583840744821357
290 0.00580271537051319
3559 0.00580271537051319
4763 0.00580271537051319
7994 0.00580271537051319
171017 0.00563426549798503
3091 0.00563426549798503
356 0.00563426549798503
5972 0.00563426549798503
7161 0.00563426549798503
3197 0.00550415710836112
3845 0.00550415710836112
4352 0.00550415710836112
3918 0.00537404871873722
11200 0.00533570723583296
2247 0.00533570723583296
1633 0.00524129092390944
50943 0.00524129092390944
1441 0.00520559884620906
8021 0.00520559884620906
959 0.00520559884620906
3342 0.00507549045658515
3417 0.00507549045658515
611 0.00507549045658515
6281 0.00507549045658515
7974 0.00507549045658515
1958 0.0050371489736809
3164 0.0050371489736809
546 0.0050371489736809
80328 0.0050371489736809
898 0.0050371489736809
3115 0.00494273266175737
3662 0.00494273266175737
4437 0.00494273266175737
55294 0.00494273266175737
2130 0.00490704058405699
2475 0.00490704058405699
28514 0.00490704058405699
3131 0.00490704058405699
4602 0.00490704058405699
675 0.00490704058405699
100532731 0.00477693219443308
11261 0.00477693219443308
648 0.00477693219443308
8163 0.00477693219443308
84106 0.00477693219443308
10499 0.00460848232190492
2908 0.00460848232190492
3251 0.00460848232190492
3791 0.00460848232190492
5925 0.00460848232190492
6573 0.00460848232190492
863 0.00460848232190492
931 0.00460848232190492
943 0.00460848232190492
2669 0.00447837393228102
3418 0.00447837393228102
801 0.00447837393228102
805 0.00447837393228102
808 0.00447837393228102
2067 0.00434561613745324
3806 0.00434561613745324
1234 0.00430992405975285
3606 0.00430992405975285
5156 0.00430992405975285
5657 0.00430992405975285
6647 0.00430992405975285
8900 0.00430992405975285
11331 0.00417981567012895
5290 0.00417981567012895
9623 0.00417981567012895
7040 0.00404705787530117
142 0.00401136579760079
3159 0.00401136579760079
3308 0.00401136579760079
3576 0.00401136579760079
598 0.00401136579760079
6714 0.00401136579760079
8829 0.00401136579760079
10923 0.00388125740797688
11258 0.00388125740797688
118460 0.00388125740797688
1778 0.00388125740797688
3439 0.00388125740797688
3447 0.00388125740797688
8506 0.00388125740797688
8909 0.00388125740797688
3808 0.0037484996131491
6580 0.0037484996131491
7518 0.0037484996131491
84159 0.0037484996131491
847 0.0037484996131491
10 0.00371280753544872
1956 0.00371280753544872
2152 0.00371280753544872
3161 0.00371280753544872
3239 0.00371280753544872
355 0.00371280753544872
3934 0.00371280753544872
5599 0.00371280753544872
5894 0.00371280753544872
6402 0.00371280753544872
7799 0.00371280753544872
10573 0.00358269914582481
29107 0.00358269914582481
4254 0.00358269914582481
5291 0.00358269914582481
5293 0.00358269914582481
6776 0.00358269914582481
941 0.00358269914582481
9892 0.00358269914582481
9855 0.00344994135099703
1053 0.00344994135099703
1574 0.00344994135099703
1672 0.00344994135099703
2778 0.00344994135099703
3006 0.00344994135099703
3010 0.00344994135099703
3117 0.00344994135099703
3303 0.00344994135099703
3304 0.00344994135099703
3305 0.00344994135099703
3803 0.00344994135099703
4137 0.00344994135099703
4522 0.00344994135099703
4548 0.00344994135099703
54658 0.00344994135099703
548594 0.00344994135099703
553128 0.00344994135099703
56172 0.00344994135099703
64506 0.00344994135099703
7516 0.00344994135099703
1028 0.00341424927329665
2208 0.00341424927329665
2624 0.00341424927329665
3135 0.00341424927329665
3202 0.00341424927329665
3727 0.00341424927329665
4004 0.00341424927329665
4318 0.00341424927329665
545 0.00341424927329665
57379 0.00341424927329665
5897 0.00341424927329665
6781 0.00341424927329665
81608 0.00341424927329665
2048 0.00328414088367274
4363 0.00328414088367274
4893 0.00328414088367274
54474 0.00328414088367274
10524 0.00311569101114458
10673 0.00311569101114458
1511 0.00311569101114458
2176 0.00311569101114458
2321 0.00311569101114458
2678 0.00311569101114458
28996 0.00311569101114458
30012 0.00311569101114458
5071 0.00311569101114458
51744 0.00311569101114458
5468 0.00311569101114458
55363 0.00311569101114458
55859 0.00311569101114458
5800 0.00311569101114458
6672 0.00311569101114458
6717 0.00311569101114458
6733 0.00311569101114458
699 0.00311569101114458
7178 0.00311569101114458
8148 0.00311569101114458
8741 0.00311569101114458
8795 0.00311569101114458
8797 0.00311569101114458
891 0.00311569101114458
9141 0.00311569101114458
944 0.00311569101114458
3265 0.00298558262152068
3394 0.00298558262152068
4580 0.00298558262152068
4695 0.00298558262152068
56655 0.00298558262152068
57804 0.00298558262152068
929 0.00298558262152068
958 0.00298558262152068
10215 0.00281713274899252
113235 0.00281713274899252
1270 0.00281713274899252
1399 0.00281713274899252
1612 0.00281713274899252
1649 0.00281713274899252
182 0.00281713274899252
1910 0.00281713274899252
23569 0.00281713274899252
246 0.00281713274899252
2494 0.00281713274899252
27036 0.00281713274899252
285527 0.00281713274899252
286530 0.00281713274899252
29126 0.00281713274899252
3064 0.00281713274899252
3397 0.00281713274899252
351 0.00281713274899252
3560 0.00281713274899252
3688 0.00281713274899252
4691 0.00281713274899252
4773 0.00281713274899252
4826 0.00281713274899252
51176 0.00281713274899252
5595 0.00281713274899252
57019 0.00281713274899252
5724 0.00281713274899252
5880 0.00281713274899252
5916 0.00281713274899252
6256 0.00281713274899252
6362 0.00281713274899252
64127 0.00281713274899252
6478 0.00281713274899252
6850 0.00281713274899252
6934 0.00281713274899252
7010 0.00281713274899252
7068 0.00281713274899252
7357 0.00281713274899252
7409 0.00281713274899252
84707 0.00281713274899252
85413 0.00281713274899252
8644 0.00281713274899252
8870 0.00281713274899252
9531 0.00281713274899252
978 0.00281713274899252
1017 0.00268702435936861
1493 0.00268702435936861
171023 0.00268702435936861
2033 0.00268702435936861
2056 0.00268702435936861
617 0.00268702435936861
9138 0.00268702435936861
914 0.00268702435936861
960 0.00268702435936861
10018 0.00251857448684045
10180 0.00251857448684045
10413 0.00251857448684045
10461 0.00251857448684045
10578 0.00251857448684045
10982 0.00251857448684045
121504 0.00251857448684045
127086 0.00251857448684045
135138 0.00251857448684045
1400 0.00251857448684045
1499 0.00251857448684045
1535 0.00251857448684045
160728 0.00251857448684045
1794 0.00251857448684045
1820 0.00251857448684045
1844 0.00251857448684045
2077 0.00251857448684045
2205 0.00251857448684045
2274 0.00251857448684045
2277 0.00251857448684045
23087 0.00251857448684045
2323 0.00251857448684045
2348 0.00251857448684045
26036 0.00251857448684045
27035 0.00251857448684045
27180 0.00251857448684045
27350 0.00251857448684045
2892 0.00251857448684045
29102 0.00251857448684045
29108 0.00251857448684045
29843 0.00251857448684045
3002 0.00251857448684045
3054 0.00251857448684045
30818 0.00251857448684045
317 0.00251857448684045
3232 0.00251857448684045
3326 0.00251857448684045
348 0.00251857448684045
3577 0.00251857448684045
3821 0.00251857448684045
3916 0.00251857448684045
4102 0.00251857448684045
4613 0.00251857448684045
4671 0.00251857448684045
4780 0.00251857448684045
4831 0.00251857448684045
4926 0.00251857448684045
4968 0.00251857448684045
50507 0.00251857448684045
51292 0.00251857448684045
51384 0.00251857448684045
51547 0.00251857448684045
51588 0.00251857448684045
5335 0.00251857448684045
53637 0.00251857448684045
53947 0.00251857448684045
54567 0.00251857448684045
54882 0.00251857448684045
55120 0.00251857448684045
55760 0.00251857448684045
5591 0.00251857448684045
56899 0.00251857448684045
5817 0.00251857448684045
5819 0.00251857448684045
5915 0.00251857448684045
641 0.00251857448684045
6452 0.00251857448684045
6502 0.00251857448684045
7013 0.00251857448684045
7071 0.00251857448684045
7187 0.00251857448684045
7341 0.00251857448684045
7415 0.00251857448684045
7424 0.00251857448684045
7468 0.00251857448684045
79017 0.00251857448684045
79155 0.00251857448684045
8161 0.00251857448684045
8289 0.00251857448684045
841 0.00251857448684045
85021 0.00251857448684045
8739 0.00251857448684045
887 0.00251857448684045
896 0.00251857448684045
9 0.00251857448684045
9638 0.00251857448684045
973 0.00251857448684045
10278 0.00238846609721654
133482 0.00238846609721654
1436 0.00238846609721654
1977 0.00238846609721654
1991 0.00238846609721654
2113 0.00238846609721654
2313 0.00238846609721654
2314 0.00238846609721654
3206 0.00238846609721654
3600 0.00238846609721654
3669 0.00238846609721654
373156 0.00238846609721654
3880 0.00238846609721654
3930 0.00238846609721654
4330 0.00238846609721654
6418 0.00238846609721654
8178 0.00238846609721654
84444 0.00238846609721654
8788 0.00238846609721654
942 0.00238846609721654
100 0.00208990783506447
1048 0.00208990783506447
1056 0.00208990783506447
10998 0.00208990783506447
121256 0.00208990783506447
23451 0.00208990783506447
2526 0.00208990783506447
2539 0.00208990783506447
27125 0.00208990783506447
2720 0.00208990783506447
331 0.00208990783506447
3553 0.00208990783506447
3574 0.00208990783506447
3596 0.00208990783506447
3689 0.00208990783506447
3855 0.00208990783506447
4055 0.00208990783506447
4301 0.00208990783506447
4597 0.00208990783506447
5048 0.00208990783506447
5079 0.00208990783506447
5132 0.00208990783506447
5159 0.00208990783506447
55824 0.00208990783506447
57060 0.00208990783506447
5788 0.00208990783506447
5956 0.00208990783506447
5981 0.00208990783506447
6275 0.00208990783506447
6646 0.00208990783506447
673 0.00208990783506447
7531 0.00208990783506447
83666 0.00208990783506447
9429 0.00208990783506447
100528032 0.00179134957291241
1019 0.00179134957291241
129831 0.00179134957291241
1630 0.00179134957291241
1788 0.00179134957291241
2146 0.00179134957291241
2158 0.00179134957291241
2260 0.00179134957291241
22914 0.00179134957291241
238 0.00179134957291241
27306 0.00179134957291241
3383 0.00179134957291241
3552 0.00179134957291241
3567 0.00179134957291241
3659 0.00179134957291241
3925 0.00179134957291241
3952 0.00179134957291241
4360 0.00179134957291241
51341 0.00179134957291241
51540 0.00179134957291241
5573 0.00179134957291241
604 0.00179134957291241
6298 0.00179134957291241
6455 0.00179134957291241
6667 0.00179134957291241
7150 0.00179134957291241
7913 0.00179134957291241
79870 0.00179134957291241
983 0.00179134957291241
9970 0.00149279131076034
10206 0.00149279131076034
1022 0.00149279131076034
10383 0.00149279131076034
1045 0.00149279131076034
10966 0.00149279131076034
11009 0.00149279131076034
11076 0.00149279131076034
140738 0.00149279131076034
1525 0.00149279131076034
153222 0.00149279131076034
199699 0.00149279131076034
2046 0.00149279131076034
2064 0.00149279131076034
2114 0.00149279131076034
2264 0.00149279131076034
23526 0.00149279131076034
28982 0.00149279131076034
3082 0.00149279131076034
3110 0.00149279131076034
3204 0.00149279131076034
324 0.00149279131076034
3268 0.00149279131076034
3320 0.00149279131076034
3375 0.00149279131076034
353 0.00149279131076034
354 0.00149279131076034
3630 0.00149279131076034
3881 0.00149279131076034
407 0.00149279131076034
4194 0.00149279131076034
4342 0.00149279131076034
4760 0.00149279131076034
4827 0.00149279131076034
5062 0.00149279131076034
5111 0.00149279131076034
51119 0.00149279131076034
52 0.00149279131076034
54806 0.00149279131076034
55 0.00149279131076034
5669 0.00149279131076034
59271 0.00149279131076034
6310 0.00149279131076034
6347 0.00149279131076034
65108 0.00149279131076034
653108 0.00149279131076034
6687 0.00149279131076034
6903 0.00149279131076034
7054 0.00149279131076034
7294 0.00149279131076034
729857 0.00149279131076034
7431 0.00149279131076034
79971 0.00149279131076034
80150 0.00149279131076034
83886 0.00149279131076034
8431 0.00149279131076034
846 0.00149279131076034
8661 0.00149279131076034
8932 0.00149279131076034
8996 0.00149279131076034
928 0.00149279131076034
933 0.00149279131076034
939 0.00149279131076034
940 0.00149279131076034
961 0.00149279131076034
100302736 0.00119423304860827
10534 0.00119423304860827
10611 0.00119423304860827
10671 0.00119423304860827
10801 0.00119423304860827
112744 0.00119423304860827
1351 0.00119423304860827
1378 0.00119423304860827
1429 0.00119423304860827
1435 0.00119423304860827
146 0.00119423304860827
1523 0.00119423304860827
1748 0.00119423304860827
1803 0.00119423304860827
19 0.00119423304860827
196 0.00119423304860827
2034 0.00119423304860827
22978 0.00119423304860827
23157 0.00119423304860827
2353 0.00119423304860827
248 0.00119423304860827
2768 0.00119423304860827
2833 0.00119423304860827
2896 0.00119423304860827
30811 0.00119423304860827
3145 0.00119423304860827
3429 0.00119423304860827
353376 0.00119423304860827
3725 0.00119423304860827
3899 0.00119423304860827
3981 0.00119423304860827
4267 0.00119423304860827
4283 0.00119423304860827
43 0.00119423304860827
4312 0.00119423304860827
4313 0.00119423304860827
4397 0.00119423304860827
440 0.00119423304860827
4803 0.00119423304860827
4907 0.00119423304860827
4914 0.00119423304860827
51010 0.00119423304860827
51014 0.00119423304860827
5327 0.00119423304860827
53335 0.00119423304860827
5424 0.00119423304860827
55278 0.00119423304860827
55655 0.00119423304860827
55745 0.00119423304860827
5592 0.00119423304860827
56994 0.00119423304860827
5715 0.00119423304860827
57332 0.00119423304860827
58508 0.00119423304860827
590 0.00119423304860827
5967 0.00119423304860827
6387 0.00119423304860827
6500 0.00119423304860827
672 0.00119423304860827
7057 0.00119423304860827
706 0.00119423304860827
7099 0.00119423304860827
7132 0.00119423304860827
7301 0.00119423304860827
796 0.00119423304860827
79612 0.00119423304860827
79947 0.00119423304860827
8066 0.00119423304860827
81539 0.00119423304860827
84061 0.00119423304860827
8851 0.00119423304860827
8988 0.00119423304860827
9021 0.00119423304860827
9260 0.00119423304860827
966 0.00119423304860827
101060521 8.95674786456203E-4
10128 8.95674786456203E-4
1032 8.95674786456203E-4
10563 8.95674786456203E-4
10625 8.95674786456203E-4
10682 8.95674786456203E-4
10724 8.95674786456203E-4
10959 8.95674786456203E-4
11036 8.95674786456203E-4
11168 8.95674786456203E-4
112476 8.95674786456203E-4
114086 8.95674786456203E-4
1235 8.95674786456203E-4
1238 8.95674786456203E-4
140767 8.95674786456203E-4
1442 8.95674786456203E-4
1443 8.95674786456203E-4
1490 8.95674786456203E-4
1555 8.95674786456203E-4
173 8.95674786456203E-4
174 8.95674786456203E-4
2006 8.95674786456203E-4
2011 8.95674786456203E-4
2030 8.95674786456203E-4
213 8.95674786456203E-4
2261 8.95674786456203E-4
22882 8.95674786456203E-4
2334 8.95674786456203E-4
2335 8.95674786456203E-4
23365 8.95674786456203E-4
2346 8.95674786456203E-4
2354 8.95674786456203E-4
246778 8.95674786456203E-4
2481 8.95674786456203E-4
25797 8.95674786456203E-4
2625 8.95674786456203E-4
2688 8.95674786456203E-4
27087 8.95674786456203E-4
2837 8.95674786456203E-4
29760 8.95674786456203E-4
2993 8.95674786456203E-4
302 8.95674786456203E-4
3090 8.95674786456203E-4
3146 8.95674786456203E-4
3313 8.95674786456203E-4
3315 8.95674786456203E-4
3316 8.95674786456203E-4
3481 8.95674786456203E-4
3570 8.95674786456203E-4
3572 8.95674786456203E-4
3575 8.95674786456203E-4
3716 8.95674786456203E-4
3726 8.95674786456203E-4
3898 8.95674786456203E-4
4049 8.95674786456203E-4
4282 8.95674786456203E-4
4291 8.95674786456203E-4
4306 8.95674786456203E-4
4350 8.95674786456203E-4
445347 8.95674786456203E-4
4600 8.95674786456203E-4
474256 8.95674786456203E-4
5008 8.95674786456203E-4
50818 8.95674786456203E-4
5090 8.95674786456203E-4
51312 8.95674786456203E-4
5155 8.95674786456203E-4
51561 8.95674786456203E-4
51750 8.95674786456203E-4
5175 8.95674786456203E-4
5340 8.95674786456203E-4
5347 8.95674786456203E-4
55503 8.95674786456203E-4
5551 8.95674786456203E-4
55718 8.95674786456203E-4
5580 8.95674786456203E-4
558 8.95674786456203E-4
5610 8.95674786456203E-4
5624 8.95674786456203E-4
57126 8.95674786456203E-4
57148 8.95674786456203E-4
57167 8.95674786456203E-4
5896 8.95674786456203E-4
597 8.95674786456203E-4
6041 8.95674786456203E-4
60489 8.95674786456203E-4
6223 8.95674786456203E-4
627 8.95674786456203E-4
6348 8.95674786456203E-4
6361 8.95674786456203E-4
6382 8.95674786456203E-4
639 8.95674786456203E-4
6427 8.95674786456203E-4
6490 8.95674786456203E-4
6491 8.95674786456203E-4
65211 8.95674786456203E-4
6711 8.95674786456203E-4
6790 8.95674786456203E-4
6863 8.95674786456203E-4
6868 8.95674786456203E-4
6898 8.95674786456203E-4
6948 8.95674786456203E-4
7037 8.95674786456203E-4
7066 8.95674786456203E-4
7273 8.95674786456203E-4
728378 8.95674786456203E-4
7299 8.95674786456203E-4
7474 8.95674786456203E-4
780 8.95674786456203E-4
79969 8.95674786456203E-4
80781 8.95674786456203E-4
8085 8.95674786456203E-4
8170 8.95674786456203E-4
8548 8.95674786456203E-4
857 8.95674786456203E-4
8600 8.95674786456203E-4
8651 8.95674786456203E-4
8856 8.95674786456203E-4
890 8.95674786456203E-4
9034 8.95674786456203E-4
9242 8.95674786456203E-4
9360 8.95674786456203E-4
963 8.95674786456203E-4
9757 8.95674786456203E-4
10006 5.97116524304135E-4
100133941 5.97116524304135E-4
100169750 5.97116524304135E-4
10036 5.97116524304135E-4
100507436 5.97116524304135E-4
10120 5.97116524304135E-4
1012 5.97116524304135E-4
10135 5.97116524304135E-4
10148 5.97116524304135E-4
102 5.97116524304135E-4
1021 5.97116524304135E-4
10243 5.97116524304135E-4
10249 5.97116524304135E-4
10301 5.97116524304135E-4
10354 5.97116524304135E-4
1038 5.97116524304135E-4
10382 5.97116524304135E-4
1041 5.97116524304135E-4
1051 5.97116524304135E-4
10541 5.97116524304135E-4
10598 5.97116524304135E-4
1068 5.97116524304135E-4
10728 5.97116524304135E-4
10743 5.97116524304135E-4
10795 5.97116524304135E-4
10803 5.97116524304135E-4
10855 5.97116524304135E-4
10892 5.97116524304135E-4
10934 5.97116524304135E-4
10972 5.97116524304135E-4
10993 5.97116524304135E-4
1109 5.97116524304135E-4
1111 5.97116524304135E-4
11186 5.97116524304135E-4
11251 5.97116524304135E-4
11332 5.97116524304135E-4
1161 5.97116524304135E-4
116135 5.97116524304135E-4
118429 5.97116524304135E-4
12 5.97116524304135E-4
1218 5.97116524304135E-4
1233 5.97116524304135E-4
13 5.97116524304135E-4
1371 5.97116524304135E-4
1380 5.97116524304135E-4
1398 5.97116524304135E-4
1421 5.97116524304135E-4
143 5.97116524304135E-4
1464 5.97116524304135E-4
1495 5.97116524304135E-4
150465 5.97116524304135E-4
151056 5.97116524304135E-4
152503 5.97116524304135E-4
158506 5.97116524304135E-4
1644 5.97116524304135E-4
1738 5.97116524304135E-4
1755 5.97116524304135E-4
1757 5.97116524304135E-4
1786 5.97116524304135E-4
1789 5.97116524304135E-4
1796 5.97116524304135E-4
181 5.97116524304135E-4
1843 5.97116524304135E-4
1879 5.97116524304135E-4
189 5.97116524304135E-4
1911 5.97116524304135E-4
1934 5.97116524304135E-4
2177 5.97116524304135E-4
2214 5.97116524304135E-4
2215 5.97116524304135E-4
2241 5.97116524304135E-4
2268 5.97116524304135E-4
2271 5.97116524304135E-4
22943 5.97116524304135E-4
23028 5.97116524304135E-4
23038 5.97116524304135E-4
23089 5.97116524304135E-4
23209 5.97116524304135E-4
23476 5.97116524304135E-4
23522 5.97116524304135E-4
244 5.97116524304135E-4
2521 5.97116524304135E-4
255743 5.97116524304135E-4
25819 5.97116524304135E-4
25830 5.97116524304135E-4
25870 5.97116524304135E-4
25897 5.97116524304135E-4
25925 5.97116524304135E-4
260328 5.97116524304135E-4
26073 5.97116524304135E-4
26574 5.97116524304135E-4
2668 5.97116524304135E-4
2672 5.97116524304135E-4
27165 5.97116524304135E-4
27319 5.97116524304135E-4
2803 5.97116524304135E-4
28522 5.97116524304135E-4
28523 5.97116524304135E-4
28526 5.97116524304135E-4
28992 5.97116524304135E-4
2990 5.97116524304135E-4
3039 5.97116524304135E-4
3040 5.97116524304135E-4
3046 5.97116524304135E-4
3047 5.97116524304135E-4
3050 5.97116524304135E-4
308 5.97116524304135E-4
3127 5.97116524304135E-4
3198 5.97116524304135E-4
3201 5.97116524304135E-4
3210 5.97116524304135E-4
3213 5.97116524304135E-4
3272 5.97116524304135E-4
3291 5.97116524304135E-4
3329 5.97116524304135E-4
3371 5.97116524304135E-4
338339 5.97116524304135E-4
3400 5.97116524304135E-4
3425 5.97116524304135E-4
345651 5.97116524304135E-4
3479 5.97116524304135E-4
3480 5.97116524304135E-4
3516 5.97116524304135E-4
3557 5.97116524304135E-4
3563 5.97116524304135E-4
3620 5.97116524304135E-4
3622 5.97116524304135E-4
3660 5.97116524304135E-4
3674 5.97116524304135E-4
3683 5.97116524304135E-4
3690 5.97116524304135E-4
3700 5.97116524304135E-4
3718 5.97116524304135E-4
3762 5.97116524304135E-4
389036 5.97116524304135E-4
3902 5.97116524304135E-4
3932 5.97116524304135E-4
3949 5.97116524304135E-4
3953 5.97116524304135E-4
3958 5.97116524304135E-4
3977 5.97116524304135E-4
4012 5.97116524304135E-4
405 5.97116524304135E-4
406 5.97116524304135E-4
4067 5.97116524304135E-4
4068 5.97116524304135E-4
406991 5.97116524304135E-4
411 5.97116524304135E-4
4153 5.97116524304135E-4
420 5.97116524304135E-4
4210 5.97116524304135E-4
4233 5.97116524304135E-4
4302 5.97116524304135E-4
4314 5.97116524304135E-4
440915 5.97116524304135E-4
4434 5.97116524304135E-4
4489 5.97116524304135E-4
4735 5.97116524304135E-4
4791 5.97116524304135E-4
4804 5.97116524304135E-4
4842 5.97116524304135E-4
4843 5.97116524304135E-4
4919 5.97116524304135E-4
4942 5.97116524304135E-4
497258 5.97116524304135E-4
5026 5.97116524304135E-4
5077 5.97116524304135E-4
50802 5.97116524304135E-4
51150 5.97116524304135E-4
51191 5.97116524304135E-4
5122 5.97116524304135E-4
51435 5.97116524304135E-4
51513 5.97116524304135E-4
51517 5.97116524304135E-4
5163 5.97116524304135E-4
5169 5.97116524304135E-4
5170 5.97116524304135E-4
51761 5.97116524304135E-4
51776 5.97116524304135E-4
5196 5.97116524304135E-4
5244 5.97116524304135E-4
5313 5.97116524304135E-4
53342 5.97116524304135E-4
5341 5.97116524304135E-4
53827 5.97116524304135E-4
54106 5.97116524304135E-4
5413 5.97116524304135E-4
5443 5.97116524304135E-4
5460 5.97116524304135E-4
54732 5.97116524304135E-4
54741 5.97116524304135E-4
5524 5.97116524304135E-4
5527 5.97116524304135E-4
5530 5.97116524304135E-4
55511 5.97116524304135E-4
55752 5.97116524304135E-4
56005 5.97116524304135E-4
5604 5.97116524304135E-4
5660 5.97116524304135E-4
56731 5.97116524304135E-4
56915 5.97116524304135E-4
56925 5.97116524304135E-4
56937 5.97116524304135E-4
56996 5.97116524304135E-4
57045 5.97116524304135E-4
57088 5.97116524304135E-4
57152 5.97116524304135E-4
5729 5.97116524304135E-4
5734 5.97116524304135E-4
57410 5.97116524304135E-4
5743 5.97116524304135E-4
5747 5.97116524304135E-4
57472 5.97116524304135E-4
5905 5.97116524304135E-4
5917 5.97116524304135E-4
5970 5.97116524304135E-4
5979 5.97116524304135E-4
602 5.97116524304135E-4
6046 5.97116524304135E-4
6050 5.97116524304135E-4
6146 5.97116524304135E-4
6237 5.97116524304135E-4
6239 5.97116524304135E-4
6240 5.97116524304135E-4
6280 5.97116524304135E-4
6352 5.97116524304135E-4
6364 5.97116524304135E-4
64005 5.97116524304135E-4
64109 5.97116524304135E-4
641455 5.97116524304135E-4
6468 5.97116524304135E-4
64689 5.97116524304135E-4
6469 5.97116524304135E-4
646982 5.97116524304135E-4
64919 5.97116524304135E-4
65125 5.97116524304135E-4
653145 5.97116524304135E-4
653590 5.97116524304135E-4
6594 5.97116524304135E-4
6610 5.97116524304135E-4
6611 5.97116524304135E-4
6616 5.97116524304135E-4
664 5.97116524304135E-4
6654 5.97116524304135E-4
6689 5.97116524304135E-4
6696 5.97116524304135E-4
6722 5.97116524304135E-4
6833 5.97116524304135E-4
6839 5.97116524304135E-4
684 5.97116524304135E-4
6857 5.97116524304135E-4
6883 5.97116524304135E-4
6890 5.97116524304135E-4
6936 5.97116524304135E-4
695 5.97116524304135E-4
6955 5.97116524304135E-4
6957 5.97116524304135E-4
6964 5.97116524304135E-4
7027 5.97116524304135E-4
7029 5.97116524304135E-4
7048 5.97116524304135E-4
7063 5.97116524304135E-4
7070 5.97116524304135E-4
708 5.97116524304135E-4
7096 5.97116524304135E-4
7098 5.97116524304135E-4
71 5.97116524304135E-4
7133 5.97116524304135E-4
7145 5.97116524304135E-4
7184 5.97116524304135E-4
7190 5.97116524304135E-4
72 5.97116524304135E-4
7251 5.97116524304135E-4
728113 5.97116524304135E-4
728226 5.97116524304135E-4
728441 5.97116524304135E-4
729838 5.97116524304135E-4
7389 5.97116524304135E-4
7448 5.97116524304135E-4
7454 5.97116524304135E-4
7726 5.97116524304135E-4
7832 5.97116524304135E-4
7839 5.97116524304135E-4
7905 5.97116524304135E-4
7936 5.97116524304135E-4
79594 5.97116524304135E-4
7965 5.97116524304135E-4
80305 5.97116524304135E-4
80312 5.97116524304135E-4
8091 5.97116524304135E-4
8295 5.97116524304135E-4
834 5.97116524304135E-4
83439 5.97116524304135E-4
838 5.97116524304135E-4
83876 5.97116524304135E-4
84516 5.97116524304135E-4
84662 5.97116524304135E-4
84955 5.97116524304135E-4
8522 5.97116524304135E-4
860 5.97116524304135E-4
867 5.97116524304135E-4
871 5.97116524304135E-4
8714 5.97116524304135E-4
8718 5.97116524304135E-4
8809 5.97116524304135E-4
8821 5.97116524304135E-4
8824 5.97116524304135E-4
8850 5.97116524304135E-4
8915 5.97116524304135E-4
894 5.97116524304135E-4
909 5.97116524304135E-4
91056 5.97116524304135E-4
9131 5.97116524304135E-4
9134 5.97116524304135E-4
9181 5.97116524304135E-4
919 5.97116524304135E-4
9212 5.97116524304135E-4
92737 5.97116524304135E-4
9314 5.97116524304135E-4
94 5.97116524304135E-4
9402 5.97116524304135E-4
9437 5.97116524304135E-4
9457 5.97116524304135E-4
948 5.97116524304135E-4
9541 5.97116524304135E-4
9564 5.97116524304135E-4
968 5.97116524304135E-4
9699 5.97116524304135E-4
970 5.97116524304135E-4
9709 5.97116524304135E-4
974 5.97116524304135E-4
9894 5.97116524304135E-4
977 2.98558262152068E-4
9966 2.98558262152068E-4
10011 2.98558262152068E-4
10013 2.98558262152068E-4
100133171 2.98558262152068E-4
10014 2.98558262152068E-4
10017 2.98558262152068E-4
10019 2.98558262152068E-4
100272147 2.98558262152068E-4
100329167 2.98558262152068E-4
100528024 2.98558262152068E-4
100529063 2.98558262152068E-4
100653049 2.98558262152068E-4
10076 2.98558262152068E-4
10125 2.98558262152068E-4
10134 2.98558262152068E-4
1020 2.98558262152068E-4
10234 2.98558262152068E-4
10257 2.98558262152068E-4
10288 2.98558262152068E-4
10322 2.98558262152068E-4
10392 2.98558262152068E-4
10397 2.98558262152068E-4
10419 2.98558262152068E-4
1043 2.98558262152068E-4
10487 2.98558262152068E-4
10519 2.98558262152068E-4
1052 2.98558262152068E-4
10558 2.98558262152068E-4
10580 2.98558262152068E-4
10635 2.98558262152068E-4
1071 2.98558262152068E-4
1084 2.98558262152068E-4
10847 2.98558262152068E-4
10856 2.98558262152068E-4
1087 2.98558262152068E-4
10884 2.98558262152068E-4
10908 2.98558262152068E-4
10914 2.98558262152068E-4
10928 2.98558262152068E-4
11006 2.98558262152068E-4
11025 2.98558262152068E-4
11116 2.98558262152068E-4
11151 2.98558262152068E-4
1120 2.98558262152068E-4
1121 2.98558262152068E-4
112398 2.98558262152068E-4
1125 2.98558262152068E-4
11267 2.98558262152068E-4
112939 2.98558262152068E-4
11333 2.98558262152068E-4
11334 2.98558262152068E-4
1152 2.98558262152068E-4
115650 2.98558262152068E-4
116151 2.98558262152068E-4
116179 2.98558262152068E-4
116535 2.98558262152068E-4
1211 2.98558262152068E-4
122953 2.98558262152068E-4
1232 2.98558262152068E-4
124540 2.98558262152068E-4
124935 2.98558262152068E-4
127700 2.98558262152068E-4
1384 2.98558262152068E-4
1390 2.98558262152068E-4
139818 2.98558262152068E-4
140707 2.98558262152068E-4
1434 2.98558262152068E-4
1444 2.98558262152068E-4
147495 2.98558262152068E-4
148266 2.98558262152068E-4
1483 2.98558262152068E-4
1485 2.98558262152068E-4
1488 2.98558262152068E-4
1500 2.98558262152068E-4
1540 2.98558262152068E-4
1594 2.98558262152068E-4
1602 2.98558262152068E-4
1611 2.98558262152068E-4
166824 2.98558262152068E-4
1674 2.98558262152068E-4
1678 2.98558262152068E-4
168400 2.98558262152068E-4
171490 2.98558262152068E-4
1716 2.98558262152068E-4
1756 2.98558262152068E-4
1763 2.98558262152068E-4
1826 2.98558262152068E-4
1830 2.98558262152068E-4
183 2.98558262152068E-4
1861 2.98558262152068E-4
1917 2.98558262152068E-4
192 2.98558262152068E-4
1984 2.98558262152068E-4
1992 2.98558262152068E-4
2000 2.98558262152068E-4
200316 2.98558262152068E-4
2010 2.98558262152068E-4
2028 2.98558262152068E-4
203068 2.98558262152068E-4
2042 2.98558262152068E-4
2060 2.98558262152068E-4
2086 2.98558262152068E-4
212 2.98558262152068E-4
2131 2.98558262152068E-4
2149 2.98558262152068E-4
2155 2.98558262152068E-4
2157 2.98558262152068E-4
2159 2.98558262152068E-4
2160 2.98558262152068E-4
2201 2.98558262152068E-4
2224 2.98558262152068E-4
2249 2.98558262152068E-4
22806 2.98558262152068E-4
22809 2.98558262152068E-4
22824 2.98558262152068E-4
22861 2.98558262152068E-4
22883 2.98558262152068E-4
22925 2.98558262152068E-4
22933 2.98558262152068E-4
22954 2.98558262152068E-4
2296 2.98558262152068E-4
23081 2.98558262152068E-4
231 2.98558262152068E-4
2318 2.98558262152068E-4
2324 2.98558262152068E-4
23263 2.98558262152068E-4
23309 2.98558262152068E-4
23361 2.98558262152068E-4
23401 2.98558262152068E-4
23411 2.98558262152068E-4
23416 2.98558262152068E-4
23434 2.98558262152068E-4
23495 2.98558262152068E-4
23524 2.98558262152068E-4
23534 2.98558262152068E-4
23541 2.98558262152068E-4
23543 2.98558262152068E-4
23549 2.98558262152068E-4
2356 2.98558262152068E-4
23588 2.98558262152068E-4
23590 2.98558262152068E-4
23635 2.98558262152068E-4
23643 2.98558262152068E-4
23654 2.98558262152068E-4
23705 2.98558262152068E-4
2406 2.98558262152068E-4
2414 2.98558262152068E-4
246100 2.98558262152068E-4
2516 2.98558262152068E-4
2524 2.98558262152068E-4
2529 2.98558262152068E-4
2548 2.98558262152068E-4
25875 2.98558262152068E-4
259197 2.98558262152068E-4
259230 2.98558262152068E-4
25939 2.98558262152068E-4
2597 2.98558262152068E-4
26013 2.98558262152068E-4
26097 2.98558262152068E-4
26136 2.98558262152068E-4
2618 2.98558262152068E-4
26292 2.98558262152068E-4
26353 2.98558262152068E-4
26511 2.98558262152068E-4
2674 2.98558262152068E-4
2675 2.98558262152068E-4
26821 2.98558262152068E-4
2683 2.98558262152068E-4
27 2.98558262152068E-4
27152 2.98558262152068E-4
2717 2.98558262152068E-4
27178 2.98558262152068E-4
2730 2.98558262152068E-4
27303 2.98558262152068E-4
27342 2.98558262152068E-4
27352 2.98558262152068E-4
2737 2.98558262152068E-4
2776 2.98558262152068E-4
283 2.98558262152068E-4
283120 2.98558262152068E-4
283458 2.98558262152068E-4
284390 2.98558262152068E-4
28492 2.98558262152068E-4
286 2.98558262152068E-4
2878 2.98558262152068E-4
28964 2.98558262152068E-4
28984 2.98558262152068E-4
29072 2.98558262152068E-4
2934 2.98558262152068E-4
2967 2.98558262152068E-4
29933 2.98558262152068E-4
30009 2.98558262152068E-4
3014 2.98558262152068E-4
3055 2.98558262152068E-4
3059 2.98558262152068E-4
3070 2.98558262152068E-4
3075 2.98558262152068E-4
3087 2.98558262152068E-4
3148 2.98558262152068E-4
3178 2.98558262152068E-4
319 2.98558262152068E-4
3212 2.98558262152068E-4
3214 2.98558262152068E-4
3217 2.98558262152068E-4
3221 2.98558262152068E-4
3222 2.98558262152068E-4
3223 2.98558262152068E-4
3226 2.98558262152068E-4
3263 2.98558262152068E-4
326625 2.98558262152068E-4
3276 2.98558262152068E-4
3280 2.98558262152068E-4
3309 2.98558262152068E-4
3339 2.98558262152068E-4
338382 2.98558262152068E-4
338785 2.98558262152068E-4
339 2.98558262152068E-4
340152 2.98558262152068E-4
3454 2.98558262152068E-4
3476 2.98558262152068E-4
3488 2.98558262152068E-4
3490 2.98558262152068E-4
3535 2.98558262152068E-4
3566 2.98558262152068E-4
3587 2.98558262152068E-4
3593 2.98558262152068E-4
3604 2.98558262152068E-4
3611 2.98558262152068E-4
3635 2.98558262152068E-4
3655 2.98558262152068E-4
3678 2.98558262152068E-4
368 2.98558262152068E-4
3702 2.98558262152068E-4
3708 2.98558262152068E-4
3714 2.98558262152068E-4
387521 2.98558262152068E-4
387522 2.98558262152068E-4
388112 2.98558262152068E-4
388372 2.98558262152068E-4
3885 2.98558262152068E-4
3887 2.98558262152068E-4
3892 2.98558262152068E-4
390502 2.98558262152068E-4
390714 2.98558262152068E-4
391104 2.98558262152068E-4
3921 2.98558262152068E-4
3936 2.98558262152068E-4
3956 2.98558262152068E-4
4000 2.98558262152068E-4
4035 2.98558262152068E-4
4036 2.98558262152068E-4
4040 2.98558262152068E-4
405754 2.98558262152068E-4
4058 2.98558262152068E-4
406968 2.98558262152068E-4
407008 2.98558262152068E-4
4090 2.98558262152068E-4
4135 2.98558262152068E-4
4145 2.98558262152068E-4
4172 2.98558262152068E-4
4173 2.98558262152068E-4
4179 2.98558262152068E-4
4200 2.98558262152068E-4
4204 2.98558262152068E-4
4208 2.98558262152068E-4
4217 2.98558262152068E-4
427 2.98558262152068E-4
4295 2.98558262152068E-4
4331 2.98558262152068E-4
4332 2.98558262152068E-4
4343 2.98558262152068E-4
4345 2.98558262152068E-4
4361 2.98558262152068E-4
4486 2.98558262152068E-4
4493 2.98558262152068E-4
4515 2.98558262152068E-4
4582 2.98558262152068E-4
4594 2.98558262152068E-4
4713 2.98558262152068E-4
473 2.98558262152068E-4
474221 2.98558262152068E-4
474242 2.98558262152068E-4
4745 2.98558262152068E-4
4771 2.98558262152068E-4
4824 2.98558262152068E-4
4833 2.98558262152068E-4
4852 2.98558262152068E-4
4853 2.98558262152068E-4
4854 2.98558262152068E-4
4877 2.98558262152068E-4
49 2.98558262152068E-4
4904 2.98558262152068E-4
4908 2.98558262152068E-4
4915 2.98558262152068E-4
4923 2.98558262152068E-4
4953 2.98558262152068E-4
4986 2.98558262152068E-4
5009 2.98558262152068E-4
501 2.98558262152068E-4
50616 2.98558262152068E-4
50639 2.98558262152068E-4
5068 2.98558262152068E-4
50715 2.98558262152068E-4
5080 2.98558262152068E-4
50807 2.98558262152068E-4
50945 2.98558262152068E-4
50999 2.98558262152068E-4
51008 2.98558262152068E-4
51151 2.98558262152068E-4
5121 2.98558262152068E-4
51298 2.98558262152068E-4
5134 2.98558262152068E-4
51496 2.98558262152068E-4
5152 2.98558262152068E-4
51557 2.98558262152068E-4
51559 2.98558262152068E-4
51586 2.98558262152068E-4
51676 2.98558262152068E-4
51778 2.98558262152068E-4
51780 2.98558262152068E-4
5179 2.98558262152068E-4
5204 2.98558262152068E-4
5230 2.98558262152068E-4
5250 2.98558262152068E-4
5264 2.98558262152068E-4
5269 2.98558262152068E-4
5277 2.98558262152068E-4
5292 2.98558262152068E-4
5320 2.98558262152068E-4
5326 2.98558262152068E-4
5328 2.98558262152068E-4
5338 2.98558262152068E-4
5359 2.98558262152068E-4
5366 2.98558262152068E-4
5396 2.98558262152068E-4
5406 2.98558262152068E-4
54101 2.98558262152068E-4
54210 2.98558262152068E-4
54386 2.98558262152068E-4
54472 2.98558262152068E-4
54478 2.98558262152068E-4
54504 2.98558262152068E-4
5452 2.98558262152068E-4
5453 2.98558262152068E-4
5457 2.98558262152068E-4
5465 2.98558262152068E-4
54681 2.98558262152068E-4
5478 2.98558262152068E-4
5479 2.98558262152068E-4
54878 2.98558262152068E-4
54880 2.98558262152068E-4
55048 2.98558262152068E-4
55149 2.98558262152068E-4
55238 2.98558262152068E-4
55239 2.98558262152068E-4
55279 2.98558262152068E-4
55379 2.98558262152068E-4
5542 2.98558262152068E-4
55510 2.98558262152068E-4
55619 2.98558262152068E-4
5562 2.98558262152068E-4
55624 2.98558262152068E-4
5563 2.98558262152068E-4
55640 2.98558262152068E-4
5564 2.98558262152068E-4
55729 2.98558262152068E-4
55840 2.98558262152068E-4
5617 2.98558262152068E-4
56242 2.98558262152068E-4
56246 2.98558262152068E-4
56648 2.98558262152068E-4
5670 2.98558262152068E-4
5688 2.98558262152068E-4
56902 2.98558262152068E-4
5716 2.98558262152068E-4
57178 2.98558262152068E-4
5725 2.98558262152068E-4
5727 2.98558262152068E-4
57412 2.98558262152068E-4
57498 2.98558262152068E-4
5754 2.98558262152068E-4
57591 2.98558262152068E-4
5764 2.98558262152068E-4
57730 2.98558262152068E-4
5775 2.98558262152068E-4
57823 2.98558262152068E-4
57824 2.98558262152068E-4
5783 2.98558262152068E-4
5786 2.98558262152068E-4
58506 2.98558262152068E-4
5893 2.98558262152068E-4
5906 2.98558262152068E-4
5918 2.98558262152068E-4
5921 2.98558262152068E-4
5926 2.98558262152068E-4
5940 2.98558262152068E-4
5948 2.98558262152068E-4
599 2.98558262152068E-4
6048 2.98558262152068E-4
60482 2.98558262152068E-4
60506 2.98558262152068E-4
608 2.98558262152068E-4
6175 2.98558262152068E-4
6194 2.98558262152068E-4
6197 2.98558262152068E-4
6241 2.98558262152068E-4
6272 2.98558262152068E-4
6277 2.98558262152068E-4
6279 2.98558262152068E-4
6287 2.98558262152068E-4
6288 2.98558262152068E-4
6295 2.98558262152068E-4
6303 2.98558262152068E-4
6323 2.98558262152068E-4
6331 2.98558262152068E-4
635 2.98558262152068E-4
6351 2.98558262152068E-4
6363 2.98558262152068E-4
6367 2.98558262152068E-4
6369 2.98558262152068E-4
6370 2.98558262152068E-4
6403 2.98558262152068E-4
64093 2.98558262152068E-4
64174 2.98558262152068E-4
6422 2.98558262152068E-4
6424 2.98558262152068E-4
6425 2.98558262152068E-4
643 2.98558262152068E-4
64327 2.98558262152068E-4
6440 2.98558262152068E-4
644943 2.98558262152068E-4
6456 2.98558262152068E-4
6457 2.98558262152068E-4
6477 2.98558262152068E-4
64783 2.98558262152068E-4
64857 2.98558262152068E-4
64866 2.98558262152068E-4
65057 2.98558262152068E-4
65078 2.98558262152068E-4
652070 2.98558262152068E-4
653361 2.98558262152068E-4
653509 2.98558262152068E-4
654 2.98558262152068E-4
6541 2.98558262152068E-4
655 2.98558262152068E-4
6575 2.98558262152068E-4
6581 2.98558262152068E-4
6583 2.98558262152068E-4
6595 2.98558262152068E-4
6597 2.98558262152068E-4
66001 2.98558262152068E-4
6609 2.98558262152068E-4
6623 2.98558262152068E-4
6651 2.98558262152068E-4
6678 2.98558262152068E-4
6744 2.98558262152068E-4
6772 2.98558262152068E-4
6775 2.98558262152068E-4
6925 2.98558262152068E-4
693223 2.98558262152068E-4
6941 2.98558262152068E-4
7001 2.98558262152068E-4
7008 2.98558262152068E-4
7009 2.98558262152068E-4
7014 2.98558262152068E-4
7036 2.98558262152068E-4
7072 2.98558262152068E-4
7076 2.98558262152068E-4
7078 2.98558262152068E-4
7088 2.98558262152068E-4
7101 2.98558262152068E-4
7122 2.98558262152068E-4
7143 2.98558262152068E-4
7170 2.98558262152068E-4
722 2.98558262152068E-4
728695 2.98558262152068E-4
729230 2.98558262152068E-4
729238 2.98558262152068E-4
7295 2.98558262152068E-4
7297 2.98558262152068E-4
7307 2.98558262152068E-4
7335 2.98558262152068E-4
7351 2.98558262152068E-4
7367 2.98558262152068E-4
7372 2.98558262152068E-4
7376 2.98558262152068E-4
7404 2.98558262152068E-4
7428 2.98558262152068E-4
7432 2.98558262152068E-4
7462 2.98558262152068E-4
7476 2.98558262152068E-4
7481 2.98558262152068E-4
7502 2.98558262152068E-4
7503 2.98558262152068E-4
7504 2.98558262152068E-4
7514 2.98558262152068E-4
7536 2.98558262152068E-4
760 2.98558262152068E-4
763 2.98558262152068E-4
7750 2.98558262152068E-4
7764 2.98558262152068E-4
7791 2.98558262152068E-4
7802 2.98558262152068E-4
7813 2.98558262152068E-4
7874 2.98558262152068E-4
7879 2.98558262152068E-4
788 2.98558262152068E-4
79184 2.98558262152068E-4
7959 2.98558262152068E-4
79650 2.98558262152068E-4
79719 2.98558262152068E-4
79720 2.98558262152068E-4
79727 2.98558262152068E-4
79811 2.98558262152068E-4
79874 2.98558262152068E-4
79923 2.98558262152068E-4
80012 2.98558262152068E-4
8013 2.98558262152068E-4
80329 2.98558262152068E-4
8061 2.98558262152068E-4
80818 2.98558262152068E-4
8086 2.98558262152068E-4
8101 2.98558262152068E-4
8184 2.98558262152068E-4
8209 2.98558262152068E-4
8284 2.98558262152068E-4
8288 2.98558262152068E-4
83478 2.98558262152068E-4
83733 2.98558262152068E-4
83854 2.98558262152068E-4
8399 2.98558262152068E-4
8404 2.98558262152068E-4
84168 2.98558262152068E-4
8419 2.98558262152068E-4
84223 2.98558262152068E-4
84260 2.98558262152068E-4
84295 2.98558262152068E-4
84539 2.98558262152068E-4
84549 2.98558262152068E-4
8480 2.98558262152068E-4
84936 2.98558262152068E-4
84939 2.98558262152068E-4
85320 2.98558262152068E-4
85403 2.98558262152068E-4
85477 2.98558262152068E-4
85480 2.98558262152068E-4
8554 2.98558262152068E-4
8563 2.98558262152068E-4
8570 2.98558262152068E-4
858 2.98558262152068E-4
8581 2.98558262152068E-4
8726 2.98558262152068E-4
873 2.98558262152068E-4
8731 2.98558262152068E-4
875 2.98558262152068E-4
8784 2.98558262152068E-4
8792 2.98558262152068E-4
8833 2.98558262152068E-4
8844 2.98558262152068E-4
8847 2.98558262152068E-4
8848 2.98558262152068E-4
8853 2.98558262152068E-4
8872 2.98558262152068E-4
8874 2.98558262152068E-4
89874 2.98558262152068E-4
8995 2.98558262152068E-4
900 2.98558262152068E-4
90 2.98558262152068E-4
902 2.98558262152068E-4
9052 2.98558262152068E-4
9055 2.98558262152068E-4
9060 2.98558262152068E-4
9061 2.98558262152068E-4
9070 2.98558262152068E-4
910 2.98558262152068E-4
911 2.98558262152068E-4
9126 2.98558262152068E-4
9139 2.98558262152068E-4
91875 2.98558262152068E-4
9200 2.98558262152068E-4
9232 2.98558262152068E-4
9241 2.98558262152068E-4
9244 2.98558262152068E-4
9253 2.98558262152068E-4
926 2.98558262152068E-4
9308 2.98558262152068E-4
9321 2.98558262152068E-4
9361 2.98558262152068E-4
94235 2.98558262152068E-4
9466 2.98558262152068E-4
9510 2.98558262152068E-4
9519 2.98558262152068E-4
9527 2.98558262152068E-4
9560 2.98558262152068E-4
9577 2.98558262152068E-4
9610 2.98558262152068E-4
9616 2.98558262152068E-4
9628 2.98558262152068E-4
9700 2.98558262152068E-4
9734 2.98558262152068E-4
9739 2.98558262152068E-4
