4359 0.372702211144257
5376 0.371418860594133
3236 0.302817132748993
9896 0.30149279131076
59341 0.301194233048608
2705 0.0840037848127239
54332 0.0315678434171068
9927 0.021922212121521
23095 0.0216619953422732
5827 0.0194062870398844
9587 0.0149279131076034
3315 0.0149226142971956
4000 0.0135982728589635
4747 0.0129297721792586
8898 0.0110440062944226
57716 0.0107454480322706
1785 0.0104111976924181
10397 0.0103141319752907
2617 0.00984977324581436
81846 0.00964563129558582
1959 0.00942110659403839
9516 0.0066983901569694
57804 0.00477693219443308
56655 0.00477693219443308
26353 0.00430992405975285
5630 0.0037484996131491
3998 0.00344994135099703
79628 0.00298558262152068
2013 0.00281713274899252
4534 0.00268702435936861
100128922 0.00268702435936861
2065 0.00251857448684045
2064 0.00251857448684045
5545 0.00251857448684045
8909 0.00208990783506447
118460 0.00208990783506447
6281 0.00208990783506447
2532 0.00179134957291241
9588 0.00179134957291241
5341 0.00149279131076034
9131 0.00149279131076034
64423 0.00149279131076034
8988 0.00119423304860827
3316 0.00119423304860827
2618 0.00119423304860827
8565 8.95674786456203E-4
338382 8.95674786456203E-4
121512 8.95674786456203E-4
51067 8.95674786456203E-4
90678 8.95674786456203E-4
25777 8.95674786456203E-4
7879 8.95674786456203E-4
16 8.95674786456203E-4
1778 8.95674786456203E-4
7251 5.97116524304135E-4
7124 5.97116524304135E-4
8170 5.97116524304135E-4
8888 5.97116524304135E-4
2014 5.97116524304135E-4
9181 5.97116524304135E-4
221823 5.97116524304135E-4
158506 5.97116524304135E-4
81857 5.97116524304135E-4
79594 5.97116524304135E-4
57152 5.97116524304135E-4
56731 5.97116524304135E-4
92170 5.97116524304135E-4
28509 5.97116524304135E-4
26580 5.97116524304135E-4
10558 5.97116524304135E-4
101059903 5.97116524304135E-4
1270 5.97116524304135E-4
6012 5.97116524304135E-4
5631 5.97116524304135E-4
1760 5.97116524304135E-4
4155 5.97116524304135E-4
4508 5.97116524304135E-4
6347 5.97116524304135E-4
821 5.97116524304135E-4
5071 5.97116524304135E-4
4734 5.97116524304135E-4
6606 5.97116524304135E-4
1254 5.97116524304135E-4
6607 5.97116524304135E-4
3133 5.97116524304135E-4
2837 5.97116524304135E-4
59333 2.98558262152068E-4
2395 2.98558262152068E-4
57505 2.98558262152068E-4
51168 2.98558262152068E-4
57449 2.98558262152068E-4
2728 2.98558262152068E-4
2629 2.98558262152068E-4
3098 2.98558262152068E-4
55669 2.98558262152068E-4
55090 2.98558262152068E-4
2209 2.98558262152068E-4
59345 2.98558262152068E-4
336 2.98558262152068E-4
450095 2.98558262152068E-4
373156 2.98558262152068E-4
668 2.98558262152068E-4
950 2.98558262152068E-4
133482 2.98558262152068E-4
998 2.98558262152068E-4
6663 2.98558262152068E-4
1437 2.98558262152068E-4
1756 2.98558262152068E-4
1890 2.98558262152068E-4
2012 2.98558262152068E-4
65125 2.98558262152068E-4
64518 2.98558262152068E-4
274 2.98558262152068E-4
3342 2.98558262152068E-4
3351 2.98558262152068E-4
5226 2.98558262152068E-4
5241 2.98558262152068E-4
5713 2.98558262152068E-4
6206 2.98558262152068E-4
8139 2.98558262152068E-4
7880 2.98558262152068E-4
6268 2.98558262152068E-4
7824 2.98558262152068E-4
7439 2.98558262152068E-4
7175 2.98558262152068E-4
7157 2.98558262152068E-4
7145 2.98558262152068E-4
6834 2.98558262152068E-4
6647 2.98558262152068E-4
5236 2.98558262152068E-4
5165 2.98558262152068E-4
9542 2.98558262152068E-4
3735 2.98558262152068E-4
3798 2.98558262152068E-4
26227 2.98558262152068E-4
3925 2.98558262152068E-4
23353 2.98558262152068E-4
23096 2.98558262152068E-4
4099 2.98558262152068E-4
10536 2.98558262152068E-4
10516 2.98558262152068E-4
4365 2.98558262152068E-4
9968 2.98558262152068E-4
9856 2.98558262152068E-4
4908 2.98558262152068E-4
4976 2.98558262152068E-4
6638 2.98558262152068E-4
