2539 0.327724927492034
6521 0.30772417333305
3704 0.30673408223467
2821 0.306399831894817
7167 0.302388466097217
2056 0.300895674786456
2729 0.300895674786456
3440 0.3
3162 0.3
6710 0.3
2936 0.3
212 0.1
2 0.1
5313 0.00904851477128168
6708 0.0050371489736809
8266 0.00447837393228102
51251 0.00371280753544872
5592 0.00358269914582481
11093 0.00311569101114458
170682 0.00311569101114458
6513 0.00281713274899252
7037 0.00251857448684045
9563 0.00251857448684045
10007 0.00179134957291241
100 0.00179134957291241
55 0.00179134957291241
4907 0.00179134957291241
3040 0.00149279131076034
3039 0.00149279131076034
4760 0.00119423304860827
203 0.00119423304860827
10383 0.00119423304860827
54658 0.00119423304860827
6939 0.00119423304860827
10774 0.00119423304860827
3098 0.00119423304860827
5277 8.95674786456203E-4
3077 8.95674786456203E-4
2035 8.95674786456203E-4
146 8.95674786456203E-4
3048 8.95674786456203E-4
1356 8.95674786456203E-4
966 5.97116524304135E-4
59271 5.97116524304135E-4
6005 5.97116524304135E-4
7001 5.97116524304135E-4
7390 5.97116524304135E-4
30811 5.97116524304135E-4
4698 5.97116524304135E-4
909 5.97116524304135E-4
2520 5.97116524304135E-4
910 5.97116524304135E-4
911 5.97116524304135E-4
3439 5.97116524304135E-4
3447 5.97116524304135E-4
961 5.97116524304135E-4
2040 5.97116524304135E-4
1604 5.97116524304135E-4
10661 2.98558262152068E-4
1282 2.98558262152068E-4
23564 2.98558262152068E-4
9374 2.98558262152068E-4
26191 2.98558262152068E-4
27306 2.98558262152068E-4
8467 2.98558262152068E-4
373156 2.98558262152068E-4
255061 2.98558262152068E-4
119 2.98558262152068E-4
161003 2.98558262152068E-4
140885 2.98558262152068E-4
133482 2.98558262152068E-4
122481 2.98558262152068E-4
85344 2.98558262152068E-4
204 2.98558262152068E-4
718 2.98558262152068E-4
51552 2.98558262152068E-4
51361 2.98558262152068E-4
8988 2.98558262152068E-4
8880 2.98558262152068E-4
2038 2.98558262152068E-4
5743 2.98558262152068E-4
3240 2.98558262152068E-4
5550 2.98558262152068E-4
5315 2.98558262152068E-4
5256 2.98558262152068E-4
5230 2.98558262152068E-4
5047 2.98558262152068E-4
3739 2.98558262152068E-4
3816 2.98558262152068E-4
4513 2.98558262152068E-4
3075 2.98558262152068E-4
3043 2.98558262152068E-4
2937 2.98558262152068E-4
2039 2.98558262152068E-4
8163 2.98558262152068E-4
8056 2.98558262152068E-4
7361 2.98558262152068E-4
2152 2.98558262152068E-4
2203 2.98558262152068E-4
2348 2.98558262152068E-4
2350 2.98558262152068E-4
2744 2.98558262152068E-4
6531 2.98558262152068E-4
4524 2.98558262152068E-4
