7157 0.063449941350997
672 0.06
675 0.06
1956 0.06
2064 0.06
2099 0.06
5241 0.06
595 0.0507549045658515
472 0.0465750888957226
7422 0.0379168992933126
11200 0.0367226662447043
5290 0.0361255497204002
367 0.0334385253610316
7248 0.0328414088367274
6581 0.0313486175259671
3479 0.031050059263815
3702 0.031050059263815
5728 0.030751501001663
960 0.0304529427395109
4582 0.0298558262152068
5743 0.0295572679530547
2944 0.0282302771096186
5243 0.0274673601179902
2263 0.0271688018558382
1950 0.0253774522829258
1029 0.0247803357586216
1565 0.0244817774964695
1588 0.0244817774964695
3630 0.0241832192343175
1312 0.0238846609721654
3342 0.022093311399253
5294 0.0214961948749489
5291 0.0208990783506447
5293 0.0208990783506447
1543 0.0206005200884927
3880 0.0206005200884927
23158 0.0200034035641885
2950 0.0197048453020365
5111 0.0197048453020365
1586 0.0194062870398844
2100 0.0194062870398844
4524 0.0194062870398844
6786 0.0194062870398844
8205 0.0191077287777323
5617 0.0185106122534282
1594 0.0179134957291241
4609 0.0179134957291241
79728 0.0179134957291241
2952 0.0173163792048199
7421 0.0170178209426679
1545 0.0167192626805158
7515 0.0164207044183637
7153 0.0158235878940596
2837 0.0155250296319075
3569 0.0155250296319075
5888 0.0155250296319075
8170 0.0155250296319075
999 0.0153922718370797
8202 0.0152264713697555
207 0.0149279131076034
3952 0.0146293548454513
7852 0.0146293548454513
11186 0.0146293548454513
7124 0.0140322383211472
142 0.013435121796843
1154 0.013136563534691
4193 0.013136563534691
6696 0.0128380052725389
23541 0.0128380052725389
9429 0.0125394470103868
83990 0.0125394470103868
133482 0.0125394470103868
373156 0.0125394470103868
3480 0.0125394470103868
857 0.0122408887482348
3486 0.0122408887482348
5925 0.0122408887482348
100133941 0.0122408887482348
4318 0.0119423304860827
2272 0.0116437722239306
5054 0.0113452139617786
324 0.0110466556996265
51343 0.0110466556996265
8743 0.0107480974374744
79612 0.0107480974374744
81539 0.0107480974374744
116833 0.0107480974374744
10 0.0107480974374744
3481 0.0107480974374744
3576 0.0107480974374744
2068 0.0104495391753224
27306 0.0104495391753224
2194 0.0101509809131703
5328 0.0101509809131703
5744 0.0101509809131703
6817 0.0101509809131703
4313 0.00985242265101823
4513 0.00985242265101823
4790 0.00985242265101823
5340 0.00985242265101823
7040 0.00985242265101823
1048 0.00955386438886617
1509 0.00955386438886617
4683 0.00955386438886617
5624 0.00955386438886617
6387 0.00955386438886617
6528 0.00955386438886617
6774 0.00955386438886617
7015 0.00955386438886617
7517 0.00955386438886617
3265 0.0092553061267141
2146 0.00895674786456203
3164 0.00895674786456203
7298 0.00895674786456203
64979 0.00895674786456203
580 0.00865818960240996
1555 0.00865818960240996
3084 0.00865818960240996
5468 0.00865818960240996
3091 0.00835963134025789
6462 0.00835963134025789
6623 0.00835963134025789
55655 0.00835963134025789
6790 0.00806107307810583
8996 0.00776251481595376
4250 0.00746395655380169
4363 0.00746395655380169
4760 0.00746395655380169
5594 0.00746395655380169
7431 0.00746395655380169
354 0.00716539829164962
841 0.00716539829164962
7076 0.00716539829164962
25855 0.00716539829164962
27324 0.00716539829164962
65211 0.00716539829164962
84312 0.00716539829164962
10383 0.00686684002949756
118429 0.00686684002949756
196 0.00686684002949756
1576 0.00686684002949756
2625 0.00686684002949756
3558 0.00686684002949756
7490 0.00686684002949756
3725 0.00656828176734549
4214 0.00656828176734549
4320 0.00656828176734549
4904 0.00656828176734549
1026 0.00626972350519342
4312 0.00626972350519342
4360 0.00626972350519342
4436 0.00626972350519342
374 0.00597116524304135
412 0.00597116524304135
3953 0.00597116524304135
4194 0.00597116524304135
5053 0.00597116524304135
7424 0.00597116524304135
8661 0.00597116524304135
54741 0.00597116524304135
727738 0.00597116524304135
596 0.00567260698088929
1728 0.00567260698088929
2475 0.00567260698088929
3320 0.00567260698088929
3586 0.00567260698088929
4072 0.00567260698088929
4437 0.00567260698088929
5062 0.00567260698088929
7291 0.00567260698088929
925 0.00537404871873722
1111 0.00537404871873722
1437 0.00537404871873722
1544 0.00537404871873722
2048 0.00537404871873722
2260 0.00537404871873722
2353 0.00537404871873722
3429 0.00537404871873722
5618 0.00537404871873722
5715 0.00537404871873722
6275 0.00537404871873722
7516 0.00537404871873722
8856 0.00537404871873722
8988 0.00537404871873722
10534 0.00537404871873722
10671 0.00537404871873722
51014 0.00537404871873722
353376 0.00537404871873722
100302736 0.00537404871873722
51741 0.00507549045658515
1027 0.00507549045658515
1636 0.00507549045658515
2264 0.00507549045658515
2354 0.00507549045658515
3082 0.00507549045658515
3726 0.00507549045658515
3727 0.00507549045658515
3791 0.00507549045658515
4292 0.00507549045658515
4323 0.00507549045658515
6278 0.00507549045658515
7161 0.00507549045658515
1435 0.00477693219443308
1557 0.00477693219443308
2066 0.00477693219443308
4000 0.00477693219443308
5914 0.00477693219443308
7251 0.00477693219443308
23583 0.00477693219443308
50943 0.00477693219443308
55511 0.00477693219443308
56996 0.00477693219443308
60500 0.00477693219443308
92140 0.00477693219443308
3490 0.0046441743996053
185 0.00447837393228102
1017 0.00447837393228102
2101 0.00447837393228102
2688 0.00447837393228102
2946 0.00447837393228102
3126 0.00447837393228102
3169 0.00447837393228102
3292 0.00447837393228102
3667 0.00447837393228102
4233 0.00447837393228102
7031 0.00447837393228102
51478 0.00447837393228102
57026 0.00447837393228102
9112 0.00417981567012895
10481 0.00417981567012895
83478 0.00417981567012895
573 0.00417981567012895
1022 0.00417981567012895
1474 0.00417981567012895
2248 0.00417981567012895
2810 0.00417981567012895
2896 0.00417981567012895
3643 0.00417981567012895
3852 0.00417981567012895
3958 0.00417981567012895
4548 0.00417981567012895
4846 0.00417981567012895
5304 0.00417981567012895
5747 0.00417981567012895
5915 0.00417981567012895
6240 0.00417981567012895
216 0.00388125740797688
355 0.00388125740797688
864 0.00388125740797688
1191 0.00388125740797688
1493 0.00388125740797688
1786 0.00388125740797688
1999 0.00388125740797688
2065 0.00388125740797688
2067 0.00388125740797688
2118 0.00388125740797688
2247 0.00388125740797688
3458 0.00388125740797688
3553 0.00388125740797688
4015 0.00388125740797688
4322 0.00388125740797688
5889 0.00388125740797688
6648 0.00388125740797688
6714 0.00388125740797688
7057 0.00388125740797688
7078 0.00388125740797688
7158 0.00388125740797688
8048 0.00388125740797688
8543 0.00388125740797688
8731 0.00388125740797688
9564 0.00388125740797688
51151 0.00388125740797688
79811 0.00388125740797688
84260 0.00388125740797688
8600 0.00358269914582481
8850 0.00358269914582481
406991 0.00358269914582481
183 0.00358269914582481
328 0.00358269914582481
836 0.00358269914582481
1084 0.00358269914582481
1087 0.00358269914582481
1577 0.00358269914582481
1890 0.00358269914582481
2017 0.00358269914582481
2072 0.00358269914582481
2305 0.00358269914582481
3845 0.00358269914582481
3934 0.00358269914582481
4046 0.00358269914582481
4477 0.00358269914582481
5670 0.00358269914582481
6794 0.00358269914582481
768 0.00328414088367274
928 0.00328414088367274
2335 0.00328414088367274
2852 0.00328414088367274
3315 0.00328414088367274
3371 0.00328414088367274
4485 0.00328414088367274
4914 0.00328414088367274
4968 0.00328414088367274
5058 0.00328414088367274
5530 0.00328414088367274
5890 0.00328414088367274
6422 0.00328414088367274
6502 0.00328414088367274
6588 0.00328414088367274
6783 0.00328414088367274
7046 0.00328414088367274
7052 0.00328414088367274
7077 0.00328414088367274
7096 0.00328414088367274
7163 0.00328414088367274
7764 0.00328414088367274
10011 0.00328414088367274
10855 0.00328414088367274
23038 0.00328414088367274
25803 0.00328414088367274
27043 0.00328414088367274
29072 0.00328414088367274
57045 0.00328414088367274
57534 0.00328414088367274
80781 0.00328414088367274
84000 0.00328414088367274
89782 0.00328414088367274
114614 0.00328414088367274
115650 0.00328414088367274
8626 0.00298558262152068
8648 0.00298558262152068
10036 0.00298558262152068
27319 0.00298558262152068
51053 0.00298558262152068
54658 0.00298558262152068
55540 0.00298558262152068
56477 0.00298558262152068
57508 0.00298558262152068
85320 0.00298558262152068
283120 0.00298558262152068
231 0.00298558262152068
571 0.00298558262152068
641 0.00298558262152068
847 0.00298558262152068
898 0.00298558262152068
1490 0.00298558262152068
1748 0.00298558262152068
1869 0.00298558262152068
2185 0.00298558262152068
2321 0.00298558262152068
2956 0.00298558262152068
3316 0.00298558262152068
3491 0.00298558262152068
3552 0.00298558262152068
3732 0.00298558262152068
4255 0.00298558262152068
4288 0.00298558262152068
4353 0.00298558262152068
4552 0.00298558262152068
4597 0.00298558262152068
5972 0.00298558262152068
6347 0.00298558262152068
6382 0.00298558262152068
7039 0.00298558262152068
8493 0.00298558262152068
214 0.00268702435936861
801 0.00268702435936861
805 0.00268702435936861
808 0.00268702435936861
894 0.00268702435936861
920 0.00268702435936861
1591 0.00268702435936861
3381 0.00268702435936861
3383 0.00268702435936861
4316 0.00268702435936861
4602 0.00268702435936861
4810 0.00268702435936861
5047 0.00268702435936861
5327 0.00268702435936861
5599 0.00268702435936861
6352 0.00268702435936861
6750 0.00268702435936861
6772 0.00268702435936861
6850 0.00268702435936861
6863 0.00268702435936861
7020 0.00268702435936861
7022 0.00268702435936861
7037 0.00268702435936861
7126 0.00268702435936861
7504 0.00268702435936861
7979 0.00268702435936861
8038 0.00268702435936861
9509 0.00268702435936861
9687 0.00268702435936861
10611 0.00268702435936861
11009 0.00268702435936861
11331 0.00268702435936861
22861 0.00268702435936861
50818 0.00268702435936861
54106 0.00268702435936861
54474 0.00268702435936861
112476 0.00268702435936861
9314 0.00238846609721654
9360 0.00238846609721654
9368 0.00238846609721654
9641 0.00238846609721654
10970 0.00238846609721654
23221 0.00238846609721654
29128 0.00238846609721654
51150 0.00238846609721654
56994 0.00238846609721654
79017 0.00238846609721654
25 0.00238846609721654
28 0.00238846609721654
182 0.00238846609721654
190 0.00238846609721654
348 0.00238846609721654
654 0.00238846609721654
1068 0.00238846609721654
1351 0.00238846609721654
1368 0.00238846609721654
1436 0.00238846609721654
1906 0.00238846609721654
2152 0.00238846609721654
2494 0.00238846609721654
2668 0.00238846609721654
2876 0.00238846609721654
2908 0.00238846609721654
3077 0.00238846609721654
3133 0.00238846609721654
3159 0.00238846609721654
4018 0.00238846609721654
4049 0.00238846609721654
4060 0.00238846609721654
4314 0.00238846609721654
4709 0.00238846609721654
4830 0.00238846609721654
4907 0.00238846609721654
4982 0.00238846609721654
5245 0.00238846609721654
5444 0.00238846609721654
5655 0.00238846609721654
6121 0.00238846609721654
6277 0.00238846609721654
6304 0.00238846609721654
6513 0.00238846609721654
6591 0.00238846609721654
6776 0.00238846609721654
7405 0.00238846609721654
7439 0.00238846609721654
7494 0.00238846609721654
7508 0.00238846609721654
9 0.00208990783506447
19 0.00208990783506447
52 0.00208990783506447
126 0.00208990783506447
302 0.00208990783506447
353 0.00208990783506447
551 0.00208990783506447
604 0.00208990783506447
688 0.00208990783506447
860 0.00208990783506447
889 0.00208990783506447
890 0.00208990783506447
1019 0.00208990783506447
1033 0.00208990783506447
1051 0.00208990783506447
1371 0.00208990783506447
1440 0.00208990783506447
1508 0.00208990783506447
1559 0.00208990783506447
1630 0.00208990783506447
1719 0.00208990783506447
1756 0.00208990783506447
1806 0.00208990783506447
1874 0.00208990783506447
1909 0.00208990783506447
1969 0.00208990783506447
2073 0.00208990783506447
2103 0.00208990783506447
2246 0.00208990783506447
2277 0.00208990783506447
2309 0.00208990783506447
2691 0.00208990783506447
2768 0.00208990783506447
2954 0.00208990783506447
3014 0.00208990783506447
3135 0.00208990783506447
3202 0.00208990783506447
3308 0.00208990783506447
3488 0.00208990783506447
3557 0.00208990783506447
3815 0.00208990783506447
3927 0.00208990783506447
4162 0.00208990783506447
4295 0.00208990783506447
4493 0.00208990783506447
5018 0.00208990783506447
5347 0.00208990783506447
5595 0.00208990783506447
6198 0.00208990783506447
6573 0.00208990783506447
6667 0.00208990783506447
6678 0.00208990783506447
6777 0.00208990783506447
7296 0.00208990783506447
7357 0.00208990783506447
7376 0.00208990783506447
7428 0.00208990783506447
7432 0.00208990783506447
7518 0.00208990783506447
7528 0.00208990783506447
7832 0.00208990783506447
7936 0.00208990783506447
8660 0.00208990783506447
8720 0.00208990783506447
8829 0.00208990783506447
9232 0.00208990783506447
9377 0.00208990783506447
9699 0.00208990783506447
10058 0.00208990783506447
10249 0.00208990783506447
10457 0.00208990783506447
10765 0.00208990783506447
11319 0.00208990783506447
25800 0.00208990783506447
26073 0.00208990783506447
26871 0.00208990783506447
27086 0.00208990783506447
54726 0.00208990783506447
56655 0.00208990783506447
57804 0.00208990783506447
79823 0.00208990783506447
84168 0.00208990783506447
92304 0.00208990783506447
118430 0.00208990783506447
342977 0.00208990783506447
8558 0.00179134957291241
8644 0.00179134957291241
8714 0.00179134957291241
8838 0.00179134957291241
8932 0.00179134957291241
9058 0.00179134957291241
9134 0.00179134957291241
9148 0.00179134957291241
9221 0.00179134957291241
9365 0.00179134957291241
9370 0.00179134957291241
9402 0.00179134957291241
9612 0.00179134957291241
10514 0.00179134957291241
10598 0.00179134957291241
10850 0.00179134957291241
10857 0.00179134957291241
22891 0.00179134957291241
22930 0.00179134957291241
23049 0.00179134957291241
23411 0.00179134957291241
25897 0.00179134957291241
27352 0.00179134957291241
29108 0.00179134957291241
55536 0.00179134957291241
56946 0.00179134957291241
59348 0.00179134957291241
63897 0.00179134957291241
65108 0.00179134957291241
79947 0.00179134957291241
85348 0.00179134957291241
147719 0.00179134957291241
284111 0.00179134957291241
474256 0.00179134957291241
356 0.00179134957291241
617 0.00179134957291241
1030 0.00179134957291241
1119 0.00179134957291241
1236 0.00179134957291241
1326 0.00179134957291241
1384 0.00179134957291241
1398 0.00179134957291241
1429 0.00179134957291241
1432 0.00179134957291241
1499 0.00179134957291241
1571 0.00179134957291241
1574 0.00179134957291241
1917 0.00179134957291241
2022 0.00179134957291241
2176 0.00179134957291241
2191 0.00179134957291241
2252 0.00179134957291241
2253 0.00179134957291241
2296 0.00179134957291241
2597 0.00179134957291241
2669 0.00179134957291241
2720 0.00179134957291241
2735 0.00179134957291241
2886 0.00179134957291241
2919 0.00179134957291241
2938 0.00179134957291241
3090 0.00179134957291241
3105 0.00179134957291241
3240 0.00179134957291241
3482 0.00179134957291241
3620 0.00179134957291241
3856 0.00179134957291241
3861 0.00179134957291241
3981 0.00179134957291241
4051 0.00179134957291241
4240 0.00179134957291241
4361 0.00179134957291241
4595 0.00179134957291241
4758 0.00179134957291241
4843 0.00179134957291241
4893 0.00179134957291241
4953 0.00179134957291241
5168 0.00179134957291241
5308 0.00179134957291241
5465 0.00179134957291241
5524 0.00179134957291241
5578 0.00179134957291241
5664 0.00179134957291241
5727 0.00179134957291241
5753 0.00179134957291241
5770 0.00179134957291241
5892 0.00179134957291241
5934 0.00179134957291241
6046 0.00179134957291241
6404 0.00179134957291241
6469 0.00179134957291241
6530 0.00179134957291241
6646 0.00179134957291241
6647 0.00179134957291241
6654 0.00179134957291241
6715 0.00179134957291241
6716 0.00179134957291241
6768 0.00179134957291241
6822 0.00179134957291241
6867 0.00179134957291241
6868 0.00179134957291241
6935 0.00179134957291241
7048 0.00179134957291241
7099 0.00179134957291241
7295 0.00179134957291241
7965 0.00179134957291241
8021 0.00179134957291241
8045 0.00179134957291241
125 0.00149279131076034
146 0.00149279131076034
213 0.00149279131076034
301 0.00149279131076034
331 0.00149279131076034
463 0.00149279131076034
545 0.00149279131076034
581 0.00149279131076034
648 0.00149279131076034
655 0.00149279131076034
664 0.00149279131076034
667 0.00149279131076034
682 0.00149279131076034
799 0.00149279131076034
873 0.00149279131076034
891 0.00149279131076034
941 0.00149279131076034
963 0.00149279131076034
1001 0.00149279131076034
1081 0.00149279131076034
1116 0.00149279131076034
1302 0.00149279131076034
1364 0.00149279131076034
1386 0.00149279131076034
1410 0.00149279131076034
1462 0.00149279131076034
1500 0.00149279131076034
1523 0.00149279131076034
1558 0.00149279131076034
1583 0.00149279131076034
1634 0.00149279131076034
1647 0.00149279131076034
1755 0.00149279131076034
1760 0.00149279131076034
1789 0.00149279131076034
1958 0.00149279131076034
2011 0.00149279131076034
2120 0.00149279131076034
2149 0.00149279131076034
2170 0.00149279131076034
2177 0.00149279131076034
2192 0.00149279131076034
2249 0.00149279131076034
2258 0.00149279131076034
2487 0.00149279131076034
2547 0.00149279131076034
2739 0.00149279131076034
2934 0.00149279131076034
3037 0.00149279131076034
3146 0.00149279131076034
3162 0.00149279131076034
3250 0.00149279131076034
3273 0.00149279131076034
3484 0.00149279131076034
3485 0.00149279131076034
3659 0.00149279131076034
3918 0.00149279131076034
3925 0.00149279131076034
4077 0.00149279131076034
4137 0.00149279131076034
4297 0.00149279131076034
4335 0.00149279131076034
4547 0.00149279131076034
4763 0.00149279131076034
4851 0.00149279131076034
4858 0.00149279131076034
4862 0.00149279131076034
4916 0.00149279131076034
5020 0.00149279131076034
5026 0.00149279131076034
5091 0.00149279131076034
5329 0.00149279131076034
5371 0.00149279131076034
5376 0.00149279131076034
5423 0.00149279131076034
5591 0.00149279131076034
5669 0.00149279131076034
5741 0.00149279131076034
5764 0.00149279131076034
5829 0.00149279131076034
5893 0.00149279131076034
5940 0.00149279131076034
5947 0.00149279131076034
5967 0.00149279131076034
5981 0.00149279131076034
6366 0.00149279131076034
6401 0.00149279131076034
6489 0.00149279131076034
6579 0.00149279131076034
6606 0.00149279131076034
6607 0.00149279131076034
6624 0.00149279131076034
6752 0.00149279131076034
6934 0.00149279131076034
7042 0.00149279131076034
7145 0.00149279131076034
7345 0.00149279131076034
7474 0.00149279131076034
7903 0.00149279131076034
8061 0.00149279131076034
8091 0.00149279131076034
8630 0.00149279131076034
8792 0.00149279131076034
8795 0.00149279131076034
8839 0.00149279131076034
8851 0.00149279131076034
9048 0.00149279131076034
9074 0.00149279131076034
9077 0.00149279131076034
9166 0.00149279131076034
9242 0.00149279131076034
9260 0.00149279131076034
9446 0.00149279131076034
9618 0.00149279131076034
9821 0.00149279131076034
9961 0.00149279131076034
10076 0.00149279131076034
10413 0.00149279131076034
10542 0.00149279131076034
10647 0.00149279131076034
10724 0.00149279131076034
10801 0.00149279131076034
10884 0.00149279131076034
10948 0.00149279131076034
11156 0.00149279131076034
11197 0.00149279131076034
11258 0.00149279131076034
11261 0.00149279131076034
22943 0.00149279131076034
23028 0.00149279131076034
23136 0.00149279131076034
25937 0.00149279131076034
26227 0.00149279131076034
28509 0.00149279131076034
29122 0.00149279131076034
30816 0.00149279131076034
50848 0.00149279131076034
51312 0.00149279131076034
54583 0.00149279131076034
55294 0.00149279131076034
57650 0.00149279131076034
57761 0.00149279131076034
79068 0.00149279131076034
79971 0.00149279131076034
80316 0.00149279131076034
94025 0.00149279131076034
128367 0.00149279131076034
199699 0.00149279131076034
326625 0.00149279131076034
390502 0.00149279131076034
100124700 0.00149279131076034
100532731 0.00149279131076034
8553 0.00119423304860827
8671 0.00119423304860827
8682 0.00119423304860827
8692 0.00119423304860827
8797 0.00119423304860827
8837 0.00119423304860827
8877 0.00119423304860827
9052 0.00119423304860827
9353 0.00119423304860827
9519 0.00119423304860827
9628 0.00119423304860827
9635 0.00119423304860827
9734 0.00119423304860827
9768 0.00119423304860827
9846 0.00119423304860827
10327 0.00119423304860827
10657 0.00119423304860827
10664 0.00119423304860827
10683 0.00119423304860827
10863 0.00119423304860827
10923 0.00119423304860827
10987 0.00119423304860827
10991 0.00119423304860827
11059 0.00119423304860827
22822 0.00119423304860827
23550 0.00119423304860827
23600 0.00119423304860827
25913 0.00119423304860827
26479 0.00119423304860827
27122 0.00119423304860827
27152 0.00119423304860827
29089 0.00119423304860827
29944 0.00119423304860827
43847 0.00119423304860827
50514 0.00119423304860827
50807 0.00119423304860827
51094 0.00119423304860827
51147 0.00119423304860827
51720 0.00119423304860827
54828 0.00119423304860827
54971 0.00119423304860827
55249 0.00119423304860827
55353 0.00119423304860827
55859 0.00119423304860827
57007 0.00119423304860827
57447 0.00119423304860827
64689 0.00119423304860827
64754 0.00119423304860827
65125 0.00119423304860827
79513 0.00119423304860827
79648 0.00119423304860827
83596 0.00119423304860827
84299 0.00119423304860827
84627 0.00119423304860827
84707 0.00119423304860827
91074 0.00119423304860827
94081 0.00119423304860827
128360 0.00119423304860827
128408 0.00119423304860827
145389 0.00119423304860827
168400 0.00119423304860827
284348 0.00119423304860827
338412 0.00119423304860827
343169 0.00119423304860827
400500 0.00119423304860827
406973 0.00119423304860827
641648 0.00119423304860827
677775 0.00119423304860827
728378 0.00119423304860827
100509457 0.00119423304860827
31 0.00119423304860827
133 0.00119423304860827
154 0.00119423304860827
309 0.00119423304860827
332 0.00119423304860827
351 0.00119423304860827
406 0.00119423304860827
467 0.00119423304860827
546 0.00119423304860827
627 0.00119423304860827
650 0.00119423304860827
652 0.00119423304860827
706 0.00119423304860827
842 0.00119423304860827
843 0.00119423304860827
846 0.00119423304860827
861 0.00119423304860827
896 0.00119423304860827
923 0.00119423304860827
977 0.00119423304860827
983 0.00119423304860827
1013 0.00119423304860827
1028 0.00119423304860827
1113 0.00119423304860827
1234 0.00119423304860827
1378 0.00119423304860827
1457 0.00119423304860827
1611 0.00119423304860827
1612 0.00119423304860827
1655 0.00119423304860827
1778 0.00119423304860827
1843 0.00119423304860827
1902 0.00119423304860827
1910 0.00119423304860827
1982 0.00119423304860827
2023 0.00119423304860827
2034 0.00119423304860827
2046 0.00119423304860827
2104 0.00119423304860827
2150 0.00119423304860827
2175 0.00119423304860827
2294 0.00119423304860827
2319 0.00119423304860827
2346 0.00119423304860827
2690 0.00119423304860827
2693 0.00119423304860827
2821 0.00119423304860827
2922 0.00119423304860827
3043 0.00119423304860827
3099 0.00119423304860827
3117 0.00119423304860827
3119 0.00119423304860827
3161 0.00119423304860827
3172 0.00119423304860827
3297 0.00119423304860827
3303 0.00119423304860827
3304 0.00119423304860827
3376 0.00119423304860827
3502 0.00119423304860827
3606 0.00119423304860827
3611 0.00119423304860827
3621 0.00119423304860827
3645 0.00119423304860827
3678 0.00119423304860827
3690 0.00119423304860827
3814 0.00119423304860827
3921 0.00119423304860827
3930 0.00119423304860827
3945 0.00119423304860827
4040 0.00119423304860827
4094 0.00119423304860827
4221 0.00119423304860827
4254 0.00119423304860827
4342 0.00119423304860827
4481 0.00119423304860827
4583 0.00119423304860827
4771 0.00119423304860827
4803 0.00119423304860827
4835 0.00119423304860827
4842 0.00119423304860827
4855 0.00119423304860827
4869 0.00119423304860827
5037 0.00119423304860827
5071 0.00119423304860827
5087 0.00119423304860827
5170 0.00119423304860827
5175 0.00119423304860827
5250 0.00119423304860827
5313 0.00119423304860827
5653 0.00119423304860827
5725 0.00119423304860827
5781 0.00119423304860827
5931 0.00119423304860827
5970 0.00119423304860827
6045 0.00119423304860827
6050 0.00119423304860827
6241 0.00119423304860827
6271 0.00119423304860827
6280 0.00119423304860827
6285 0.00119423304860827
6294 0.00119423304860827
6298 0.00119423304860827
6423 0.00119423304860827
6494 0.00119423304860827
6520 0.00119423304860827
6532 0.00119423304860827
6548 0.00119423304860827
6586 0.00119423304860827
6590 0.00119423304860827
6615 0.00119423304860827
6657 0.00119423304860827
6663 0.00119423304860827
6692 0.00119423304860827
6781 0.00119423304860827
6857 0.00119423304860827
6925 0.00119423304860827
7001 0.00119423304860827
7033 0.00119423304860827
7133 0.00119423304860827
7164 0.00119423304860827
7173 0.00119423304860827
7178 0.00119423304860827
7227 0.00119423304860827
7364 0.00119423304860827
7412 0.00119423304860827
7433 0.00119423304860827
7465 0.00119423304860827
7480 0.00119423304860827
7534 0.00119423304860827
7538 0.00119423304860827
7706 0.00119423304860827
8412 0.00119423304860827
8434 0.00119423304860827
24 8.95674786456203E-4
174 8.95674786456203E-4
189 8.95674786456203E-4
208 8.95674786456203E-4
240 8.95674786456203E-4
310 8.95674786456203E-4
335 8.95674786456203E-4
558 8.95674786456203E-4
637 8.95674786456203E-4
638 8.95674786456203E-4
699 8.95674786456203E-4
701 8.95674786456203E-4
780 8.95674786456203E-4
796 8.95674786456203E-4
811 8.95674786456203E-4
821 8.95674786456203E-4
909 8.95674786456203E-4
931 8.95674786456203E-4
947 8.95674786456203E-4
959 8.95674786456203E-4
1021 8.95674786456203E-4
1036 8.95674786456203E-4
1052 8.95674786456203E-4
1080 8.95674786456203E-4
1104 8.95674786456203E-4
1244 8.95674786456203E-4
1316 8.95674786456203E-4
1382 8.95674786456203E-4
1385 8.95674786456203E-4
1392 8.95674786456203E-4
1442 8.95674786456203E-4
1443 8.95674786456203E-4
1454 8.95674786456203E-4
1464 8.95674786456203E-4
1546 8.95674786456203E-4
1602 8.95674786456203E-4
1633 8.95674786456203E-4
1645 8.95674786456203E-4
1666 8.95674786456203E-4
1678 8.95674786456203E-4
1822 8.95674786456203E-4
1871 8.95674786456203E-4
1934 8.95674786456203E-4
1946 8.95674786456203E-4
1960 8.95674786456203E-4
1977 8.95674786456203E-4
1978 8.95674786456203E-4
1991 8.95674786456203E-4
2004 8.95674786456203E-4
2052 8.95674786456203E-4
2056 8.95674786456203E-4
2057 8.95674786456203E-4
2086 8.95674786456203E-4
2167 8.95674786456203E-4
2173 8.95674786456203E-4
2187 8.95674786456203E-4
2214 8.95674786456203E-4
2261 8.95674786456203E-4
2274 8.95674786456203E-4
2288 8.95674786456203E-4
2303 8.95674786456203E-4
2324 8.95674786456203E-4
2624 8.95674786456203E-4
2641 8.95674786456203E-4
2657 8.95674786456203E-4
2703 8.95674786456203E-4
2784 8.95674786456203E-4
2932 8.95674786456203E-4
2971 8.95674786456203E-4
2995 8.95674786456203E-4
3042 8.95674786456203E-4
3065 8.95674786456203E-4
3067 8.95674786456203E-4
3118 8.95674786456203E-4
3120 8.95674786456203E-4
3123 8.95674786456203E-4
3160 8.95674786456203E-4
3217 8.95674786456203E-4
3219 8.95674786456203E-4
3294 8.95674786456203E-4
3306 8.95674786456203E-4
3309 8.95674786456203E-4
3312 8.95674786456203E-4
3339 8.95674786456203E-4
3487 8.95674786456203E-4
3559 8.95674786456203E-4
3565 8.95674786456203E-4
3567 8.95674786456203E-4
3572 8.95674786456203E-4
3589 8.95674786456203E-4
3600 8.95674786456203E-4
3605 8.95674786456203E-4
3646 8.95674786456203E-4
3689 8.95674786456203E-4
3717 8.95674786456203E-4
3875 8.95674786456203E-4
3906 8.95674786456203E-4
3939 8.95674786456203E-4
3959 8.95674786456203E-4
3973 8.95674786456203E-4
4017 8.95674786456203E-4
4035 8.95674786456203E-4
4041 8.95674786456203E-4
4151 8.95674786456203E-4
4153 8.95674786456203E-4
4163 8.95674786456203E-4
4204 8.95674786456203E-4
4246 8.95674786456203E-4
4282 8.95674786456203E-4
4311 8.95674786456203E-4
4317 8.95674786456203E-4
4350 8.95674786456203E-4
4359 8.95674786456203E-4
4478 8.95674786456203E-4
4486 8.95674786456203E-4
4502 8.95674786456203E-4
4605 8.95674786456203E-4
4781 8.95674786456203E-4
4827 8.95674786456203E-4
4888 8.95674786456203E-4
5002 8.95674786456203E-4
5021 8.95674786456203E-4
5055 8.95674786456203E-4
5063 8.95674786456203E-4
5067 8.95674786456203E-4
5076 8.95674786456203E-4
5122 8.95674786456203E-4
5130 8.95674786456203E-4
5133 8.95674786456203E-4
5156 8.95674786456203E-4
5163 8.95674786456203E-4
5176 8.95674786456203E-4
5216 8.95674786456203E-4
5300 8.95674786456203E-4
5315 8.95674786456203E-4
5395 8.95674786456203E-4
5428 8.95674786456203E-4
5469 8.95674786456203E-4
5481 8.95674786456203E-4
5538 8.95674786456203E-4
5610 8.95674786456203E-4
5654 8.95674786456203E-4
5710 8.95674786456203E-4
5714 8.95674786456203E-4
5716 8.95674786456203E-4
5740 8.95674786456203E-4
5777 8.95674786456203E-4
5783 8.95674786456203E-4
5786 8.95674786456203E-4
5795 8.95674786456203E-4
5894 8.95674786456203E-4
5918 8.95674786456203E-4
5921 8.95674786456203E-4
5956 8.95674786456203E-4
5978 8.95674786456203E-4
5979 8.95674786456203E-4
5987 8.95674786456203E-4
6023 8.95674786456203E-4
6093 8.95674786456203E-4
6143 8.95674786456203E-4
6196 8.95674786456203E-4
6197 8.95674786456203E-4
6208 8.95674786456203E-4
6237 8.95674786456203E-4
6256 8.95674786456203E-4
6279 8.95674786456203E-4
6281 8.95674786456203E-4
6286 8.95674786456203E-4
6375 8.95674786456203E-4
6445 8.95674786456203E-4
6482 8.95674786456203E-4
6518 8.95674786456203E-4
6622 8.95674786456203E-4
6745 8.95674786456203E-4
6833 8.95674786456203E-4
6869 8.95674786456203E-4
6997 8.95674786456203E-4
7009 8.95674786456203E-4
7014 8.95674786456203E-4
7026 8.95674786456203E-4
7032 8.95674786456203E-4
7035 8.95674786456203E-4
7069 8.95674786456203E-4
7071 8.95674786456203E-4
7080 8.95674786456203E-4
7097 8.95674786456203E-4
7132 8.95674786456203E-4
7150 8.95674786456203E-4
7168 8.95674786456203E-4
7200 8.95674786456203E-4
7294 8.95674786456203E-4
7306 8.95674786456203E-4
7329 8.95674786456203E-4
7337 8.95674786456203E-4
7356 8.95674786456203E-4
7389 8.95674786456203E-4
7430 8.95674786456203E-4
7486 8.95674786456203E-4
7495 8.95674786456203E-4
7507 8.95674786456203E-4
7536 8.95674786456203E-4
7913 8.95674786456203E-4
8201 8.95674786456203E-4
8204 8.95674786456203E-4
8241 8.95674786456203E-4
8289 8.95674786456203E-4
8314 8.95674786456203E-4
8321 8.95674786456203E-4
8431 8.95674786456203E-4
8451 8.95674786456203E-4
8614 8.95674786456203E-4
8651 8.95674786456203E-4
8655 8.95674786456203E-4
8805 8.95674786456203E-4
8826 8.95674786456203E-4
8842 8.95674786456203E-4
8914 8.95674786456203E-4
8972 8.95674786456203E-4
9075 8.95674786456203E-4
9138 8.95674786456203E-4
9170 8.95674786456203E-4
9212 8.95674786456203E-4
9223 8.95674786456203E-4
9308 8.95674786456203E-4
9332 8.95674786456203E-4
9445 8.95674786456203E-4
9469 8.95674786456203E-4
9497 8.95674786456203E-4
9547 8.95674786456203E-4
9582 8.95674786456203E-4
9622 8.95674786456203E-4
9636 8.95674786456203E-4
9817 8.95674786456203E-4
9833 8.95674786456203E-4
9928 8.95674786456203E-4
9940 8.95674786456203E-4
9993 8.95674786456203E-4
10111 8.95674786456203E-4
10120 8.95674786456203E-4
10128 8.95674786456203E-4
10286 8.95674786456203E-4
10307 8.95674786456203E-4
10380 8.95674786456203E-4
10397 8.95674786456203E-4
10403 8.95674786456203E-4
10462 8.95674786456203E-4
10519 8.95674786456203E-4
10551 8.95674786456203E-4
10565 8.95674786456203E-4
10569 8.95674786456203E-4
10599 8.95674786456203E-4
10630 8.95674786456203E-4
10631 8.95674786456203E-4
10663 8.95674786456203E-4
10686 8.95674786456203E-4
10728 8.95674786456203E-4
10755 8.95674786456203E-4
10763 8.95674786456203E-4
10848 8.95674786456203E-4
10879 8.95674786456203E-4
10891 8.95674786456203E-4
10899 8.95674786456203E-4
10928 8.95674786456203E-4
10972 8.95674786456203E-4
10979 8.95674786456203E-4
11004 8.95674786456203E-4
11073 8.95674786456203E-4
11076 8.95674786456203E-4
11093 8.95674786456203E-4
11126 8.95674786456203E-4
11178 8.95674786456203E-4
11309 8.95674786456203E-4
23269 8.95674786456203E-4
23368 8.95674786456203E-4
23410 8.95674786456203E-4
23476 8.95674786456203E-4
23524 8.95674786456203E-4
23659 8.95674786456203E-4
23677 8.95674786456203E-4
23705 8.95674786456203E-4
25818 8.95674786456203E-4
25830 8.95674786456203E-4
25996 8.95674786456203E-4
27074 8.95674786456203E-4
27087 8.95674786456203E-4
27161 8.95674786456203E-4
27250 8.95674786456203E-4
27297 8.95674786456203E-4
27303 8.95674786456203E-4
28956 8.95674786456203E-4
29028 8.95674786456203E-4
51010 8.95674786456203E-4
51696 8.95674786456203E-4
53358 8.95674786456203E-4
54567 8.95674786456203E-4
54887 8.95674786456203E-4
54967 8.95674786456203E-4
55279 8.95674786456203E-4
55349 8.95674786456203E-4
55714 8.95674786456203E-4
55743 8.95674786456203E-4
55902 8.95674786456203E-4
56547 8.95674786456203E-4
56616 8.95674786456203E-4
56902 8.95674786456203E-4
57152 8.95674786456203E-4
57332 8.95674786456203E-4
57730 8.95674786456203E-4
57862 8.95674786456203E-4
59286 8.95674786456203E-4
59351 8.95674786456203E-4
64127 8.95674786456203E-4
79365 8.95674786456203E-4
79679 8.95674786456203E-4
79977 8.95674786456203E-4
80139 8.95674786456203E-4
80223 8.95674786456203E-4
80381 8.95674786456203E-4
81847 8.95674786456203E-4
84073 8.95674786456203E-4
84464 8.95674786456203E-4
84549 8.95674786456203E-4
84680 8.95674786456203E-4
85004 8.95674786456203E-4
85344 8.95674786456203E-4
85413 8.95674786456203E-4
91056 8.95674786456203E-4
94241 8.95674786456203E-4
112398 8.95674786456203E-4
117159 8.95674786456203E-4
133522 8.95674786456203E-4
140690 8.95674786456203E-4
203427 8.95674786456203E-4
348654 8.95674786456203E-4
387893 8.95674786456203E-4
391107 8.95674786456203E-4
405754 8.95674786456203E-4
406903 8.95674786456203E-4
406947 8.95674786456203E-4
407018 8.95674786456203E-4
643714 8.95674786456203E-4
727897 8.95674786456203E-4
100144748 8.95674786456203E-4
100507436 8.95674786456203E-4
8537 5.97116524304135E-4
8650 5.97116524304135E-4
8658 5.97116524304135E-4
8737 5.97116524304135E-4
8745 5.97116524304135E-4
8751 5.97116524304135E-4
8754 5.97116524304135E-4
8784 5.97116524304135E-4
8828 5.97116524304135E-4
8835 5.97116524304135E-4
8836 5.97116524304135E-4
8840 5.97116524304135E-4
8863 5.97116524304135E-4
8864 5.97116524304135E-4
8878 5.97116524304135E-4
9021 5.97116524304135E-4
9027 5.97116524304135E-4
9055 5.97116524304135E-4
9076 5.97116524304135E-4
9092 5.97116524304135E-4
9139 5.97116524304135E-4
9200 5.97116524304135E-4
9201 5.97116524304135E-4
9211 5.97116524304135E-4
9235 5.97116524304135E-4
9372 5.97116524304135E-4
9462 5.97116524304135E-4
9475 5.97116524304135E-4
9498 5.97116524304135E-4
9510 5.97116524304135E-4
9536 5.97116524304135E-4
9538 5.97116524304135E-4
9572 5.97116524304135E-4
9575 5.97116524304135E-4
9607 5.97116524304135E-4
9638 5.97116524304135E-4
9682 5.97116524304135E-4
9702 5.97116524304135E-4
9705 5.97116524304135E-4
9727 5.97116524304135E-4
9757 5.97116524304135E-4
9788 5.97116524304135E-4
9825 5.97116524304135E-4
9971 5.97116524304135E-4
9988 5.97116524304135E-4
10013 5.97116524304135E-4
10087 5.97116524304135E-4
10103 5.97116524304135E-4
10142 5.97116524304135E-4
10178 5.97116524304135E-4
10181 5.97116524304135E-4
10194 5.97116524304135E-4
10216 5.97116524304135E-4
10217 5.97116524304135E-4
10253 5.97116524304135E-4
10263 5.97116524304135E-4
10273 5.97116524304135E-4
10370 5.97116524304135E-4
10381 5.97116524304135E-4
10395 5.97116524304135E-4
10401 5.97116524304135E-4
10440 5.97116524304135E-4
10456 5.97116524304135E-4
10487 5.97116524304135E-4
10498 5.97116524304135E-4
10499 5.97116524304135E-4
10521 5.97116524304135E-4
10553 5.97116524304135E-4
10560 5.97116524304135E-4
10563 5.97116524304135E-4
10573 5.97116524304135E-4
10580 5.97116524304135E-4
10587 5.97116524304135E-4
10642 5.97116524304135E-4
10644 5.97116524304135E-4
10682 5.97116524304135E-4
10714 5.97116524304135E-4
10718 5.97116524304135E-4
10721 5.97116524304135E-4
10752 5.97116524304135E-4
10781 5.97116524304135E-4
10894 5.97116524304135E-4
10902 5.97116524304135E-4
10916 5.97116524304135E-4
10933 5.97116524304135E-4
10935 5.97116524304135E-4
10950 5.97116524304135E-4
10951 5.97116524304135E-4
10962 5.97116524304135E-4
10966 5.97116524304135E-4
11065 5.97116524304135E-4
11102 5.97116524304135E-4
11143 5.97116524304135E-4
11146 5.97116524304135E-4
11160 5.97116524304135E-4
11168 5.97116524304135E-4
11214 5.97116524304135E-4
11226 5.97116524304135E-4
11279 5.97116524304135E-4
11315 5.97116524304135E-4
11318 5.97116524304135E-4
22794 5.97116524304135E-4
22800 5.97116524304135E-4
22859 5.97116524304135E-4
22933 5.97116524304135E-4
23030 5.97116524304135E-4
23037 5.97116524304135E-4
23077 5.97116524304135E-4
23205 5.97116524304135E-4
23328 5.97116524304135E-4
23345 5.97116524304135E-4
23385 5.97116524304135E-4
23415 5.97116524304135E-4
23421 5.97116524304135E-4
23503 5.97116524304135E-4
23513 5.97116524304135E-4
23532 5.97116524304135E-4
23543 5.97116524304135E-4
23549 5.97116524304135E-4
23636 5.97116524304135E-4
23650 5.97116524304135E-4
23678 5.97116524304135E-4
25824 5.97116524304135E-4
25825 5.97116524304135E-4
25920 5.97116524304135E-4
25927 5.97116524304135E-4
25976 5.97116524304135E-4
26038 5.97116524304135E-4
26085 5.97116524304135E-4
26136 5.97116524304135E-4
26191 5.97116524304135E-4
26246 5.97116524304135E-4
26284 5.97116524304135E-4
26512 5.97116524304135E-4
26683 5.97116524304135E-4
26806 5.97116524304135E-4
26994 5.97116524304135E-4
27075 5.97116524304135E-4
27102 5.97116524304135E-4
27113 5.97116524304135E-4
27151 5.97116524304135E-4
27243 5.97116524304135E-4
27257 5.97116524304135E-4
27289 5.97116524304135E-4
27302 5.97116524304135E-4
27316 5.97116524304135E-4
28755 5.97116524304135E-4
28996 5.97116524304135E-4
29086 5.97116524304135E-4
29107 5.97116524304135E-4
29117 5.97116524304135E-4
29123 5.97116524304135E-4
29126 5.97116524304135E-4
29127 5.97116524304135E-4
29780 5.97116524304135E-4
29851 5.97116524304135E-4
29956 5.97116524304135E-4
29968 5.97116524304135E-4
30061 5.97116524304135E-4
30818 5.97116524304135E-4
43849 5.97116524304135E-4
51164 5.97116524304135E-4
51324 5.97116524304135E-4
51341 5.97116524304135E-4
51426 5.97116524304135E-4
51435 5.97116524304135E-4
51548 5.97116524304135E-4
51586 5.97116524304135E-4
51639 5.97116524304135E-4
51742 5.97116524304135E-4
51754 5.97116524304135E-4
53827 5.97116524304135E-4
54205 5.97116524304135E-4
54206 5.97116524304135E-4
54732 5.97116524304135E-4
54822 5.97116524304135E-4
54875 5.97116524304135E-4
54905 5.97116524304135E-4
55034 5.97116524304135E-4
55065 5.97116524304135E-4
55107 5.97116524304135E-4
55135 5.97116524304135E-4
55193 5.97116524304135E-4
55278 5.97116524304135E-4
55355 5.97116524304135E-4
55359 5.97116524304135E-4
55503 5.97116524304135E-4
55603 5.97116524304135E-4
55695 5.97116524304135E-4
55862 5.97116524304135E-4
55872 5.97116524304135E-4
55959 5.97116524304135E-4
56034 5.97116524304135E-4
56259 5.97116524304135E-4
56729 5.97116524304135E-4
56911 5.97116524304135E-4
57126 5.97116524304135E-4
57167 5.97116524304135E-4
57414 5.97116524304135E-4
57459 5.97116524304135E-4
57491 5.97116524304135E-4
57504 5.97116524304135E-4
57506 5.97116524304135E-4
57509 5.97116524304135E-4
57591 5.97116524304135E-4
57626 5.97116524304135E-4
57805 5.97116524304135E-4
57834 5.97116524304135E-4
58508 5.97116524304135E-4
59277 5.97116524304135E-4
63826 5.97116524304135E-4
63967 5.97116524304135E-4
64100 5.97116524304135E-4
64285 5.97116524304135E-4
64321 5.97116524304135E-4
65018 5.97116524304135E-4
65986 5.97116524304135E-4
79188 5.97116524304135E-4
79447 5.97116524304135E-4
79581 5.97116524304135E-4
79594 5.97116524304135E-4
79707 5.97116524304135E-4
79727 5.97116524304135E-4
79987 5.97116524304135E-4
80018 5.97116524304135E-4
80150 5.97116524304135E-4
80216 5.97116524304135E-4
80312 5.97116524304135E-4
80347 5.97116524304135E-4
80351 5.97116524304135E-4
80704 5.97116524304135E-4
80760 5.97116524304135E-4
80774 5.97116524304135E-4
81037 5.97116524304135E-4
81399 5.97116524304135E-4
81442 5.97116524304135E-4
81448 5.97116524304135E-4
81557 5.97116524304135E-4
83394 5.97116524304135E-4
84142 5.97116524304135E-4
84152 5.97116524304135E-4
84171 5.97116524304135E-4
84417 5.97116524304135E-4
84516 5.97116524304135E-4
84650 5.97116524304135E-4
84876 5.97116524304135E-4
84959 5.97116524304135E-4
85453 5.97116524304135E-4
85480 5.97116524304135E-4
92912 5.97116524304135E-4
93210 5.97116524304135E-4
112399 5.97116524304135E-4
114569 5.97116524304135E-4
114609 5.97116524304135E-4
114769 5.97116524304135E-4
115761 5.97116524304135E-4
115908 5.97116524304135E-4
117189 5.97116524304135E-4
119391 5.97116524304135E-4
129831 5.97116524304135E-4
131096 5.97116524304135E-4
138883 5.97116524304135E-4
139818 5.97116524304135E-4
140468 5.97116524304135E-4
140885 5.97116524304135E-4
144195 5.97116524304135E-4
145270 5.97116524304135E-4
145624 5.97116524304135E-4
146059 5.97116524304135E-4
147372 5.97116524304135E-4
149233 5.97116524304135E-4
152503 5.97116524304135E-4
154796 5.97116524304135E-4
158506 5.97116524304135E-4
162239 5.97116524304135E-4
163732 5.97116524304135E-4
199974 5.97116524304135E-4
203068 5.97116524304135E-4
221037 5.97116524304135E-4
246100 5.97116524304135E-4
259266 5.97116524304135E-4
266790 5.97116524304135E-4
285704 5.97116524304135E-4
317716 5.97116524304135E-4
338399 5.97116524304135E-4
339345 5.97116524304135E-4
343406 5.97116524304135E-4
345275 5.97116524304135E-4
347598 5.97116524304135E-4
353299 5.97116524304135E-4
391114 5.97116524304135E-4
394269 5.97116524304135E-4
406952 5.97116524304135E-4
406988 5.97116524304135E-4
406989 5.97116524304135E-4
406992 5.97116524304135E-4
407006 5.97116524304135E-4
414899 5.97116524304135E-4
727837 5.97116524304135E-4
728239 5.97116524304135E-4
728358 5.97116524304135E-4
729759 5.97116524304135E-4
100130958 5.97116524304135E-4
100271694 5.97116524304135E-4
100302172 5.97116524304135E-4
100526842 5.97116524304135E-4
100533105 5.97116524304135E-4
100616444 5.97116524304135E-4
100653366 5.97116524304135E-4
100775105 5.97116524304135E-4
101930400 5.97116524304135E-4
81 5.97116524304135E-4
101 5.97116524304135E-4
155 5.97116524304135E-4
186 5.97116524304135E-4
217 5.97116524304135E-4
273 5.97116524304135E-4
274 5.97116524304135E-4
284 5.97116524304135E-4
285 5.97116524304135E-4
290 5.97116524304135E-4
338 5.97116524304135E-4
345 5.97116524304135E-4
347 5.97116524304135E-4
373 5.97116524304135E-4
410 5.97116524304135E-4
482 5.97116524304135E-4
501 5.97116524304135E-4
540 5.97116524304135E-4
560 5.97116524304135E-4
563 5.97116524304135E-4
567 5.97116524304135E-4
572 5.97116524304135E-4
597 5.97116524304135E-4
633 5.97116524304135E-4
634 5.97116524304135E-4
635 5.97116524304135E-4
643 5.97116524304135E-4
677 5.97116524304135E-4
684 5.97116524304135E-4
771 5.97116524304135E-4
820 5.97116524304135E-4
831 5.97116524304135E-4
858 5.97116524304135E-4
863 5.97116524304135E-4
874 5.97116524304135E-4
875 5.97116524304135E-4
899 5.97116524304135E-4
910 5.97116524304135E-4
911 5.97116524304135E-4
966 5.97116524304135E-4
970 5.97116524304135E-4
993 5.97116524304135E-4
995 5.97116524304135E-4
1012 5.97116524304135E-4
1032 5.97116524304135E-4
1056 5.97116524304135E-4
1063 5.97116524304135E-4
1075 5.97116524304135E-4
1121 5.97116524304135E-4
1268 5.97116524304135E-4
1269 5.97116524304135E-4
1353 5.97116524304135E-4
1374 5.97116524304135E-4
1376 5.97116524304135E-4
1396 5.97116524304135E-4
1401 5.97116524304135E-4
1403 5.97116524304135E-4
1434 5.97116524304135E-4
1446 5.97116524304135E-4
1453 5.97116524304135E-4
1471 5.97116524304135E-4
1476 5.97116524304135E-4
1483 5.97116524304135E-4
1485 5.97116524304135E-4
1487 5.97116524304135E-4
1513 5.97116524304135E-4
1540 5.97116524304135E-4
1548 5.97116524304135E-4
1635 5.97116524304135E-4
1646 5.97116524304135E-4
1653 5.97116524304135E-4
1660 5.97116524304135E-4
1667 5.97116524304135E-4
1687 5.97116524304135E-4
1785 5.97116524304135E-4
1798 5.97116524304135E-4
1800 5.97116524304135E-4
1824 5.97116524304135E-4
1825 5.97116524304135E-4
1839 5.97116524304135E-4
1908 5.97116524304135E-4
1942 5.97116524304135E-4
1948 5.97116524304135E-4
2002 5.97116524304135E-4
2026 5.97116524304135E-4
2033 5.97116524304135E-4
2078 5.97116524304135E-4
2119 5.97116524304135E-4
2131 5.97116524304135E-4
2137 5.97116524304135E-4
2147 5.97116524304135E-4
2153 5.97116524304135E-4
2155 5.97116524304135E-4
2158 5.97116524304135E-4
2188 5.97116524304135E-4
2201 5.97116524304135E-4
2209 5.97116524304135E-4
2235 5.97116524304135E-4
2237 5.97116524304135E-4
2245 5.97116524304135E-4
2255 5.97116524304135E-4
2316 5.97116524304135E-4
2348 5.97116524304135E-4
2355 5.97116524304135E-4
2358 5.97116524304135E-4
2495 5.97116524304135E-4
2526 5.97116524304135E-4
2539 5.97116524304135E-4
2551 5.97116524304135E-4
2638 5.97116524304135E-4
2648 5.97116524304135E-4
2674 5.97116524304135E-4
2717 5.97116524304135E-4
2719 5.97116524304135E-4
2729 5.97116524304135E-4
2798 5.97116524304135E-4
2833 5.97116524304135E-4
2875 5.97116524304135E-4
2885 5.97116524304135E-4
2935 5.97116524304135E-4
2947 5.97116524304135E-4
2965 5.97116524304135E-4
3015 5.97116524304135E-4
3140 5.97116524304135E-4
3145 5.97116524304135E-4
3156 5.97116524304135E-4
3176 5.97116524304135E-4
3192 5.97116524304135E-4
3205 5.97116524304135E-4
3206 5.97116524304135E-4
3226 5.97116524304135E-4
3248 5.97116524304135E-4
3251 5.97116524304135E-4
3272 5.97116524304135E-4
3275 5.97116524304135E-4
3276 5.97116524304135E-4
3347 5.97116524304135E-4
3373 5.97116524304135E-4
3375 5.97116524304135E-4
3397 5.97116524304135E-4
3398 5.97116524304135E-4
3400 5.97116524304135E-4
3417 5.97116524304135E-4
3439 5.97116524304135E-4
3447 5.97116524304135E-4
3456 5.97116524304135E-4
3460 5.97116524304135E-4
3514 5.97116524304135E-4
3547 5.97116524304135E-4
3570 5.97116524304135E-4
3574 5.97116524304135E-4
3577 5.97116524304135E-4
3579 5.97116524304135E-4
3596 5.97116524304135E-4
3627 5.97116524304135E-4
3669 5.97116524304135E-4
3673 5.97116524304135E-4
3685 5.97116524304135E-4
3693 5.97116524304135E-4
3700 5.97116524304135E-4
3716 5.97116524304135E-4
3760 5.97116524304135E-4
3778 5.97116524304135E-4
3816 5.97116524304135E-4
3835 5.97116524304135E-4
3838 5.97116524304135E-4
3855 5.97116524304135E-4
3872 5.97116524304135E-4
3956 5.97116524304135E-4
3976 5.97116524304135E-4
4012 5.97116524304135E-4
4025 5.97116524304135E-4
4070 5.97116524304135E-4
4085 5.97116524304135E-4
4087 5.97116524304135E-4
4088 5.97116524304135E-4
4096 5.97116524304135E-4
4100 5.97116524304135E-4
4118 5.97116524304135E-4
4142 5.97116524304135E-4
4150 5.97116524304135E-4
4176 5.97116524304135E-4
4192 5.97116524304135E-4
4301 5.97116524304135E-4
4321 5.97116524304135E-4
4326 5.97116524304135E-4
4331 5.97116524304135E-4
4435 5.97116524304135E-4
4489 5.97116524304135E-4
4494 5.97116524304135E-4
4504 5.97116524304135E-4
4580 5.97116524304135E-4
4588 5.97116524304135E-4
4594 5.97116524304135E-4
4599 5.97116524304135E-4
4627 5.97116524304135E-4
4654 5.97116524304135E-4
4691 5.97116524304135E-4
4700 5.97116524304135E-4
4739 5.97116524304135E-4
4747 5.97116524304135E-4
4773 5.97116524304135E-4
4780 5.97116524304135E-4
4782 5.97116524304135E-4
4804 5.97116524304135E-4
4839 5.97116524304135E-4
4852 5.97116524304135E-4
4853 5.97116524304135E-4
4854 5.97116524304135E-4
4856 5.97116524304135E-4
4899 5.97116524304135E-4
4908 5.97116524304135E-4
4919 5.97116524304135E-4
4948 5.97116524304135E-4
4988 5.97116524304135E-4
5004 5.97116524304135E-4
5008 5.97116524304135E-4
5066 5.97116524304135E-4
5069 5.97116524304135E-4
5100 5.97116524304135E-4
5159 5.97116524304135E-4
5187 5.97116524304135E-4
5269 5.97116524304135E-4
5296 5.97116524304135E-4
5335 5.97116524304135E-4
5337 5.97116524304135E-4
5354 5.97116524304135E-4
5460 5.97116524304135E-4
5473 5.97116524304135E-4
5478 5.97116524304135E-4
5479 5.97116524304135E-4
5511 5.97116524304135E-4
5519 5.97116524304135E-4
5521 5.97116524304135E-4
5536 5.97116524304135E-4
5550 5.97116524304135E-4
5553 5.97116524304135E-4
5562 5.97116524304135E-4
5585 5.97116524304135E-4
5601 5.97116524304135E-4
5604 5.97116524304135E-4
5607 5.97116524304135E-4
5621 5.97116524304135E-4
5650 5.97116524304135E-4
5663 5.97116524304135E-4
5730 5.97116524304135E-4
5742 5.97116524304135E-4
5792 5.97116524304135E-4
5800 5.97116524304135E-4
5881 5.97116524304135E-4
5885 5.97116524304135E-4
5906 5.97116524304135E-4
5932 5.97116524304135E-4
5935 5.97116524304135E-4
5948 5.97116524304135E-4
5962 5.97116524304135E-4
5982 5.97116524304135E-4
6004 5.97116524304135E-4
6014 5.97116524304135E-4
6016 5.97116524304135E-4
6041 5.97116524304135E-4
6048 5.97116524304135E-4
6095 5.97116524304135E-4
6097 5.97116524304135E-4
6098 5.97116524304135E-4
6139 5.97116524304135E-4
6173 5.97116524304135E-4
6195 5.97116524304135E-4
6199 5.97116524304135E-4
6282 5.97116524304135E-4
6300 5.97116524304135E-4
6319 5.97116524304135E-4
6336 5.97116524304135E-4
6362 5.97116524304135E-4
6364 5.97116524304135E-4
6386 5.97116524304135E-4
6400 5.97116524304135E-4
6416 5.97116524304135E-4
6425 5.97116524304135E-4
6447 5.97116524304135E-4
6470 5.97116524304135E-4
6478 5.97116524304135E-4
6508 5.97116524304135E-4
6515 5.97116524304135E-4
6541 5.97116524304135E-4
6559 5.97116524304135E-4
6594 5.97116524304135E-4
6649 5.97116524304135E-4
6659 5.97116524304135E-4
6662 5.97116524304135E-4
6670 5.97116524304135E-4
6697 5.97116524304135E-4
6757 5.97116524304135E-4
6770 5.97116524304135E-4
6799 5.97116524304135E-4
6839 5.97116524304135E-4
6885 5.97116524304135E-4
6886 5.97116524304135E-4
6901 5.97116524304135E-4
6903 5.97116524304135E-4
6909 5.97116524304135E-4
6921 5.97116524304135E-4
6926 5.97116524304135E-4
6929 5.97116524304135E-4
6955 5.97116524304135E-4
7012 5.97116524304135E-4
7013 5.97116524304135E-4
7025 5.97116524304135E-4
7027 5.97116524304135E-4
7068 5.97116524304135E-4
7082 5.97116524304135E-4
7087 5.97116524304135E-4
7098 5.97116524304135E-4
7122 5.97116524304135E-4
7134 5.97116524304135E-4
7159 5.97116524304135E-4
7182 5.97116524304135E-4
7249 5.97116524304135E-4
7268 5.97116524304135E-4
7272 5.97116524304135E-4
7349 5.97116524304135E-4
7351 5.97116524304135E-4
7355 5.97116524304135E-4
7361 5.97116524304135E-4
7386 5.97116524304135E-4
7454 5.97116524304135E-4
7471 5.97116524304135E-4
7472 5.97116524304135E-4
7498 5.97116524304135E-4
7520 5.97116524304135E-4
7584 5.97116524304135E-4
7799 5.97116524304135E-4
7855 5.97116524304135E-4
8031 5.97116524304135E-4
8034 5.97116524304135E-4
8065 5.97116524304135E-4
8073 5.97116524304135E-4
8079 5.97116524304135E-4
8085 5.97116524304135E-4
8092 5.97116524304135E-4
8144 5.97116524304135E-4
8163 5.97116524304135E-4
8260 5.97116524304135E-4
8312 5.97116524304135E-4
8408 5.97116524304135E-4
8445 5.97116524304135E-4
8473 5.97116524304135E-4
12 2.98558262152068E-4
13 2.98558262152068E-4
26 2.98558262152068E-4
49 2.98558262152068E-4
116 2.98558262152068E-4
128 2.98558262152068E-4
134 2.98558262152068E-4
148 2.98558262152068E-4
151 2.98558262152068E-4
156 2.98558262152068E-4
175 2.98558262152068E-4
197 2.98558262152068E-4
199 2.98558262152068E-4
203 2.98558262152068E-4
220 2.98558262152068E-4
225 2.98558262152068E-4
238 2.98558262152068E-4
267 2.98558262152068E-4
268 2.98558262152068E-4
318 2.98558262152068E-4
362 2.98558262152068E-4
375 2.98558262152068E-4
378 2.98558262152068E-4
389 2.98558262152068E-4
398 2.98558262152068E-4
405 2.98558262152068E-4
409 2.98558262152068E-4
415 2.98558262152068E-4
468 2.98558262152068E-4
475 2.98558262152068E-4
554 2.98558262152068E-4
594 2.98558262152068E-4
599 2.98558262152068E-4
618 2.98558262152068E-4
622 2.98558262152068E-4
623 2.98558262152068E-4
642 2.98558262152068E-4
646 2.98558262152068E-4
653 2.98558262152068E-4
658 2.98558262152068E-4
665 2.98558262152068E-4
680 2.98558262152068E-4
686 2.98558262152068E-4
690 2.98558262152068E-4
720 2.98558262152068E-4
721 2.98558262152068E-4
754 2.98558262152068E-4
770 2.98558262152068E-4
834 2.98558262152068E-4
835 2.98558262152068E-4
837 2.98558262152068E-4
838 2.98558262152068E-4
902 2.98558262152068E-4
943 2.98558262152068E-4
958 2.98558262152068E-4
961 2.98558262152068E-4
968 2.98558262152068E-4
978 2.98558262152068E-4
1003 2.98558262152068E-4
1025 2.98558262152068E-4
1031 2.98558262152068E-4
1058 2.98558262152068E-4
1059 2.98558262152068E-4
1073 2.98558262152068E-4
1082 2.98558262152068E-4
1118 2.98558262152068E-4
1147 2.98558262152068E-4
1203 2.98558262152068E-4
1213 2.98558262152068E-4
1215 2.98558262152068E-4
1287 2.98558262152068E-4
1303 2.98558262152068E-4
1311 2.98558262152068E-4
1313 2.98558262152068E-4
1357 2.98558262152068E-4
1360 2.98558262152068E-4
1394 2.98558262152068E-4
1395 2.98558262152068E-4
1397 2.98558262152068E-4
1420 2.98558262152068E-4
1445 2.98558262152068E-4
1452 2.98558262152068E-4
1470 2.98558262152068E-4
1473 2.98558262152068E-4
1506 2.98558262152068E-4
1514 2.98558262152068E-4
1519 2.98558262152068E-4
1524 2.98558262152068E-4
1535 2.98558262152068E-4
1551 2.98558262152068E-4
1592 2.98558262152068E-4
1601 2.98558262152068E-4
1605 2.98558262152068E-4
1643 2.98558262152068E-4
1650 2.98558262152068E-4
1654 2.98558262152068E-4
1662 2.98558262152068E-4
1663 2.98558262152068E-4
1668 2.98558262152068E-4
1738 2.98558262152068E-4
1746 2.98558262152068E-4
1749 2.98558262152068E-4
1758 2.98558262152068E-4
1795 2.98558262152068E-4
1803 2.98558262152068E-4
1829 2.98558262152068E-4
1846 2.98558262152068E-4
1870 2.98558262152068E-4
1892 2.98558262152068E-4
1893 2.98558262152068E-4
1915 2.98558262152068E-4
1959 2.98558262152068E-4
1981 2.98558262152068E-4
1994 2.98558262152068E-4
2001 2.98558262152068E-4
2006 2.98558262152068E-4
2020 2.98558262152068E-4
2028 2.98558262152068E-4
2030 2.98558262152068E-4
2041 2.98558262152068E-4
2044 2.98558262152068E-4
2047 2.98558262152068E-4
2050 2.98558262152068E-4
2059 2.98558262152068E-4
2074 2.98558262152068E-4
2079 2.98558262152068E-4
2091 2.98558262152068E-4
2108 2.98558262152068E-4
2109 2.98558262152068E-4
2110 2.98558262152068E-4
2113 2.98558262152068E-4
2114 2.98558262152068E-4
2122 2.98558262152068E-4
2138 2.98558262152068E-4
2139 2.98558262152068E-4
2161 2.98558262152068E-4
2171 2.98558262152068E-4
2182 2.98558262152068E-4
2189 2.98558262152068E-4
2197 2.98558262152068E-4
2199 2.98558262152068E-4
2202 2.98558262152068E-4
2203 2.98558262152068E-4
2212 2.98558262152068E-4
2215 2.98558262152068E-4
2241 2.98558262152068E-4
2243 2.98558262152068E-4
2268 2.98558262152068E-4
2273 2.98558262152068E-4
2275 2.98558262152068E-4
2280 2.98558262152068E-4
2282 2.98558262152068E-4
2283 2.98558262152068E-4
2284 2.98558262152068E-4
2285 2.98558262152068E-4
2295 2.98558262152068E-4
2304 2.98558262152068E-4
2308 2.98558262152068E-4
2312 2.98558262152068E-4
2332 2.98558262152068E-4
2352 2.98558262152068E-4
2405 2.98558262152068E-4
2516 2.98558262152068E-4
2521 2.98558262152068E-4
2532 2.98558262152068E-4
2549 2.98558262152068E-4
2568 2.98558262152068E-4
2617 2.98558262152068E-4
2622 2.98558262152068E-4
2623 2.98558262152068E-4
2626 2.98558262152068E-4
2633 2.98558262152068E-4
2651 2.98558262152068E-4
2653 2.98558262152068E-4
2676 2.98558262152068E-4
2706 2.98558262152068E-4
2736 2.98558262152068E-4
2737 2.98558262152068E-4
2775 2.98558262152068E-4
2778 2.98558262152068E-4
2796 2.98558262152068E-4
2817 2.98558262152068E-4
2840 2.98558262152068E-4
2868 2.98558262152068E-4
2877 2.98558262152068E-4
2878 2.98558262152068E-4
2887 2.98558262152068E-4
2933 2.98558262152068E-4
2936 2.98558262152068E-4
2967 2.98558262152068E-4
2968 2.98558262152068E-4
2984 2.98558262152068E-4
3002 2.98558262152068E-4
3045 2.98558262152068E-4
3059 2.98558262152068E-4
3064 2.98558262152068E-4
3069 2.98558262152068E-4
3075 2.98558262152068E-4
3083 2.98558262152068E-4
3087 2.98558262152068E-4
3096 2.98558262152068E-4
3107 2.98558262152068E-4
3113 2.98558262152068E-4
3141 2.98558262152068E-4
3155 2.98558262152068E-4
3158 2.98558262152068E-4
3197 2.98558262152068E-4
3204 2.98558262152068E-4
3212 2.98558262152068E-4
3223 2.98558262152068E-4
3225 2.98558262152068E-4
3227 2.98558262152068E-4
3236 2.98558262152068E-4
3239 2.98558262152068E-4
3241 2.98558262152068E-4
3263 2.98558262152068E-4
3267 2.98558262152068E-4
3280 2.98558262152068E-4
3281 2.98558262152068E-4
3324 2.98558262152068E-4
3326 2.98558262152068E-4
3386 2.98558262152068E-4
3394 2.98558262152068E-4
3434 2.98558262152068E-4
3459 2.98558262152068E-4
3551 2.98558262152068E-4
3560 2.98558262152068E-4
3561 2.98558262152068E-4
3566 2.98558262152068E-4
3575 2.98558262152068E-4
3609 2.98558262152068E-4
3614 2.98558262152068E-4
3622 2.98558262152068E-4
3641 2.98558262152068E-4
3655 2.98558262152068E-4
3663 2.98558262152068E-4
3675 2.98558262152068E-4
3691 2.98558262152068E-4
3694 2.98558262152068E-4
3698 2.98558262152068E-4
3708 2.98558262152068E-4
3718 2.98558262152068E-4
3735 2.98558262152068E-4
3736 2.98558262152068E-4
3741 2.98558262152068E-4
3780 2.98558262152068E-4
3827 2.98558262152068E-4
3848 2.98558262152068E-4
3853 2.98558262152068E-4
3860 2.98558262152068E-4
3866 2.98558262152068E-4
3895 2.98558262152068E-4
3898 2.98558262152068E-4
3899 2.98558262152068E-4
3933 2.98558262152068E-4
3949 2.98558262152068E-4
3963 2.98558262152068E-4
3965 2.98558262152068E-4
3977 2.98558262152068E-4
3984 2.98558262152068E-4
4004 2.98558262152068E-4
4005 2.98558262152068E-4
4013 2.98558262152068E-4
4014 2.98558262152068E-4
4016 2.98558262152068E-4
4023 2.98558262152068E-4
4036 2.98558262152068E-4
4047 2.98558262152068E-4
4055 2.98558262152068E-4
4067 2.98558262152068E-4
4071 2.98558262152068E-4
4084 2.98558262152068E-4
4086 2.98558262152068E-4
4089 2.98558262152068E-4
4102 2.98558262152068E-4
4105 2.98558262152068E-4
4143 2.98558262152068E-4
4145 2.98558262152068E-4
4155 2.98558262152068E-4
4157 2.98558262152068E-4
4159 2.98558262152068E-4
4160 2.98558262152068E-4
4161 2.98558262152068E-4
4205 2.98558262152068E-4
4232 2.98558262152068E-4
4266 2.98558262152068E-4
4294 2.98558262152068E-4
4296 2.98558262152068E-4
4357 2.98558262152068E-4
4438 2.98558262152068E-4
4490 2.98558262152068E-4
4496 2.98558262152068E-4
4501 2.98558262152068E-4
4584 2.98558262152068E-4
4586 2.98558262152068E-4
4607 2.98558262152068E-4
4619 2.98558262152068E-4
4620 2.98558262152068E-4
4629 2.98558262152068E-4
4673 2.98558262152068E-4
4680 2.98558262152068E-4
4685 2.98558262152068E-4
4693 2.98558262152068E-4
4751 2.98558262152068E-4
4774 2.98558262152068E-4
4776 2.98558262152068E-4
4779 2.98558262152068E-4
4784 2.98558262152068E-4
4791 2.98558262152068E-4
4860 2.98558262152068E-4
4863 2.98558262152068E-4
4887 2.98558262152068E-4
4889 2.98558262152068E-4
4909 2.98558262152068E-4
4921 2.98558262152068E-4
4925 2.98558262152068E-4
4926 2.98558262152068E-4
4927 2.98558262152068E-4
4929 2.98558262152068E-4
4951 2.98558262152068E-4
5013 2.98558262152068E-4
5034 2.98558262152068E-4
5048 2.98558262152068E-4
5079 2.98558262152068E-4
5164 2.98558262152068E-4
5167 2.98558262152068E-4
5172 2.98558262152068E-4
5174 2.98558262152068E-4
5178 2.98558262152068E-4
5196 2.98558262152068E-4
5214 2.98558262152068E-4
5230 2.98558262152068E-4
5236 2.98558262152068E-4
5252 2.98558262152068E-4
5253 2.98558262152068E-4
5268 2.98558262152068E-4
5270 2.98558262152068E-4
5310 2.98558262152068E-4
5317 2.98558262152068E-4
5325 2.98558262152068E-4
5330 2.98558262152068E-4
5333 2.98558262152068E-4
5338 2.98558262152068E-4
5341 2.98558262152068E-4
5361 2.98558262152068E-4
5368 2.98558262152068E-4
5409 2.98558262152068E-4
5424 2.98558262152068E-4
5447 2.98558262152068E-4
5452 2.98558262152068E-4
5464 2.98558262152068E-4
5499 2.98558262152068E-4
5531 2.98558262152068E-4
5534 2.98558262152068E-4
5537 2.98558262152068E-4
5540 2.98558262152068E-4
5563 2.98558262152068E-4
5564 2.98558262152068E-4
5570 2.98558262152068E-4
5580 2.98558262152068E-4
5581 2.98558262152068E-4
5590 2.98558262152068E-4
5598 2.98558262152068E-4
5629 2.98558262152068E-4
5640 2.98558262152068E-4
5649 2.98558262152068E-4
5657 2.98558262152068E-4
5660 2.98558262152068E-4
5691 2.98558262152068E-4
5700 2.98558262152068E-4
5705 2.98558262152068E-4
5706 2.98558262152068E-4
5707 2.98558262152068E-4
5734 2.98558262152068E-4
5768 2.98558262152068E-4
5771 2.98558262152068E-4
5780 2.98558262152068E-4
5782 2.98558262152068E-4
5793 2.98558262152068E-4
5797 2.98558262152068E-4
5806 2.98558262152068E-4
5817 2.98558262152068E-4
5818 2.98558262152068E-4
5820 2.98558262152068E-4
5897 2.98558262152068E-4
5898 2.98558262152068E-4
5911 2.98558262152068E-4
5930 2.98558262152068E-4
5989 2.98558262152068E-4
5999 2.98558262152068E-4
6012 2.98558262152068E-4
6047 2.98558262152068E-4
6080 2.98558262152068E-4
6091 2.98558262152068E-4
6118 2.98558262152068E-4
6132 2.98558262152068E-4
6134 2.98558262152068E-4
6185 2.98558262152068E-4
6191 2.98558262152068E-4
6232 2.98558262152068E-4
6233 2.98558262152068E-4
6273 2.98558262152068E-4
6296 2.98558262152068E-4
6301 2.98558262152068E-4
6348 2.98558262152068E-4
6351 2.98558262152068E-4
6358 2.98558262152068E-4
6360 2.98558262152068E-4
6363 2.98558262152068E-4
6376 2.98558262152068E-4
6383 2.98558262152068E-4
6403 2.98558262152068E-4
6405 2.98558262152068E-4
6426 2.98558262152068E-4
6430 2.98558262152068E-4
6456 2.98558262152068E-4
6464 2.98558262152068E-4
6468 2.98558262152068E-4
6493 2.98558262152068E-4
6495 2.98558262152068E-4
6504 2.98558262152068E-4
6535 2.98558262152068E-4
6566 2.98558262152068E-4
6597 2.98558262152068E-4
6608 2.98558262152068E-4
6610 2.98558262152068E-4
6611 2.98558262152068E-4
6638 2.98558262152068E-4
6645 2.98558262152068E-4
6690 2.98558262152068E-4
6693 2.98558262152068E-4
6721 2.98558262152068E-4
6722 2.98558262152068E-4
6737 2.98558262152068E-4
6741 2.98558262152068E-4
6751 2.98558262152068E-4
6754 2.98558262152068E-4
6773 2.98558262152068E-4
6788 2.98558262152068E-4
6829 2.98558262152068E-4
6888 2.98558262152068E-4
6890 2.98558262152068E-4
6900 2.98558262152068E-4
6902 2.98558262152068E-4
6916 2.98558262152068E-4
6947 2.98558262152068E-4
7006 2.98558262152068E-4
7019 2.98558262152068E-4
7021 2.98558262152068E-4
7023 2.98558262152068E-4
7038 2.98558262152068E-4
7043 2.98558262152068E-4
7045 2.98558262152068E-4
7049 2.98558262152068E-4
7067 2.98558262152068E-4
7088 2.98558262152068E-4
7091 2.98558262152068E-4
7094 2.98558262152068E-4
7100 2.98558262152068E-4
7141 2.98558262152068E-4
7148 2.98558262152068E-4
7149 2.98558262152068E-4
7155 2.98558262152068E-4
7165 2.98558262152068E-4
7167 2.98558262152068E-4
7189 2.98558262152068E-4
7190 2.98558262152068E-4
7276 2.98558262152068E-4
7301 2.98558262152068E-4
7316 2.98558262152068E-4
7341 2.98558262152068E-4
7343 2.98558262152068E-4
7363 2.98558262152068E-4
7366 2.98558262152068E-4
7367 2.98558262152068E-4
7375 2.98558262152068E-4
7378 2.98558262152068E-4
7402 2.98558262152068E-4
7416 2.98558262152068E-4
7417 2.98558262152068E-4
7444 2.98558262152068E-4
7456 2.98558262152068E-4
7502 2.98558262152068E-4
7503 2.98558262152068E-4
7531 2.98558262152068E-4
7572 2.98558262152068E-4
7786 2.98558262152068E-4
7802 2.98558262152068E-4
7922 2.98558262152068E-4
7984 2.98558262152068E-4
8013 2.98558262152068E-4
8086 2.98558262152068E-4
8115 2.98558262152068E-4
8200 2.98558262152068E-4
8209 2.98558262152068E-4
8243 2.98558262152068E-4
8317 2.98558262152068E-4
8324 2.98558262152068E-4
8325 2.98558262152068E-4
8342 2.98558262152068E-4
8379 2.98558262152068E-4
8449 2.98558262152068E-4
8467 2.98558262152068E-4
8517 2.98558262152068E-4
8531 2.98558262152068E-4
8538 2.98558262152068E-4
8548 2.98558262152068E-4
8562 2.98558262152068E-4
8567 2.98558262152068E-4
8570 2.98558262152068E-4
8575 2.98558262152068E-4
8634 2.98558262152068E-4
8645 2.98558262152068E-4
8649 2.98558262152068E-4
8685 2.98558262152068E-4
8726 2.98558262152068E-4
8740 2.98558262152068E-4
8764 2.98558262152068E-4
8793 2.98558262152068E-4
8814 2.98558262152068E-4
8815 2.98558262152068E-4
8822 2.98558262152068E-4
8843 2.98558262152068E-4
8852 2.98558262152068E-4
8872 2.98558262152068E-4
8896 2.98558262152068E-4
8900 2.98558262152068E-4
8905 2.98558262152068E-4
8926 2.98558262152068E-4
8930 2.98558262152068E-4
8976 2.98558262152068E-4
8991 2.98558262152068E-4
8999 2.98558262152068E-4
9020 2.98558262152068E-4
9033 2.98558262152068E-4
9061 2.98558262152068E-4
9098 2.98558262152068E-4
9099 2.98558262152068E-4
9129 2.98558262152068E-4
9133 2.98558262152068E-4
9140 2.98558262152068E-4
9152 2.98558262152068E-4
9159 2.98558262152068E-4
9172 2.98558262152068E-4
9181 2.98558262152068E-4
9197 2.98558262152068E-4
9217 2.98558262152068E-4
9241 2.98558262152068E-4
9255 2.98558262152068E-4
9261 2.98558262152068E-4
9369 2.98558262152068E-4
9447 2.98558262152068E-4
9448 2.98558262152068E-4
9451 2.98558262152068E-4
9463 2.98558262152068E-4
9518 2.98558262152068E-4
9525 2.98558262152068E-4
9527 2.98558262152068E-4
9530 2.98558262152068E-4
9531 2.98558262152068E-4
9543 2.98558262152068E-4
9555 2.98558262152068E-4
9560 2.98558262152068E-4
9576 2.98558262152068E-4
9584 2.98558262152068E-4
9588 2.98558262152068E-4
9610 2.98558262152068E-4
9611 2.98558262152068E-4
9672 2.98558262152068E-4
9700 2.98558262152068E-4
9722 2.98558262152068E-4
9730 2.98558262152068E-4
9754 2.98558262152068E-4
9781 2.98558262152068E-4
9798 2.98558262152068E-4
9837 2.98558262152068E-4
9855 2.98558262152068E-4
9861 2.98558262152068E-4
9879 2.98558262152068E-4
9901 2.98558262152068E-4
9914 2.98558262152068E-4
9915 2.98558262152068E-4
9922 2.98558262152068E-4
9966 2.98558262152068E-4
9970 2.98558262152068E-4
9984 2.98558262152068E-4
10000 2.98558262152068E-4
10002 2.98558262152068E-4
10007 2.98558262152068E-4
10038 2.98558262152068E-4
10059 2.98558262152068E-4
10082 2.98558262152068E-4
10084 2.98558262152068E-4
10105 2.98558262152068E-4
10133 2.98558262152068E-4
10134 2.98558262152068E-4
10140 2.98558262152068E-4
10155 2.98558262152068E-4
10157 2.98558262152068E-4
10159 2.98558262152068E-4
10188 2.98558262152068E-4
10189 2.98558262152068E-4
10193 2.98558262152068E-4
10202 2.98558262152068E-4
10205 2.98558262152068E-4
10208 2.98558262152068E-4
10211 2.98558262152068E-4
10243 2.98558262152068E-4
10256 2.98558262152068E-4
10257 2.98558262152068E-4
10272 2.98558262152068E-4
10276 2.98558262152068E-4
10294 2.98558262152068E-4
10306 2.98558262152068E-4
10322 2.98558262152068E-4
10382 2.98558262152068E-4
10400 2.98558262152068E-4
10447 2.98558262152068E-4
10464 2.98558262152068E-4
10477 2.98558262152068E-4
10488 2.98558262152068E-4
10513 2.98558262152068E-4
10539 2.98558262152068E-4
10544 2.98558262152068E-4
10594 2.98558262152068E-4
10628 2.98558262152068E-4
10643 2.98558262152068E-4
10653 2.98558262152068E-4
10717 2.98558262152068E-4
10725 2.98558262152068E-4
10761 2.98558262152068E-4
10769 2.98558262152068E-4
10777 2.98558262152068E-4
10797 2.98558262152068E-4
10809 2.98558262152068E-4
10810 2.98558262152068E-4
10817 2.98558262152068E-4
10859 2.98558262152068E-4
10874 2.98558262152068E-4
10904 2.98558262152068E-4
10912 2.98558262152068E-4
10913 2.98558262152068E-4
10920 2.98558262152068E-4
10961 2.98558262152068E-4
10980 2.98558262152068E-4
11001 2.98558262152068E-4
11012 2.98558262152068E-4
11070 2.98558262152068E-4
11091 2.98558262152068E-4
11095 2.98558262152068E-4
11098 2.98558262152068E-4
11124 2.98558262152068E-4
11130 2.98558262152068E-4
11171 2.98558262152068E-4
11216 2.98558262152068E-4
11254 2.98558262152068E-4
11334 2.98558262152068E-4
11337 2.98558262152068E-4
11345 2.98558262152068E-4
22827 2.98558262152068E-4
22868 2.98558262152068E-4
22882 2.98558262152068E-4
22900 2.98558262152068E-4
22994 2.98558262152068E-4
22996 2.98558262152068E-4
23043 2.98558262152068E-4
23047 2.98558262152068E-4
23072 2.98558262152068E-4
23076 2.98558262152068E-4
23081 2.98558262152068E-4
23139 2.98558262152068E-4
23152 2.98558262152068E-4
23210 2.98558262152068E-4
23219 2.98558262152068E-4
23263 2.98558262152068E-4
23286 2.98558262152068E-4
23336 2.98558262152068E-4
23380 2.98558262152068E-4
23450 2.98558262152068E-4
23451 2.98558262152068E-4
23468 2.98558262152068E-4
23471 2.98558262152068E-4
23479 2.98558262152068E-4
23481 2.98558262152068E-4
23493 2.98558262152068E-4
23523 2.98558262152068E-4
23552 2.98558262152068E-4
23558 2.98558262152068E-4
23560 2.98558262152068E-4
23619 2.98558262152068E-4
24139 2.98558262152068E-4
25801 2.98558262152068E-4
25805 2.98558262152068E-4
25828 2.98558262152068E-4
25873 2.98558262152068E-4
25875 2.98558262152068E-4
25907 2.98558262152068E-4
25932 2.98558262152068E-4
26018 2.98558262152068E-4
26121 2.98558262152068E-4
26154 2.98558262152068E-4
26267 2.98558262152068E-4
26353 2.98558262152068E-4
26509 2.98558262152068E-4
26574 2.98558262152068E-4
26579 2.98558262152068E-4
26762 2.98558262152068E-4
26959 2.98558262152068E-4
26986 2.98558262152068E-4
26999 2.98558262152068E-4
27000 2.98558262152068E-4
27030 2.98558262152068E-4
27032 2.98558262152068E-4
27036 2.98558262152068E-4
27044 2.98558262152068E-4
27132 2.98558262152068E-4
27160 2.98558262152068E-4
27246 2.98558262152068E-4
27259 2.98558262152068E-4
27338 2.98558262152068E-4
27339 2.98558262152068E-4
27342 2.98558262152068E-4
27346 2.98558262152068E-4
28232 2.98558262152068E-4
28421 2.98558262152068E-4
28470 2.98558262152068E-4
28985 2.98558262152068E-4
28992 2.98558262152068E-4
29078 2.98558262152068E-4
29110 2.98558262152068E-4
29763 2.98558262152068E-4
29803 2.98558262152068E-4
29843 2.98558262152068E-4
29904 2.98558262152068E-4
29919 2.98558262152068E-4
29943 2.98558262152068E-4
29948 2.98558262152068E-4
29950 2.98558262152068E-4
30008 2.98558262152068E-4
30827 2.98558262152068E-4
50507 2.98558262152068E-4
50515 2.98558262152068E-4
50619 2.98558262152068E-4
50852 2.98558262152068E-4
50999 2.98558262152068E-4
51083 2.98558262152068E-4
51115 2.98558262152068E-4
51132 2.98558262152068E-4
51141 2.98558262152068E-4
51176 2.98558262152068E-4
51203 2.98558262152068E-4
51237 2.98558262152068E-4
51268 2.98558262152068E-4
51284 2.98558262152068E-4
51305 2.98558262152068E-4
51365 2.98558262152068E-4
51422 2.98558262152068E-4
51434 2.98558262152068E-4
51474 2.98558262152068E-4
51491 2.98558262152068E-4
51523 2.98558262152068E-4
51529 2.98558262152068E-4
51561 2.98558262152068E-4
51604 2.98558262152068E-4
51647 2.98558262152068E-4
51735 2.98558262152068E-4
51738 2.98558262152068E-4
53616 2.98558262152068E-4
54386 2.98558262152068E-4
54443 2.98558262152068E-4
54472 2.98558262152068E-4
54498 2.98558262152068E-4
54556 2.98558262152068E-4
54575 2.98558262152068E-4
54704 2.98558262152068E-4
54751 2.98558262152068E-4
54790 2.98558262152068E-4
54888 2.98558262152068E-4
54904 2.98558262152068E-4
54933 2.98558262152068E-4
54935 2.98558262152068E-4
54938 2.98558262152068E-4
54959 2.98558262152068E-4
54997 2.98558262152068E-4
55011 2.98558262152068E-4
55055 2.98558262152068E-4
55076 2.98558262152068E-4
55083 2.98558262152068E-4
55105 2.98558262152068E-4
55119 2.98558262152068E-4
55154 2.98558262152068E-4
55165 2.98558262152068E-4
55170 2.98558262152068E-4
55177 2.98558262152068E-4
55223 2.98558262152068E-4
55297 2.98558262152068E-4
55308 2.98558262152068E-4
55323 2.98558262152068E-4
55333 2.98558262152068E-4
55379 2.98558262152068E-4
55422 2.98558262152068E-4
55585 2.98558262152068E-4
55615 2.98558262152068E-4
55616 2.98558262152068E-4
55625 2.98558262152068E-4
55638 2.98558262152068E-4
55662 2.98558262152068E-4
55672 2.98558262152068E-4
55684 2.98558262152068E-4
55704 2.98558262152068E-4
55750 2.98558262152068E-4
55766 2.98558262152068E-4
55808 2.98558262152068E-4
55810 2.98558262152068E-4
55850 2.98558262152068E-4
55898 2.98558262152068E-4
56005 2.98558262152068E-4
56052 2.98558262152068E-4
56115 2.98558262152068E-4
56116 2.98558262152068E-4
56117 2.98558262152068E-4
56241 2.98558262152068E-4
56287 2.98558262152068E-4
56647 2.98558262152068E-4
56731 2.98558262152068E-4
56848 2.98558262152068E-4
56892 2.98558262152068E-4
56904 2.98558262152068E-4
56925 2.98558262152068E-4
56937 2.98558262152068E-4
56940 2.98558262152068E-4
57105 2.98558262152068E-4
57118 2.98558262152068E-4
57120 2.98558262152068E-4
57148 2.98558262152068E-4
57165 2.98558262152068E-4
57178 2.98558262152068E-4
57181 2.98558262152068E-4
57186 2.98558262152068E-4
57214 2.98558262152068E-4
57221 2.98558262152068E-4
57402 2.98558262152068E-4
57486 2.98558262152068E-4
57561 2.98558262152068E-4
57616 2.98558262152068E-4
57620 2.98558262152068E-4
57659 2.98558262152068E-4
57817 2.98558262152068E-4
57876 2.98558262152068E-4
58155 2.98558262152068E-4
58497 2.98558262152068E-4
58506 2.98558262152068E-4
59352 2.98558262152068E-4
60401 2.98558262152068E-4
60485 2.98558262152068E-4
60672 2.98558262152068E-4
60674 2.98558262152068E-4
63943 2.98558262152068E-4
63978 2.98558262152068E-4
64072 2.98558262152068E-4
64083 2.98558262152068E-4
64102 2.98558262152068E-4
64174 2.98558262152068E-4
64236 2.98558262152068E-4
64326 2.98558262152068E-4
64386 2.98558262152068E-4
64714 2.98558262152068E-4
64806 2.98558262152068E-4
64840 2.98558262152068E-4
64866 2.98558262152068E-4
65059 2.98558262152068E-4
79004 2.98558262152068E-4
79039 2.98558262152068E-4
79054 2.98558262152068E-4
79184 2.98558262152068E-4
79299 2.98558262152068E-4
79697 2.98558262152068E-4
79716 2.98558262152068E-4
79719 2.98558262152068E-4
79759 2.98558262152068E-4
79843 2.98558262152068E-4
79869 2.98558262152068E-4
79923 2.98558262152068E-4
80119 2.98558262152068E-4
80243 2.98558262152068E-4
80306 2.98558262152068E-4
80331 2.98558262152068E-4
80332 2.98558262152068E-4
80856 2.98558262152068E-4
81031 2.98558262152068E-4
81469 2.98558262152068E-4
81470 2.98558262152068E-4
81537 2.98558262152068E-4
81544 2.98558262152068E-4
81606 2.98558262152068E-4
81796 2.98558262152068E-4
81839 2.98558262152068E-4
83439 2.98558262152068E-4
83696 2.98558262152068E-4
83719 2.98558262152068E-4
83742 2.98558262152068E-4
83853 2.98558262152068E-4
83858 2.98558262152068E-4
83871 2.98558262152068E-4
83879 2.98558262152068E-4
83941 2.98558262152068E-4
83987 2.98558262152068E-4
84034 2.98558262152068E-4
84084 2.98558262152068E-4
84148 2.98558262152068E-4
84268 2.98558262152068E-4
84513 2.98558262152068E-4
84634 2.98558262152068E-4
84812 2.98558262152068E-4
84864 2.98558262152068E-4
84919 2.98558262152068E-4
84985 2.98558262152068E-4
85349 2.98558262152068E-4
85456 2.98558262152068E-4
85476 2.98558262152068E-4
89796 2.98558262152068E-4
90353 2.98558262152068E-4
90410 2.98558262152068E-4
90480 2.98558262152068E-4
90678 2.98558262152068E-4
90780 2.98558262152068E-4
91833 2.98558262152068E-4
91975 2.98558262152068E-4
92002 2.98558262152068E-4
92170 2.98558262152068E-4
92822 2.98558262152068E-4
93487 2.98558262152068E-4
93659 2.98558262152068E-4
94027 2.98558262152068E-4
94115 2.98558262152068E-4
94234 2.98558262152068E-4
94240 2.98558262152068E-4
112464 2.98558262152068E-4
112744 2.98558262152068E-4
113452 2.98558262152068E-4
114086 2.98558262152068E-4
114783 2.98558262152068E-4
114799 2.98558262152068E-4
116135 2.98558262152068E-4
116179 2.98558262152068E-4
116511 2.98558262152068E-4
119392 2.98558262152068E-4
120528 2.98558262152068E-4
121360 2.98558262152068E-4
122011 2.98558262152068E-4
124446 2.98558262152068E-4
127062 2.98558262152068E-4
127617 2.98558262152068E-4
128209 2.98558262152068E-4
128368 2.98558262152068E-4
131578 2.98558262152068E-4
134860 2.98558262152068E-4
135112 2.98558262152068E-4
140453 2.98558262152068E-4
140628 2.98558262152068E-4
140707 2.98558262152068E-4
140809 2.98558262152068E-4
140821 2.98558262152068E-4
140862 2.98558262152068E-4
143384 2.98558262152068E-4
146923 2.98558262152068E-4
147007 2.98558262152068E-4
149420 2.98558262152068E-4
149563 2.98558262152068E-4
149628 2.98558262152068E-4
150094 2.98558262152068E-4
151393 2.98558262152068E-4
153090 2.98558262152068E-4
154661 2.98558262152068E-4
154664 2.98558262152068E-4
157310 2.98558262152068E-4
160728 2.98558262152068E-4
161436 2.98558262152068E-4
161582 2.98558262152068E-4
163720 2.98558262152068E-4
164656 2.98558262152068E-4
165918 2.98558262152068E-4
166968 2.98558262152068E-4
170506 2.98558262152068E-4
170689 2.98558262152068E-4
171023 2.98558262152068E-4
199720 2.98558262152068E-4
200186 2.98558262152068E-4
200315 2.98558262152068E-4
200575 2.98558262152068E-4
201294 2.98558262152068E-4
206358 2.98558262152068E-4
221491 2.98558262152068E-4
225689 2.98558262152068E-4
246778 2.98558262152068E-4
255743 2.98558262152068E-4
256933 2.98558262152068E-4
260425 2.98558262152068E-4
267004 2.98558262152068E-4
283297 2.98558262152068E-4
284086 2.98558262152068E-4
285489 2.98558262152068E-4
317754 2.98558262152068E-4
317782 2.98558262152068E-4
326343 2.98558262152068E-4
338328 2.98558262152068E-4
338340 2.98558262152068E-4
340152 2.98558262152068E-4
343170 2.98558262152068E-4
346389 2.98558262152068E-4
347252 2.98558262152068E-4
348120 2.98558262152068E-4
348235 2.98558262152068E-4
348980 2.98558262152068E-4
348995 2.98558262152068E-4
374291 2.98558262152068E-4
375790 2.98558262152068E-4
377677 2.98558262152068E-4
378938 2.98558262152068E-4
387934 2.98558262152068E-4
388112 2.98558262152068E-4
388372 2.98558262152068E-4
388697 2.98558262152068E-4
389090 2.98558262152068E-4
406883 2.98558262152068E-4
406906 2.98558262152068E-4
406910 2.98558262152068E-4
406937 2.98558262152068E-4
406942 2.98558262152068E-4
406971 2.98558262152068E-4
406983 2.98558262152068E-4
406984 2.98558262152068E-4
407017 2.98558262152068E-4
407027 2.98558262152068E-4
440193 2.98558262152068E-4
441951 2.98558262152068E-4
442186 2.98558262152068E-4
442334 2.98558262152068E-4
442919 2.98558262152068E-4
450093 2.98558262152068E-4
474258 2.98558262152068E-4
474259 2.98558262152068E-4
494324 2.98558262152068E-4
541466 2.98558262152068E-4
554212 2.98558262152068E-4
574501 2.98558262152068E-4
619373 2.98558262152068E-4
653499 2.98558262152068E-4
654231 2.98558262152068E-4
692094 2.98558262152068E-4
693193 2.98558262152068E-4
727833 2.98558262152068E-4
729659 2.98558262152068E-4
791122 2.98558262152068E-4
100124696 2.98558262152068E-4
100128922 2.98558262152068E-4
100133790 2.98558262152068E-4
100187828 2.98558262152068E-4
100188881 2.98558262152068E-4
100288966 2.98558262152068E-4
100293534 2.98558262152068E-4
100329167 2.98558262152068E-4
100529063 2.98558262152068E-4
100616443 2.98558262152068E-4
100861437 2.98558262152068E-4
100913187 2.98558262152068E-4
100996758 2.98558262152068E-4
101243544 2.98558262152068E-4
101929889 2.98558262152068E-4
101930123 2.98558262152068E-4
102157402 2.98558262152068E-4
