2703 0.421286754114313
1421 0.416045463190403
1409 0.414552671879643
231 0.400895674786456
1414 0.308451398246978
1410 0.308321289857354
1420 0.308022731595202
4284 0.305672606980889
5309 0.305205598846209
3982 0.303712807535449
2584 0.302089907835064
1427 0.30149279131076
7431 0.300597116524304
8671 0.300597116524304
23424 0.300298558262152
1280 0.300298558262152
57447 0.3
490 0.3
2074 0.3
472 0.3
2700 0.114851230141795
1413 0.101194233048608
2908 0.1
1491 0.1
6515 0.1
6548 0.1
2222 0.1
885 0.1
675 0.1
2944 0.0262038052143433
2952 0.021261072552586
3299 0.0114369808684982
1415 0.0114369808684982
1760 0.00898979053705854
10 0.00719844096414613
8419 0.00639983189481733
1418 0.00524129092390944
1419 0.0046441743996053
5080 0.00460848232190492
7515 0.00434561613745324
2068 0.00404705787530117
387700 0.00404705787530117
80207 0.00371280753544872
4094 0.00371280753544872
3842 0.00328414088367274
727764 0.00328414088367274
4285 0.00328414088367274
1417 0.00311569101114458
2651 0.00311569101114458
100128922 0.00298558262152068
1411 0.00298558262152068
3459 0.00281713274899252
127343 0.00251857448684045
9150 0.00251857448684045
4627 0.00238846609721654
2539 0.00208990783506447
2592 0.00179134957291241
437 0.00179134957291241
2512 0.00179134957291241
7042 0.00149279131076034
1969 0.00149279131076034
3081 0.00119423304860827
631 0.00119423304860827
100653366 0.00119423304860827
28509 8.95674786456203E-4
4810 8.95674786456203E-4
7040 8.95674786456203E-4
8170 8.95674786456203E-4
4016 8.95674786456203E-4
3240 8.95674786456203E-4
2837 8.95674786456203E-4
1785 8.95674786456203E-4
26090 5.97116524304135E-4
808 5.97116524304135E-4
805 5.97116524304135E-4
3908 5.97116524304135E-4
3909 5.97116524304135E-4
6581 5.97116524304135E-4
2335 5.97116524304135E-4
801 5.97116524304135E-4
64374 5.97116524304135E-4
6652 5.97116524304135E-4
2301 5.97116524304135E-4
5120 5.97116524304135E-4
5111 5.97116524304135E-4
4524 5.97116524304135E-4
9817 5.97116524304135E-4
6678 5.97116524304135E-4
3702 5.97116524304135E-4
8130 5.97116524304135E-4
1593 5.97116524304135E-4
10484 5.97116524304135E-4
6360 5.97116524304135E-4
58511 5.97116524304135E-4
147912 5.97116524304135E-4
27306 5.97116524304135E-4
57216 5.97116524304135E-4
9588 5.97116524304135E-4
10682 5.97116524304135E-4
8266 5.97116524304135E-4
3561 5.97116524304135E-4
5832 5.97116524304135E-4
6667 2.98558262152068E-4
6535 2.98558262152068E-4
1416 2.98558262152068E-4
6650 2.98558262152068E-4
6648 2.98558262152068E-4
6495 2.98558262152068E-4
1428 2.98558262152068E-4
146 2.98558262152068E-4
728378 2.98558262152068E-4
6817 2.98558262152068E-4
6939 2.98558262152068E-4
128866 2.98558262152068E-4
836 2.98558262152068E-4
10573 2.98558262152068E-4
84668 2.98558262152068E-4
8534 2.98558262152068E-4
1030 2.98558262152068E-4
8988 2.98558262152068E-4
100861439 2.98558262152068E-4
9185 2.98558262152068E-4
3316 2.98558262152068E-4
80208 2.98558262152068E-4
10742 2.98558262152068E-4
128637 2.98558262152068E-4
7178 2.98558262152068E-4
125972 2.98558262152068E-4
7401 2.98558262152068E-4
10923 2.98558262152068E-4
7472 2.98558262152068E-4
7903 2.98558262152068E-4
79068 2.98558262152068E-4
9403 2.98558262152068E-4
29107 2.98558262152068E-4
348 2.98558262152068E-4
3630 2.98558262152068E-4
260434 2.98558262152068E-4
23503 2.98558262152068E-4
3981 2.98558262152068E-4
23411 2.98558262152068E-4
404672 2.98558262152068E-4
4047 2.98558262152068E-4
4069 2.98558262152068E-4
26769 2.98558262152068E-4
338917 2.98558262152068E-4
3315 2.98558262152068E-4
2935 2.98558262152068E-4
28487 2.98558262152068E-4
2947 2.98558262152068E-4
2950 2.98558262152068E-4
283999 2.98558262152068E-4
3033 2.98558262152068E-4
283953 2.98558262152068E-4
328 2.98558262152068E-4
3308 2.98558262152068E-4
23054 2.98558262152068E-4
23049 2.98558262152068E-4
5168 2.98558262152068E-4
51804 2.98558262152068E-4
5308 2.98558262152068E-4
5321 2.98558262152068E-4
5362 2.98558262152068E-4
55750 2.98558262152068E-4
5669 2.98558262152068E-4
57381 2.98558262152068E-4
151056 2.98558262152068E-4
199699 2.98558262152068E-4
5015 2.98558262152068E-4
4990 2.98558262152068E-4
22931 2.98558262152068E-4
4519 2.98558262152068E-4
4538 2.98558262152068E-4
22930 2.98558262152068E-4
2160 2.98558262152068E-4
4780 2.98558262152068E-4
2040 2.98558262152068E-4
3769 2.98558262152068E-4
4968 2.98558262152068E-4
6322 2.98558262152068E-4
