6683 0.0103167813804946
5354 0.00776251481595376
51062 0.00417981567012895
3897 0.00417981567012895
6049 0.00388125740797688
123606 0.00298558262152068
80208 0.00238846609721654
25824 0.00238846609721654
5744 0.00238846609721654
57026 0.00238846609721654
9420 0.00179134957291241
6687 0.00179134957291241
11076 0.00149279131076034
7412 0.00149279131076034
10959 0.00149279131076034
11261 0.00149279131076034
94081 0.00149279131076034
140767 0.00149279131076034
928 0.00149279131076034
7190 0.00119423304860827
58478 0.00119423304860827
5663 0.00119423304860827
23503 0.00119423304860827
3798 8.95674786456203E-4
79152 5.97116524304135E-4
65055 5.97116524304135E-4
6567 5.97116524304135E-4
6253 5.97116524304135E-4
26580 5.97116524304135E-4
80821 5.97116524304135E-4
9897 5.97116524304135E-4
2919 5.97116524304135E-4
338399 5.97116524304135E-4
3329 5.97116524304135E-4
889 2.98558262152068E-4
91056 2.98558262152068E-4
805 2.98558262152068E-4
6843 2.98558262152068E-4
9197 2.98558262152068E-4
7023 2.98558262152068E-4
7054 2.98558262152068E-4
808 2.98558262152068E-4
8630 2.98558262152068E-4
84661 2.98558262152068E-4
825 2.98558262152068E-4
8444 2.98558262152068E-4
79823 2.98558262152068E-4
23111 2.98558262152068E-4
801 2.98558262152068E-4
7296 2.98558262152068E-4
64919 2.98558262152068E-4
302 2.98558262152068E-4
29803 2.98558262152068E-4
101059903 2.98558262152068E-4
2670 2.98558262152068E-4
2643 2.98558262152068E-4
2632 2.98558262152068E-4
26256 2.98558262152068E-4
2581 2.98558262152068E-4
224 2.98558262152068E-4
1822 2.98558262152068E-4
3550 2.98558262152068E-4
4051 2.98558262152068E-4
414886 2.98558262152068E-4
6275 2.98558262152068E-4
57760 2.98558262152068E-4
57679 2.98558262152068E-4
57165 2.98558262152068E-4
4331 2.98558262152068E-4
55764 2.98558262152068E-4
51302 2.98558262152068E-4
51251 2.98558262152068E-4
4897 2.98558262152068E-4
4508 2.98558262152068E-4
10717 2.98558262152068E-4
