2056 0.341629706828761
57817 0.327222227279654
7124 0.31173553913065
30061 0.305634265497985
3240 0.304644174399605
5972 0.301791349572912
1437 0.301791349572912
4524 0.30149279131076
1440 0.30149279131076
3562 0.300895674786456
3440 0.300597116524304
113235 0.300298558262152
6648 0.300298558262152
183 0.300298558262152
3481 0.3
3558 0.3
8797 0.3
374569 0.3
142 0.3
5617 0.3
2936 0.3
5741 0.3
51312 0.3
3815 0.100298558262152
7018 0.1
654 0.1
3704 0.0124066892155591
2539 0.0118069232860511
4891 0.00934707303343375
7421 0.00626707409998955
3569 0.00580271537051319
3040 0.00567260698088929
3039 0.00567260698088929
8743 0.00563426549798503
3586 0.00533570723583296
3043 0.00524129092390944
3077 0.00417981567012895
2944 0.0037484996131491
3458 0.00371280753544872
7037 0.00371280753544872
54106 0.00371280753544872
5444 0.00371280753544872
763 0.00358269914582481
858 0.00358269914582481
857 0.00358269914582481
226 0.00344994135099703
4843 0.00341424927329665
3593 0.00311569101114458
7099 0.00311569101114458
3553 0.00311569101114458
5313 0.00311569101114458
59271 0.00298558262152068
30811 0.00298558262152068
3447 0.00298558262152068
3439 0.00298558262152068
7132 0.00281713274899252
3383 0.00281713274899252
7133 0.00281713274899252
4153 0.00281713274899252
51218 0.00281713274899252
3606 0.00281713274899252
3576 0.00281713274899252
360 0.00281713274899252
2623 0.00268702435936861
282617 0.00268702435936861
2168 0.00251857448684045
4057 0.00251857448684045
213 0.00251857448684045
51561 0.00251857448684045
5777 0.00251857448684045
7015 0.00251857448684045
2247 0.00251857448684045
6352 0.00251857448684045
952 0.00251857448684045
356 0.00251857448684045
7422 0.00251857448684045
5223 0.00251857448684045
7157 0.00208990783506447
1401 0.00208990783506447
212 0.00208990783506447
5367 0.00179134957291241
164656 0.00179134957291241
3717 0.00179134957291241
10483 0.00179134957291241
3047 0.00149279131076034
2131 0.00149279131076034
7126 0.00149279131076034
1356 0.00149279131076034
6521 0.00149279131076034
4709 0.00149279131076034
5917 0.00119423304860827
7036 0.00119423304860827
3918 0.00119423304860827
6223 0.00119423304860827
6023 0.00119423304860827
3048 0.00119423304860827
4282 0.00119423304860827
8288 0.00119423304860827
1761 0.00119423304860827
920 0.00119423304860827
7076 0.00119423304860827
25978 0.00119423304860827
8988 8.95674786456203E-4
2319 8.95674786456203E-4
147040 8.95674786456203E-4
3091 8.95674786456203E-4
25 8.95674786456203E-4
85344 8.95674786456203E-4
10560 8.95674786456203E-4
4072 8.95674786456203E-4
4352 8.95674786456203E-4
7276 8.95674786456203E-4
100124696 8.95674786456203E-4
54658 8.95674786456203E-4
26503 8.95674786456203E-4
4580 8.95674786456203E-4
1667 5.97116524304135E-4
339345 5.97116524304135E-4
652 5.97116524304135E-4
94033 5.97116524304135E-4
49 5.97116524304135E-4
3592 5.97116524304135E-4
4760 5.97116524304135E-4
8266 5.97116524304135E-4
8170 5.97116524304135E-4
3630 5.97116524304135E-4
3658 5.97116524304135E-4
9153 5.97116524304135E-4
613 5.97116524304135E-4
6886 5.97116524304135E-4
11093 5.97116524304135E-4
6320 5.97116524304135E-4
140913 5.97116524304135E-4
925 5.97116524304135E-4
6208 5.97116524304135E-4
4513 5.97116524304135E-4
1465 5.97116524304135E-4
146 5.97116524304135E-4
10661 5.97116524304135E-4
7172 5.97116524304135E-4
3552 5.97116524304135E-4
2837 5.97116524304135E-4
2212 5.97116524304135E-4
3098 5.97116524304135E-4
30816 5.97116524304135E-4
2235 5.97116524304135E-4
9843 5.97116524304135E-4
54474 5.97116524304135E-4
728358 5.97116524304135E-4
23541 5.97116524304135E-4
2209 5.97116524304135E-4
2952 5.97116524304135E-4
161882 5.97116524304135E-4
2629 5.97116524304135E-4
3133 5.97116524304135E-4
3162 5.97116524304135E-4
2821 5.97116524304135E-4
2520 5.97116524304135E-4
2057 5.97116524304135E-4
80781 5.97116524304135E-4
10383 5.97116524304135E-4
57379 5.97116524304135E-4
5743 5.97116524304135E-4
1027 5.97116524304135E-4
6647 5.97116524304135E-4
2099 5.97116524304135E-4
57794 2.98558262152068E-4
56996 2.98558262152068E-4
6201 2.98558262152068E-4
947 2.98558262152068E-4
92 2.98558262152068E-4
567 2.98558262152068E-4
6037 2.98558262152068E-4
57126 2.98558262152068E-4
60491 2.98558262152068E-4
963 2.98558262152068E-4
931 2.98558262152068E-4
9663 2.98558262152068E-4
5715 2.98558262152068E-4
948 2.98558262152068E-4
9975 2.98558262152068E-4
5973 2.98558262152068E-4
92170 2.98558262152068E-4
93974 2.98558262152068E-4
5950 2.98558262152068E-4
6240 2.98558262152068E-4
653509 2.98558262152068E-4
6606 2.98558262152068E-4
800 2.98558262152068E-4
7472 2.98558262152068E-4
6607 2.98558262152068E-4
7450 2.98558262152068E-4
7066 2.98558262152068E-4
6714 2.98558262152068E-4
7361 2.98558262152068E-4
675 2.98558262152068E-4
7321 2.98558262152068E-4
722 2.98558262152068E-4
7150 2.98558262152068E-4
7096 2.98558262152068E-4
7054 2.98558262152068E-4
81469 2.98558262152068E-4
831 2.98558262152068E-4
9166 2.98558262152068E-4
6241 2.98558262152068E-4
9103 2.98558262152068E-4
9021 2.98558262152068E-4
6279 2.98558262152068E-4
6280 2.98558262152068E-4
6347 2.98558262152068E-4
6349 2.98558262152068E-4
64078 2.98558262152068E-4
64100 2.98558262152068E-4
6418 2.98558262152068E-4
6494 2.98558262152068E-4
85476 2.98558262152068E-4
84701 2.98558262152068E-4
83990 2.98558262152068E-4
7055 2.98558262152068E-4
55755 2.98558262152068E-4
2643 2.98558262152068E-4
2213 2.98558262152068E-4
2187 2.98558262152068E-4
2177 2.98558262152068E-4
2160 2.98558262152068E-4
2158 2.98558262152068E-4
2157 2.98558262152068E-4
2122 2.98558262152068E-4
2038 2.98558262152068E-4
2035 2.98558262152068E-4
2034 2.98558262152068E-4
19 2.98558262152068E-4
2272 2.98558262152068E-4
22934 2.98558262152068E-4
261 2.98558262152068E-4
25939 2.98558262152068E-4
257641 2.98558262152068E-4
2571 2.98558262152068E-4
2551 2.98558262152068E-4
255061 2.98558262152068E-4
2524 2.98558262152068E-4
2512 2.98558262152068E-4
24 2.98558262152068E-4
240 2.98558262152068E-4
23534 2.98558262152068E-4
181 2.98558262152068E-4
1719 2.98558262152068E-4
168667 2.98558262152068E-4
10891 2.98558262152068E-4
10819 2.98558262152068E-4
10671 2.98558262152068E-4
10611 2.98558262152068E-4
10534 2.98558262152068E-4
10519 2.98558262152068E-4
1048 2.98558262152068E-4
10457 2.98558262152068E-4
1026 2.98558262152068E-4
10134 2.98558262152068E-4
10058 2.98558262152068E-4
1111 2.98558262152068E-4
1191 2.98558262152068E-4
1668 2.98558262152068E-4
1644 2.98558262152068E-4
1594 2.98558262152068E-4
1558 2.98558262152068E-4
1493 2.98558262152068E-4
1378 2.98558262152068E-4
1352 2.98558262152068E-4
1351 2.98558262152068E-4
134083 2.98558262152068E-4
133482 2.98558262152068E-4
1236 2.98558262152068E-4
100302736 2.98558262152068E-4
2668 2.98558262152068E-4
55692 2.98558262152068E-4
5062 2.98558262152068E-4
4938 2.98558262152068E-4
493 2.98558262152068E-4
4928 2.98558262152068E-4
4922 2.98558262152068E-4
4902 2.98558262152068E-4
4864 2.98558262152068E-4
4780 2.98558262152068E-4
472 2.98558262152068E-4
4710 2.98558262152068E-4
4311 2.98558262152068E-4
50808 2.98558262152068E-4
51014 2.98558262152068E-4
55536 2.98558262152068E-4
551 2.98558262152068E-4
54583 2.98558262152068E-4
5290 2.98558262152068E-4
5230 2.98558262152068E-4
5228 2.98558262152068E-4
5226 2.98558262152068E-4
5159 2.98558262152068E-4
51540 2.98558262152068E-4
514 2.98558262152068E-4
51361 2.98558262152068E-4
414062 2.98558262152068E-4
4089 2.98558262152068E-4
4049 2.98558262152068E-4
3251 2.98558262152068E-4
3126 2.98558262152068E-4
3106 2.98558262152068E-4
3075 2.98558262152068E-4
2950 2.98558262152068E-4
29072 2.98558262152068E-4
286 2.98558262152068E-4
283297 2.98558262152068E-4
28 2.98558262152068E-4
270 2.98558262152068E-4
2691 2.98558262152068E-4
3429 2.98558262152068E-4
3445 2.98558262152068E-4
3952 2.98558262152068E-4
3934 2.98558262152068E-4
3931 2.98558262152068E-4
3855 2.98558262152068E-4
3816 2.98558262152068E-4
3739 2.98558262152068E-4
373156 2.98558262152068E-4
3600 2.98558262152068E-4
3596 2.98558262152068E-4
353376 2.98558262152068E-4
3479 2.98558262152068E-4
268 2.98558262152068E-4
