5243 0.402523820477284
2904 0.400597116524304
6323 0.387025059511945
3785 0.317576595984068
6326 0.317573946578864
57526 0.308788297992034
26047 0.308058423672902
627 0.307928315283278
5428 0.305374048718737
2562 0.304047057875301
7249 0.303881257407977
4988 0.303449941350997
7248 0.303284140883673
2903 0.302687024359369
7337 0.302089907835064
57468 0.301194233048608
4852 0.301194233048608
4208 0.301194233048608
8831 0.301194233048608
6334 0.301194233048608
2670 0.300895674786456
1106 0.300895674786456
57282 0.300597116524304
6507 0.300597116524304
5443 0.300597116524304
6505 0.300597116524304
6558 0.300597116524304
6506 0.300597116524304
213 0.300298558262152
116442 0.300298558262152
5025 0.300298558262152
8514 0.300298558262152
2911 0.3
4887 0.3
7417 0.3
2876 0.3
26053 0.3
2354 0.3
150 0.3
2353 0.3
2348 0.3
8404 0.3
2081 0.3
207 0.3
7416 0.3
6415 0.3
10617 0.3
4985 0.3
1128 0.3
1129 0.3
22953 0.3
7296 0.3
3611 0.3
1137 0.111676814896427
652 0.100298558262152
623 0.1
4771 0.1
6529 0.1
2890 0.1
8678 0.1
5478 0.1
6285 0.1
6579 0.1
4282 0.1
7054 0.1
2918 0.1
2566 0.0217280806872662
1559 0.0200694889091816
6792 0.0181353710254676
6324 0.0167853480255088
1557 0.014231081460968
4524 0.0120697894705027
9211 0.0116054307410264
3767 0.00904851477128168
3786 0.00878829799203387
773 0.00865554019720609
1244 0.00762975702112598
8912 0.0074969992262982
2944 0.0074969992262982
1181 0.00746130714859782
54578 0.00719844096414613
4204 0.00699694841912146
10928 0.00686419062429368
146 0.00656828176734549
170302 0.00656828176734549
477 0.00652994028444123
3766 0.00583840744821357
1641 0.00580271537051319
1476 0.00494273266175737
6513 0.00477693219443308
1555 0.0046441743996053
2554 0.0046441743996053
114327 0.00460848232190492
5173 0.00434561613745324
3342 0.00417981567012895
7364 0.00404705787530117
1135 0.00404705787530117
23271 0.00404705787530117
6508 0.00404705787530117
2563 0.00404705787530117
1576 0.00404705787530117
8856 0.00404705787530117
4548 0.00404705787530117
23158 0.00388125740797688
10054 0.00388125740797688
3760 0.0037484996131491
4552 0.0037484996131491
2897 0.0037484996131491
10947 0.0037484996131491
3240 0.0037484996131491
1577 0.0037484996131491
1548 0.0037484996131491
1558 0.0037484996131491
6470 0.0037484996131491
163175 0.0037484996131491
2052 0.0037484996131491
5621 0.00371280753544872
2571 0.00371280753544872
5080 0.00344994135099703
3123 0.00344994135099703
2952 0.00344994135099703
10368 0.00344994135099703
2558 0.00344994135099703
10656 0.00344994135099703
3765 0.00344994135099703
8913 0.00344994135099703
2560 0.00344994135099703
4128 0.00344994135099703
27094 0.00344994135099703
54658 0.00344994135099703
1544 0.00344994135099703
53616 0.00341424927329665
4363 0.00341424927329665
6812 0.00328414088367274
57575 0.00328414088367274
3918 0.00298558262152068
1437 0.00298558262152068
124925 0.00281713274899252
79663 0.00281713274899252
5625 0.00281713274899252
6347 0.00281713274899252
5469 0.00281713274899252
7351 0.00281713274899252
10109 0.00251857448684045
56172 0.00251857448684045
8976 0.00251857448684045
3912 0.00251857448684045
22822 0.00251857448684045
401 0.00251857448684045
358 0.00251857448684045
30818 0.00251857448684045
378884 0.00251857448684045
796 0.00251857448684045
4593 0.00251857448684045
2737 0.00251857448684045
100379198 0.00238846609721654
3497 0.00238846609721654
8181 0.00238846609721654
2332 0.00238846609721654
9856 0.00238846609721654
112476 0.00238846609721654
1203 0.00208990783506447
2055 0.00208990783506447
348 0.00208990783506447
3630 0.00179134957291241
348980 0.00179134957291241
80331 0.00179134957291241
2902 0.00179134957291241
4691 0.00179134957291241
7915 0.00179134957291241
27286 0.00149279131076034
3106 0.00149279131076034
378938 0.00149279131076034
9378 0.00149279131076034
9429 0.00149279131076034
7453 0.00149279131076034
2550 0.00149279131076034
132 0.00119423304860827
5354 0.00119423304860827
2475 0.00119423304860827
57216 0.00119423304860827
1826 0.00119423304860827
497258 0.00119423304860827
10058 0.00119423304860827
5744 0.00119423304860827
93986 0.00119423304860827
57026 0.00119423304860827
6328 0.00119423304860827
3736 0.00119423304860827
6281 0.00119423304860827
6683 0.00119423304860827
5728 0.00119423304860827
50987 0.00119423304860827
84059 0.00119423304860827
5649 0.00119423304860827
25824 0.00119423304860827
147719 0.00119423304860827
351 0.00119423304860827
2752 0.00119423304860827
4566 0.00119423304860827
414 0.00119423304860827
1562 0.00119423304860827
4595 0.00119423304860827
55777 0.00119423304860827
610 0.00119423304860827
761 0.00119423304860827
361 8.95674786456203E-4
4397 8.95674786456203E-4
4582 8.95674786456203E-4
3569 8.95674786456203E-4
8869 8.95674786456203E-4
100528023 8.95674786456203E-4
54657 8.95674786456203E-4
5978 8.95674786456203E-4
57626 8.95674786456203E-4
1594 8.95674786456203E-4
3757 8.95674786456203E-4
7126 8.95674786456203E-4
1756 8.95674786456203E-4
5816 8.95674786456203E-4
3908 8.95674786456203E-4
6853 8.95674786456203E-4
1859 8.95674786456203E-4
57532 8.95674786456203E-4
8909 8.95674786456203E-4
3778 8.95674786456203E-4
1742 8.95674786456203E-4
100130958 8.95674786456203E-4
8740 8.95674786456203E-4
4709 8.95674786456203E-4
3553 8.95674786456203E-4
2706 8.95674786456203E-4
5663 8.95674786456203E-4
6335 8.95674786456203E-4
7421 8.95674786456203E-4
808 8.95674786456203E-4
2477 8.95674786456203E-4
805 8.95674786456203E-4
6535 8.95674786456203E-4
118460 8.95674786456203E-4
2892 8.95674786456203E-4
801 8.95674786456203E-4
9900 8.95674786456203E-4
25814 8.95674786456203E-4
2746 8.95674786456203E-4
55203 8.95674786456203E-4
27319 8.95674786456203E-4
27158 8.95674786456203E-4
1141 8.95674786456203E-4
23417 8.95674786456203E-4
23229 8.95674786456203E-4
7957 8.95674786456203E-4
10057 8.95674786456203E-4
51056 5.97116524304135E-4
10295 5.97116524304135E-4
607 5.97116524304135E-4
554188 5.97116524304135E-4
5979 5.97116524304135E-4
51084 5.97116524304135E-4
100529229 5.97116524304135E-4
6046 5.97116524304135E-4
1191 5.97116524304135E-4
5726 5.97116524304135E-4
51083 5.97116524304135E-4
5727 5.97116524304135E-4
9961 5.97116524304135E-4
10243 5.97116524304135E-4
6854 5.97116524304135E-4
57465 5.97116524304135E-4
54119 5.97116524304135E-4
100188848 5.97116524304135E-4
51742 5.97116524304135E-4
501 5.97116524304135E-4
6717 5.97116524304135E-4
6331 5.97116524304135E-4
10903 5.97116524304135E-4
51557 5.97116524304135E-4
5048 5.97116524304135E-4
6709 5.97116524304135E-4
10537 5.97116524304135E-4
9563 5.97116524304135E-4
5340 5.97116524304135E-4
51124 5.97116524304135E-4
100128922 5.97116524304135E-4
54084 5.97116524304135E-4
50818 5.97116524304135E-4
2561 5.97116524304135E-4
2131 5.97116524304135E-4
2335 5.97116524304135E-4
8242 5.97116524304135E-4
3308 5.97116524304135E-4
338399 5.97116524304135E-4
7361 5.97116524304135E-4
7358 5.97116524304135E-4
353 5.97116524304135E-4
2316 5.97116524304135E-4
7355 5.97116524304135E-4
1139 5.97116524304135E-4
2290 5.97116524304135E-4
3126 5.97116524304135E-4
114086 5.97116524304135E-4
2697 5.97116524304135E-4
27165 5.97116524304135E-4
8030 5.97116524304135E-4
759 5.97116524304135E-4
1201 5.97116524304135E-4
1200 5.97116524304135E-4
28954 5.97116524304135E-4
1268 5.97116524304135E-4
7439 5.97116524304135E-4
9360 5.97116524304135E-4
2907 5.97116524304135E-4
7389 5.97116524304135E-4
8001 5.97116524304135E-4
128408 5.97116524304135E-4
7124 5.97116524304135E-4
1565 5.97116524304135E-4
171425 5.97116524304135E-4
1649 5.97116524304135E-4
1621 5.97116524304135E-4
4169 5.97116524304135E-4
4194 5.97116524304135E-4
950 5.97116524304135E-4
7084 5.97116524304135E-4
4437 5.97116524304135E-4
4519 5.97116524304135E-4
197 5.97116524304135E-4
1385 5.97116524304135E-4
3784 5.97116524304135E-4
89832 5.97116524304135E-4
2158 5.97116524304135E-4
367 5.97116524304135E-4
84549 2.98558262152068E-4
8893 2.98558262152068E-4
638 2.98558262152068E-4
80781 2.98558262152068E-4
63973 2.98558262152068E-4
83891 2.98558262152068E-4
9228 2.98558262152068E-4
6646 2.98558262152068E-4
89874 2.98558262152068E-4
84063 2.98558262152068E-4
64324 2.98558262152068E-4
6446 2.98558262152068E-4
84959 2.98558262152068E-4
81539 2.98558262152068E-4
85021 2.98558262152068E-4
8314 2.98558262152068E-4
8792 2.98558262152068E-4
9181 2.98558262152068E-4
8818 2.98558262152068E-4
8772 2.98558262152068E-4
8828 2.98558262152068E-4
817 2.98558262152068E-4
6332 2.98558262152068E-4
9223 2.98558262152068E-4
8874 2.98558262152068E-4
84295 2.98558262152068E-4
8170 2.98558262152068E-4
92335 2.98558262152068E-4
6900 2.98558262152068E-4
6751 2.98558262152068E-4
6722 2.98558262152068E-4
969 2.98558262152068E-4
80199 2.98558262152068E-4
7276 2.98558262152068E-4
727719 2.98558262152068E-4
9829 2.98558262152068E-4
7321 2.98558262152068E-4
6657 2.98558262152068E-4
96764 2.98558262152068E-4
9463 2.98558262152068E-4
7057 2.98558262152068E-4
947 2.98558262152068E-4
7099 2.98558262152068E-4
6833 2.98558262152068E-4
6817 2.98558262152068E-4
7109 2.98558262152068E-4
7035 2.98558262152068E-4
7150 2.98558262152068E-4
7200 2.98558262152068E-4
6655 2.98558262152068E-4
6654 2.98558262152068E-4
6611 2.98558262152068E-4
7532 2.98558262152068E-4
760 2.98558262152068E-4
762 2.98558262152068E-4
6469 2.98558262152068E-4
780910 2.98558262152068E-4
785 2.98558262152068E-4
7873 2.98558262152068E-4
998 2.98558262152068E-4
9322 2.98558262152068E-4
6523 2.98558262152068E-4
7444 2.98558262152068E-4
7368 2.98558262152068E-4
7372 2.98558262152068E-4
6571 2.98558262152068E-4
9839 2.98558262152068E-4
6540 2.98558262152068E-4
7376 2.98558262152068E-4
6538 2.98558262152068E-4
7431 2.98558262152068E-4
9863 2.98558262152068E-4
79612 2.98558262152068E-4
6045 2.98558262152068E-4
2173 2.98558262152068E-4
23524 2.98558262152068E-4
2355 2.98558262152068E-4
23556 2.98558262152068E-4
23582 2.98558262152068E-4
23583 2.98558262152068E-4
23621 2.98558262152068E-4
2481 2.98558262152068E-4
249 2.98558262152068E-4
23437 2.98558262152068E-4
2334 2.98558262152068E-4
2182 2.98558262152068E-4
220136 2.98558262152068E-4
221927 2.98558262152068E-4
22899 2.98558262152068E-4
23038 2.98558262152068E-4
23236 2.98558262152068E-4
23327 2.98558262152068E-4
23334 2.98558262152068E-4
255239 2.98558262152068E-4
255324 2.98558262152068E-4
2559 2.98558262152068E-4
2821 2.98558262152068E-4
283149 2.98558262152068E-4
2837 2.98558262152068E-4
287 2.98558262152068E-4
28817 2.98558262152068E-4
2894 2.98558262152068E-4
2898 2.98558262152068E-4
28982 2.98558262152068E-4
275 2.98558262152068E-4
2742 2.98558262152068E-4
2570 2.98558262152068E-4
2593 2.98558262152068E-4
2628 2.98558262152068E-4
2643 2.98558262152068E-4
265 2.98558262152068E-4
26767 2.98558262152068E-4
27133 2.98558262152068E-4
27303 2.98558262152068E-4
2940 2.98558262152068E-4
10159 2.98558262152068E-4
11019 2.98558262152068E-4
11255 2.98558262152068E-4
1131 2.98558262152068E-4
11337 2.98558262152068E-4
1180 2.98558262152068E-4
1183 2.98558262152068E-4
123606 2.98558262152068E-4
1263 2.98558262152068E-4
10999 2.98558262152068E-4
10922 2.98558262152068E-4
10188 2.98558262152068E-4
10256 2.98558262152068E-4
10369 2.98558262152068E-4
10381 2.98558262152068E-4
10519 2.98558262152068E-4
10653 2.98558262152068E-4
10667 2.98558262152068E-4
10717 2.98558262152068E-4
1266 2.98558262152068E-4
1282 2.98558262152068E-4
1287 2.98558262152068E-4
1809 2.98558262152068E-4
1813 2.98558262152068E-4
1822 2.98558262152068E-4
1917 2.98558262152068E-4
2022 2.98558262152068E-4
2048 2.98558262152068E-4
2099 2.98558262152068E-4
2108 2.98558262152068E-4
1759 2.98558262152068E-4
1611 2.98558262152068E-4
1312 2.98558262152068E-4
1356 2.98558262152068E-4
140679 2.98558262152068E-4
144165 2.98558262152068E-4
10 2.98558262152068E-4
1489 2.98558262152068E-4
1523 2.98558262152068E-4
1543 2.98558262152068E-4
2157 2.98558262152068E-4
5077 2.98558262152068E-4
54407 2.98558262152068E-4
546 2.98558262152068E-4
54715 2.98558262152068E-4
54741 2.98558262152068E-4
54751 2.98558262152068E-4
54820 2.98558262152068E-4
55117 2.98558262152068E-4
55163 2.98558262152068E-4
538 2.98558262152068E-4
5327 2.98558262152068E-4
50968 2.98558262152068E-4
51010 2.98558262152068E-4
5110 2.98558262152068E-4
51365 2.98558262152068E-4
51477 2.98558262152068E-4
51517 2.98558262152068E-4
51554 2.98558262152068E-4
5244 2.98558262152068E-4
5538 2.98558262152068E-4
553989 2.98558262152068E-4
55748 2.98558262152068E-4
57094 2.98558262152068E-4
57120 2.98558262152068E-4
5725 2.98558262152068E-4
5741 2.98558262152068E-4
57534 2.98558262152068E-4
57582 2.98558262152068E-4
58155 2.98558262152068E-4
5923 2.98558262152068E-4
57084 2.98558262152068E-4
57030 2.98558262152068E-4
55780 2.98558262152068E-4
55824 2.98558262152068E-4
5594 2.98558262152068E-4
5627 2.98558262152068E-4
56479 2.98558262152068E-4
56731 2.98558262152068E-4
56853 2.98558262152068E-4
56902 2.98558262152068E-4
5940 2.98558262152068E-4
3066 2.98558262152068E-4
3605 2.98558262152068E-4
3645 2.98558262152068E-4
3737 2.98558262152068E-4
3749 2.98558262152068E-4
3752 2.98558262152068E-4
3777 2.98558262152068E-4
3798 2.98558262152068E-4
3818 2.98558262152068E-4
3552 2.98558262152068E-4
353174 2.98558262152068E-4
3084 2.98558262152068E-4
309 2.98558262152068E-4
3146 2.98558262152068E-4
3196 2.98558262152068E-4
320 2.98558262152068E-4
321 2.98558262152068E-4
3387 2.98558262152068E-4
339451 2.98558262152068E-4
3827 2.98558262152068E-4
3953 2.98558262152068E-4
3996 2.98558262152068E-4
474301 2.98558262152068E-4
4780 2.98558262152068E-4
4878 2.98558262152068E-4
4953 2.98558262152068E-4
4983 2.98558262152068E-4
5018 2.98558262152068E-4
5052 2.98558262152068E-4
5063 2.98558262152068E-4
474258 2.98558262152068E-4
4710 2.98558262152068E-4
4137 2.98558262152068E-4
4205 2.98558262152068E-4
429 2.98558262152068E-4
443 2.98558262152068E-4
445347 2.98558262152068E-4
3092 2.98558262152068E-4
4558 2.98558262152068E-4
4627 2.98558262152068E-4
50715 2.98558262152068E-4
