91252 0.301194233048608
1289 0.0156167965386272
1281 0.0130982220517867
7148 0.0122382393430309
1277 0.0111384226063462
1278 0.0107097559545702
11285 0.00712705680874537
146 0.00567260698088929
1634 0.00460848232190492
2316 0.00430992405975285
1290 0.00328414088367274
5351 0.00298558262152068
3484 0.00251857448684045
5352 0.00251857448684045
2335 0.00238846609721654
9509 0.00179134957291241
1351 0.00149279131076034
57556 0.00149279131076034
113189 0.00149279131076034
9507 8.95674786456203E-4
1760 8.95674786456203E-4
28509 8.95674786456203E-4
4015 8.95674786456203E-4
791254 5.97116524304135E-4
2006 5.97116524304135E-4
1280 5.97116524304135E-4
1589 5.97116524304135E-4
1896 5.97116524304135E-4
3371 5.97116524304135E-4
5972 2.98558262152068E-4
128408 2.98558262152068E-4
126792 2.98558262152068E-4
257 2.98558262152068E-4
538 2.98558262152068E-4
633 2.98558262152068E-4
55033 2.98558262152068E-4
50509 2.98558262152068E-4
28954 2.98558262152068E-4
1081 2.98558262152068E-4
26479 2.98558262152068E-4
1113 2.98558262152068E-4
3160 2.98558262152068E-4
5673 2.98558262152068E-4
1934 2.98558262152068E-4
6899 2.98558262152068E-4
27319 2.98558262152068E-4
