6622 0.592247695876612
120892 0.5
4129 0.49944382154384
65018 0.490083142167222
5071 0.473737083623184
11315 0.463597930443364
1813 0.456061693729912
2629 0.424928931653345
4137 0.413622059174471
6571 0.410839864344194
1644 0.404478373932281
3480 0.4
1565 0.379116765260614
6531 0.367034315868934
2944 0.354961876993227
627 0.353196208982042
7124 0.342152202687619
5243 0.338140836890018
2950 0.336290763082883
1728 0.327563838730276
3077 0.325606688690039
4128 0.324580905513959
6648 0.319041056327898
2668 0.318212053991276
683 0.316486789763357
1571 0.315889673239053
3569 0.315591114976901
100359403 0.313633964936664
2580 0.313335406674512
1356 0.312797014384431
3162 0.312702598072507
6647 0.308918406381658
3313 0.307162748886446
3630 0.30626707409999
3481 0.305968515837837
3122 0.304644174399605
1812 0.304345616137453
3303 0.303748499613149
4217 0.303414249273297
2876 0.302817132748993
2941 0.30251857448684
54541 0.300895674786456
2670 0.300597116524304
3082 0.300298558262152
3643 0.300298558262152
1906 0.3
199 0.3
2203 0.3
2244 0.3
3482 0.3
3761 0.3
4099 0.3
4803 0.3
6128 0.3
6147 0.3
6202 0.3
6888 0.3
9045 0.3
3553 0.137877970705567
7054 0.136750410106793
4537 0.10779555748845
348 0.106663452238254
11261 0.104047057875301
2869 0.104047057875301
3350 0.102817132748993
3308 0.10149279131076
3312 0.101194233048608
2870 0.100597116524304
1490 0.1
156 0.1
157 0.1
1739 0.1
1742 0.1
7345 0.0940267196366325
1312 0.0929752548988257
4929 0.0638062498142806
26058 0.0573860351681444
23400 0.050749018650602
4524 0.0465692029804731
10 0.0393707620163269
26281 0.0362781031617051
5444 0.0348950374892498
1814 0.0346321713047981
9627 0.0337852102365913
2952 0.0334379382561898
2332 0.0290209379633358
285513 0.0275995308079763
27429 0.0273266541075508
3552 0.0221924394167425
4287 0.0221567473390422
6311 0.0218224969991897
4835 0.0216183550489612
5309 0.02083240590081
84894 0.0182781393362691
12 0.018109689463741
1621 0.018109689463741
1636 0.018109689463741
6532 0.0178111312015889
2643 0.0171809720047883
9037 0.0169154564151327
4842 0.0164867897633567
5428 0.0158539811613522
170534 0.014659748112744
3356 0.0143968819282923
2932 0.0143611898505919
2100 0.0140626315884398
4536 0.0140626315884398
6908 0.0140626315884398
100128646 0.0137997654039881
3586 0.0133354066745118
4843 0.0133354066745118
1996 0.0128327064621312
3576 0.0128327064621312
885 0.0128327064621312
7019 0.0127382901502076
79705 0.0121998978601266
119391 0.0118426153637514
9446 0.0118426153637514
2896 0.0118069232860511
1609 0.0115440571015994
254428 0.0112454988394473
4729 0.0112454988394473
831 0.0109469405772952
4905 0.0106483823151432
64710 0.0106483823151432
23358 0.0106126902374428
162540 0.0103498240529911
2947 0.0103498240529911
55230 0.0100155737131386
6620 0.00984977324581436
142 0.0096813233732862
5743 0.00938276511113413
5621 0.00928834879921061
8398 0.00928834879921061
135138 0.00908420684898206
3458 0.00908420684898206
1815 0.00898979053705854
5072 0.00891840638165778
2099 0.00869123227490647
3176 0.00869123227490647
1121 0.00865818960240996
1544 0.0083926740127544
793 0.0083926740127544
2904 0.00809411575060234
8934 0.00809411575060234
158506 0.00806107307810583
79594 0.00806107307810583
4535 0.00775986541074989
2512 0.0074969992262982
429 0.0074969992262982
4548 0.0074969992262982
56922 0.0074969992262982
6014 0.0074969992262982
6697 0.00746130714859782
1137 0.00719844096414613
200008 0.00719844096414613
2052 0.00719844096414613
284058 0.00719844096414613
4010 0.00719844096414613
4552 0.00719844096414613
81615 0.00719844096414613
7421 0.00716274888644575
100129583 0.00689988270199407
10154 0.00689988270199407
114134 0.00689988270199407
1545 0.00689988270199407
1620 0.00689988270199407
2495 0.00689988270199407
2523 0.00689988270199407
2567 0.00689988270199407
2954 0.00689988270199407
450234 0.00689988270199407
4745 0.00689988270199407
5997 0.00689988270199407
7473 0.00689988270199407
773 0.00689988270199407
84286 0.00689988270199407
8633 0.00689988270199407
9749 0.00689988270199407
2534 0.00673408223466978
10200 0.00656828176734549
3145 0.00656828176734549
4359 0.00656828176734549
126 0.00656563236214162
219402 0.00656563236214162
2481 0.00656563236214162
4540 0.00656563236214162
59269 0.00656563236214162
64342 0.00656563236214162
6477 0.00656563236214162
886 0.00656563236214162
1268 0.00652994028444123
23435 0.00643552397251771
3240 0.00626707409998955
7533 0.00626707409998955
2571 0.00610127363266526
3362 0.00596851583783748
442890 0.00596851583783748
3064 0.00553984918606151
207 0.00524129092390944
2477 0.00524129092390944
25793 0.00524129092390944
4780 0.00494273266175737
4902 0.00477693219443308
4908 0.00477693219443308
9048 0.00477693219443308
135 0.0046441743996053
1429 0.0046441743996053
1543 0.0046441743996053
246744 0.0046441743996053
9026 0.0046441743996053
158038 0.00434561613745324
23208 0.00434561613745324
27074 0.00434561613745324
4009 0.00434561613745324
4837 0.00434561613745324
55737 0.00417981567012895
10193 0.00404705787530117
127 0.00404705787530117
1509 0.00404705787530117
1861 0.00404705787530117
2 0.00404705787530117
2048 0.00404705787530117
217 0.00404705787530117
27347 0.00404705787530117
2747 0.00404705787530117
2902 0.00404705787530117
3127 0.00404705787530117
4521 0.00404705787530117
4741 0.00404705787530117
4846 0.00404705787530117
5443 0.00404705787530117
64127 0.00404705787530117
6469 0.00404705787530117
842 0.00401136579760079
1437 0.00388125740797688
3918 0.00388125740797688
10013 0.0037484996131491
10497 0.0037484996131491
10743 0.0037484996131491
1630 0.0037484996131491
1666 0.0037484996131491
2019 0.0037484996131491
2020 0.0037484996131491
2047 0.0037484996131491
2208 0.0037484996131491
22800 0.0037484996131491
22915 0.0037484996131491
26 0.0037484996131491
2624 0.0037484996131491
3304 0.0037484996131491
3305 0.0037484996131491
3309 0.0037484996131491
3557 0.0037484996131491
4153 0.0037484996131491
4157 0.0037484996131491
4487 0.0037484996131491
4494 0.0037484996131491
4513 0.0037484996131491
51106 0.0037484996131491
51399 0.0037484996131491
5340 0.0037484996131491
581 0.0037484996131491
63973 0.0037484996131491
64216 0.0037484996131491
6720 0.0037484996131491
7799 0.0037484996131491
84660 0.0037484996131491
8566 0.0037484996131491
887 0.0037484996131491
8929 0.0037484996131491
929 0.0037484996131491
9456 0.0037484996131491
9817 0.0037484996131491
998 0.0037484996131491
56652 0.00371280753544872
1917 0.00358269914582481
4397 0.00358269914582481
100130286 0.00344994135099703
100189506 0.00344994135099703
100192420 0.00344994135099703
100271053 0.00344994135099703
100271091 0.00344994135099703
100271457 0.00344994135099703
100271596 0.00344994135099703
10160 0.00344994135099703
10298 0.00344994135099703
1060 0.00344994135099703
10837 0.00344994135099703
10982 0.00344994135099703
11130 0.00344994135099703
11214 0.00344994135099703
118980 0.00344994135099703
119032 0.00344994135099703
124 0.00344994135099703
1282 0.00344994135099703
128817 0.00344994135099703
130013 0.00344994135099703
137868 0.00344994135099703
1380 0.00344994135099703
140597 0.00344994135099703
140733 0.00344994135099703
140862 0.00344994135099703
143 0.00344994135099703
1436 0.00344994135099703
145946 0.00344994135099703
147081 0.00344994135099703
148 0.00344994135099703
148811 0.00344994135099703
150 0.00344994135099703
150084 0.00344994135099703
150244 0.00344994135099703
151126 0.00344994135099703
154043 0.00344994135099703
1586 0.00344994135099703
1588 0.00344994135099703
1593 0.00344994135099703
164656 0.00344994135099703
164781 0.00344994135099703
165829 0.00344994135099703
168448 0.00344994135099703
170690 0.00344994135099703
1740 0.00344994135099703
1830 0.00344994135099703
1946 0.00344994135099703
2043 0.00344994135099703
2131 0.00344994135099703
2200 0.00344994135099703
2222 0.00344994135099703
22808 0.00344994135099703
22848 0.00344994135099703
22854 0.00344994135099703
22902 0.00344994135099703
22918 0.00344994135099703
22926 0.00344994135099703
23127 0.00344994135099703
2355 0.00344994135099703
251 0.00344994135099703
2524 0.00344994135099703
254664 0.00344994135099703
257194 0.00344994135099703
25771 0.00344994135099703
25802 0.00344994135099703
26220 0.00344994135099703
26228 0.00344994135099703
26273 0.00344994135099703
26645 0.00344994135099703
26973 0.00344994135099703
27010 0.00344994135099703
2773 0.00344994135099703
282694 0.00344994135099703
285386 0.00344994135099703
285668 0.00344994135099703
286144 0.00344994135099703
29119 0.00344994135099703
29801 0.00344994135099703
29887 0.00344994135099703
29951 0.00344994135099703
30000 0.00344994135099703
3006 0.00344994135099703
3075 0.00344994135099703
3097 0.00344994135099703
3117 0.00344994135099703
313 0.00344994135099703
317687 0.00344994135099703
3192 0.00344994135099703
3269 0.00344994135099703
3323 0.00344994135099703
3358 0.00344994135099703
339105 0.00344994135099703
3394 0.00344994135099703
339799 0.00344994135099703
340990 0.00344994135099703
343727 0.00344994135099703
347706 0.00344994135099703
3558 0.00344994135099703
3560 0.00344994135099703
3565 0.00344994135099703
360184 0.00344994135099703
3689 0.00344994135099703
388650 0.00344994135099703
389649 0.00344994135099703
390407 0.00344994135099703
391370 0.00344994135099703
401237 0.00344994135099703
4013 0.00344994135099703
401884 0.00344994135099703
405 0.00344994135099703
406922 0.00344994135099703
406923 0.00344994135099703
4249 0.00344994135099703
440279 0.00344994135099703
441073 0.00344994135099703
441250 0.00344994135099703
442426 0.00344994135099703
442524 0.00344994135099703
4508 0.00344994135099703
4512 0.00344994135099703
4563 0.00344994135099703
4568 0.00344994135099703
4683 0.00344994135099703
4724 0.00344994135099703
4889 0.00344994135099703
5015 0.00344994135099703
504191 0.00344994135099703
5058 0.00344994135099703
50618 0.00344994135099703
5081 0.00344994135099703
5332 0.00344994135099703
5362 0.00344994135099703
54510 0.00344994135099703
54805 0.00344994135099703
54822 0.00344994135099703
55024 0.00344994135099703
55218 0.00344994135099703
5530 0.00344994135099703
55529 0.00344994135099703
55536 0.00344994135099703
55691 0.00344994135099703
55703 0.00344994135099703
55905 0.00344994135099703
56244 0.00344994135099703
567 0.00344994135099703
56937 0.00344994135099703
57084 0.00344994135099703
57111 0.00344994135099703
57144 0.00344994135099703
572 0.00344994135099703
57589 0.00344994135099703
57602 0.00344994135099703
57624 0.00344994135099703
5801 0.00344994135099703
58480 0.00344994135099703
5880 0.00344994135099703
606495 0.00344994135099703
6239 0.00344994135099703
6310 0.00344994135099703
63977 0.00344994135099703
64215 0.00344994135099703
643160 0.00344994135099703
644246 0.00344994135099703
645000 0.00344994135099703
6456 0.00344994135099703
645957 0.00344994135099703
652 0.00344994135099703
6586 0.00344994135099703
6853 0.00344994135099703
692088 0.00344994135099703
7035 0.00344994135099703
7068 0.00344994135099703
7099 0.00344994135099703
7132 0.00344994135099703
723961 0.00344994135099703
728374 0.00344994135099703
729816 0.00344994135099703
7300 0.00344994135099703
7466 0.00344994135099703
753 0.00344994135099703
780810 0.00344994135099703
79056 0.00344994135099703
79574 0.00344994135099703
79956 0.00344994135099703
80327 0.00344994135099703
80834 0.00344994135099703
80856 0.00344994135099703
81888 0.00344994135099703
824 0.00344994135099703
83528 0.00344994135099703
84766 0.00344994135099703
85013 0.00344994135099703
8516 0.00344994135099703
85414 0.00344994135099703
8707 0.00344994135099703
875 0.00344994135099703
8808 0.00344994135099703
8907 0.00344994135099703
8987 0.00344994135099703
91461 0.00344994135099703
9255 0.00344994135099703
92949 0.00344994135099703
9568 0.00344994135099703
9706 0.00344994135099703
9726 0.00344994135099703
9758 0.00344994135099703
9811 0.00344994135099703
9842 0.00344994135099703
9901 0.00344994135099703
9920 0.00344994135099703
9945 0.00344994135099703
43 0.00341424927329665
4739 0.00341424927329665
4790 0.00341424927329665
5173 0.00341424927329665
6315 0.00341424927329665
836 0.00341424927329665
23336 0.00328414088367274
2837 0.00328414088367274
60491 0.00328414088367274
79612 0.00328414088367274
81539 0.00328414088367274
8170 0.00328414088367274
1029 0.00311569101114458
22933 0.00311569101114458
25897 0.00311569101114458
4209 0.00311569101114458
441549 0.00311569101114458
5704 0.00311569101114458
6347 0.00311569101114458
7001 0.00311569101114458
7299 0.00311569101114458
8878 0.00311569101114458
11113 0.00298558262152068
133482 0.00298558262152068
1981 0.00298558262152068
373156 0.00298558262152068
5728 0.00298558262152068
79947 0.00298558262152068
10935 0.00281713274899252
1869 0.00281713274899252
2572 0.00281713274899252
26994 0.00281713274899252
3416 0.00281713274899252
347 0.00281713274899252
355 0.00281713274899252
4694 0.00281713274899252
51741 0.00281713274899252
6352 0.00281713274899252
80055 0.00268702435936861
131450 0.00251857448684045
1386 0.00251857448684045
23113 0.00251857448684045
25824 0.00251857448684045
3084 0.00251857448684045
347902 0.00251857448684045
391634 0.00251857448684045
40 0.00251857448684045
4025 0.00251857448684045
4345 0.00251857448684045
4879 0.00251857448684045
4885 0.00251857448684045
5074 0.00251857448684045
5816 0.00251857448684045
5925 0.00251857448684045
598 0.00251857448684045
6334 0.00251857448684045
6348 0.00251857448684045
7018 0.00251857448684045
7249 0.00251857448684045
7534 0.00251857448684045
8772 0.00251857448684045
8880 0.00251857448684045
23263 0.00238846609721654
4036 0.00238846609721654
4061 0.00238846609721654
2011 0.00208990783506447
23158 0.00208990783506447
2395 0.00208990783506447
3093 0.00208990783506447
5979 0.00208990783506447
10059 0.00179134957291241
10891 0.00179134957291241
283 0.00179134957291241
7157 0.00179134957291241
7422 0.00179134957291241
92170 0.00179134957291241
10625 0.00149279131076034
146 0.00149279131076034
1555 0.00149279131076034
216 0.00149279131076034
27306 0.00149279131076034
27338 0.00149279131076034
351 0.00149279131076034
497258 0.00149279131076034
51366 0.00149279131076034
5599 0.00149279131076034
6623 0.00149279131076034
7296 0.00149279131076034
8630 0.00149279131076034
950 0.00149279131076034
1020 0.00119423304860827
11076 0.00119423304860827
11332 0.00119423304860827
1594 0.00119423304860827
2861 0.00119423304860827
345651 0.00119423304860827
389036 0.00119423304860827
440915 0.00119423304860827
551 0.00119423304860827
5594 0.00119423304860827
60454 0.00119423304860827
641455 0.00119423304860827
71 0.00119423304860827
7145 0.00119423304860827
72 0.00119423304860827
9457 0.00119423304860827
10128 8.95674786456203E-4
10769 8.95674786456203E-4
11255 8.95674786456203E-4
1767 8.95674786456203E-4
203228 8.95674786456203E-4
2475 8.95674786456203E-4
27019 8.95674786456203E-4
27352 8.95674786456203E-4
2946 8.95674786456203E-4
352909 8.95674786456203E-4
4295 8.95674786456203E-4
4314 8.95674786456203E-4
4695 8.95674786456203E-4
4891 8.95674786456203E-4
5092 8.95674786456203E-4
5179 8.95674786456203E-4
5445 8.95674786456203E-4
5468 8.95674786456203E-4
5550 8.95674786456203E-4
56162 8.95674786456203E-4
5972 8.95674786456203E-4
6285 8.95674786456203E-4
6376 8.95674786456203E-4
6696 8.95674786456203E-4
6863 8.95674786456203E-4
7037 8.95674786456203E-4
7040 8.95674786456203E-4
7173 8.95674786456203E-4
7314 8.95674786456203E-4
7873 8.95674786456203E-4
7965 8.95674786456203E-4
8856 8.95674786456203E-4
10046 5.97116524304135E-4
10327 5.97116524304135E-4
10383 5.97116524304135E-4
10452 5.97116524304135E-4
10569 5.97116524304135E-4
10598 5.97116524304135E-4
10644 5.97116524304135E-4
10657 5.97116524304135E-4
10850 5.97116524304135E-4
11124 5.97116524304135E-4
1138 5.97116524304135E-4
117084 5.97116524304135E-4
1269 5.97116524304135E-4
129521 5.97116524304135E-4
131 5.97116524304135E-4
139596 5.97116524304135E-4
1398 5.97116524304135E-4
1400 5.97116524304135E-4
1432 5.97116524304135E-4
1576 5.97116524304135E-4
1616 5.97116524304135E-4
1649 5.97116524304135E-4
1678 5.97116524304135E-4
1795 5.97116524304135E-4
22993 5.97116524304135E-4
2334 5.97116524304135E-4
23411 5.97116524304135E-4
23524 5.97116524304135E-4
23604 5.97116524304135E-4
23636 5.97116524304135E-4
250 5.97116524304135E-4
25820 5.97116524304135E-4
2597 5.97116524304135E-4
25978 5.97116524304135E-4
26033 5.97116524304135E-4
26073 5.97116524304135E-4
27035 5.97116524304135E-4
27072 5.97116524304135E-4
2717 5.97116524304135E-4
27295 5.97116524304135E-4
2746 5.97116524304135E-4
2895 5.97116524304135E-4
28954 5.97116524304135E-4
2903 5.97116524304135E-4
29108 5.97116524304135E-4
2965 5.97116524304135E-4
3123 5.97116524304135E-4
3126 5.97116524304135E-4
317 5.97116524304135E-4
3239 5.97116524304135E-4
3242 5.97116524304135E-4
340719 5.97116524304135E-4
342977 5.97116524304135E-4
3479 5.97116524304135E-4
3483 5.97116524304135E-4
3658 5.97116524304135E-4
3664 5.97116524304135E-4
3920 5.97116524304135E-4
4208 5.97116524304135E-4
4477 5.97116524304135E-4
4485 5.97116524304135E-4
4519 5.97116524304135E-4
470 5.97116524304135E-4
4760 5.97116524304135E-4
4810 5.97116524304135E-4
4852 5.97116524304135E-4
4864 5.97116524304135E-4
4922 5.97116524304135E-4
4967 5.97116524304135E-4
4968 5.97116524304135E-4
5037 5.97116524304135E-4
5047 5.97116524304135E-4
51164 5.97116524304135E-4
5121 5.97116524304135E-4
51567 5.97116524304135E-4
51763 5.97116524304135E-4
5310 5.97116524304135E-4
5414 5.97116524304135E-4
5469 5.97116524304135E-4
5473 5.97116524304135E-4
55226 5.97116524304135E-4
55486 5.97116524304135E-4
55764 5.97116524304135E-4
5595 5.97116524304135E-4
57107 5.97116524304135E-4
574034 5.97116524304135E-4
5967 5.97116524304135E-4
60506 5.97116524304135E-4
6416 5.97116524304135E-4
6500 5.97116524304135E-4
6530 5.97116524304135E-4
6590 5.97116524304135E-4
6625 5.97116524304135E-4
6636 5.97116524304135E-4
6855 5.97116524304135E-4
706 5.97116524304135E-4
7077 5.97116524304135E-4
7189 5.97116524304135E-4
729230 5.97116524304135E-4
7298 5.97116524304135E-4
7347 5.97116524304135E-4
7378 5.97116524304135E-4
7402 5.97116524304135E-4
7415 5.97116524304135E-4
7804 5.97116524304135E-4
796 5.97116524304135E-4
80025 5.97116524304135E-4
80150 5.97116524304135E-4
8021 5.97116524304135E-4
8200 5.97116524304135E-4
8201 5.97116524304135E-4
8301 5.97116524304135E-4
8350 5.97116524304135E-4
8351 5.97116524304135E-4
8352 5.97116524304135E-4
8353 5.97116524304135E-4
8354 5.97116524304135E-4
8355 5.97116524304135E-4
8356 5.97116524304135E-4
8357 5.97116524304135E-4
8358 5.97116524304135E-4
84000 5.97116524304135E-4
847 5.97116524304135E-4
8562 5.97116524304135E-4
8851 5.97116524304135E-4
8891 5.97116524304135E-4
8968 5.97116524304135E-4
89782 5.97116524304135E-4
8988 5.97116524304135E-4
91683 5.97116524304135E-4
9175 5.97116524304135E-4
920 5.97116524304135E-4
925 5.97116524304135E-4
9402 5.97116524304135E-4
10010 2.98558262152068E-4
100132285 2.98558262152068E-4
100293534 2.98558262152068E-4
10049 2.98558262152068E-4
100532736 2.98558262152068E-4
10084 2.98558262152068E-4
10131 2.98558262152068E-4
10133 2.98558262152068E-4
10159 2.98558262152068E-4
101669765 2.98558262152068E-4
10194 2.98558262152068E-4
10206 2.98558262152068E-4
10273 2.98558262152068E-4
10294 2.98558262152068E-4
1036 2.98558262152068E-4
10457 2.98558262152068E-4
1048 2.98558262152068E-4
1051 2.98558262152068E-4
10553 2.98558262152068E-4
1056 2.98558262152068E-4
1057 2.98558262152068E-4
10683 2.98558262152068E-4
1075 2.98558262152068E-4
1084 2.98558262152068E-4
10842 2.98558262152068E-4
1087 2.98558262152068E-4
10971 2.98558262152068E-4
1103 2.98558262152068E-4
112755 2.98558262152068E-4
1136 2.98558262152068E-4
114088 2.98558262152068E-4
1143 2.98558262152068E-4
116 2.98558262152068E-4
118429 2.98558262152068E-4
1191 2.98558262152068E-4
1203 2.98558262152068E-4
121278 2.98558262152068E-4
123263 2.98558262152068E-4
1378 2.98558262152068E-4
137902 2.98558262152068E-4
146713 2.98558262152068E-4
148423 2.98558262152068E-4
1487 2.98558262152068E-4
149420 2.98558262152068E-4
1506 2.98558262152068E-4
151393 2.98558262152068E-4
1523 2.98558262152068E-4
1525 2.98558262152068E-4
1564 2.98558262152068E-4
1568 2.98558262152068E-4
1612 2.98558262152068E-4
1613 2.98558262152068E-4
1639 2.98558262152068E-4
166 2.98558262152068E-4
171177 2.98558262152068E-4
171221 2.98558262152068E-4
171425 2.98558262152068E-4
1743 2.98558262152068E-4
177 2.98558262152068E-4
1797 2.98558262152068E-4
1800 2.98558262152068E-4
1859 2.98558262152068E-4
1950 2.98558262152068E-4
1962 2.98558262152068E-4
1967 2.98558262152068E-4
1978 2.98558262152068E-4
2021 2.98558262152068E-4
2034 2.98558262152068E-4
2056 2.98558262152068E-4
2078 2.98558262152068E-4
213 2.98558262152068E-4
215 2.98558262152068E-4
2166 2.98558262152068E-4
2253 2.98558262152068E-4
2280 2.98558262152068E-4
2282 2.98558262152068E-4
2283 2.98558262152068E-4
2284 2.98558262152068E-4
2285 2.98558262152068E-4
22859 2.98558262152068E-4
22861 2.98558262152068E-4
2288 2.98558262152068E-4
23077 2.98558262152068E-4
2308 2.98558262152068E-4
231 2.98558262152068E-4
23621 2.98558262152068E-4
23683 2.98558262152068E-4
246319 2.98558262152068E-4
2551 2.98558262152068E-4
26191 2.98558262152068E-4
26286 2.98558262152068E-4
27032 2.98558262152068E-4
27158 2.98558262152068E-4
27303 2.98558262152068E-4
27319 2.98558262152068E-4
2739 2.98558262152068E-4
2752 2.98558262152068E-4
2768 2.98558262152068E-4
2778 2.98558262152068E-4
2878 2.98558262152068E-4
2894 2.98558262152068E-4
28982 2.98558262152068E-4
29106 2.98558262152068E-4
2914 2.98558262152068E-4
29919 2.98558262152068E-4
29968 2.98558262152068E-4
3028 2.98558262152068E-4
3073 2.98558262152068E-4
30827 2.98558262152068E-4
31 2.98558262152068E-4
3131 2.98558262152068E-4
3133 2.98558262152068E-4
3170 2.98558262152068E-4
322 2.98558262152068E-4
3272 2.98558262152068E-4
3306 2.98558262152068E-4
3315 2.98558262152068E-4
3316 2.98558262152068E-4
3320 2.98558262152068E-4
3329 2.98558262152068E-4
3337 2.98558262152068E-4
3375 2.98558262152068E-4
338399 2.98558262152068E-4
343170 2.98558262152068E-4
353 2.98558262152068E-4
354 2.98558262152068E-4
356 2.98558262152068E-4
3597 2.98558262152068E-4
3606 2.98558262152068E-4
3735 2.98558262152068E-4
3757 2.98558262152068E-4
3763 2.98558262152068E-4
3804 2.98558262152068E-4
3811 2.98558262152068E-4
388531 2.98558262152068E-4
3913 2.98558262152068E-4
3915 2.98558262152068E-4
3916 2.98558262152068E-4
3934 2.98558262152068E-4
3981 2.98558262152068E-4
406988 2.98558262152068E-4
407 2.98558262152068E-4
4155 2.98558262152068E-4
4301 2.98558262152068E-4
4318 2.98558262152068E-4
4353 2.98558262152068E-4
4478 2.98558262152068E-4
4482 2.98558262152068E-4
4538 2.98558262152068E-4
4580 2.98558262152068E-4
4595 2.98558262152068E-4
4681 2.98558262152068E-4
4684 2.98558262152068E-4
4691 2.98558262152068E-4
4738 2.98558262152068E-4
4747 2.98558262152068E-4
4750 2.98558262152068E-4
478 2.98558262152068E-4
48 2.98558262152068E-4
488 2.98558262152068E-4
493901 2.98558262152068E-4
5066 2.98558262152068E-4
50937 2.98558262152068E-4
50968 2.98558262152068E-4
5111 2.98558262152068E-4
51115 2.98558262152068E-4
5116 2.98558262152068E-4
51182 2.98558262152068E-4
5130 2.98558262152068E-4
51312 2.98558262152068E-4
5134 2.98558262152068E-4
51365 2.98558262152068E-4
51450 2.98558262152068E-4
5153 2.98558262152068E-4
5176 2.98558262152068E-4
51807 2.98558262152068E-4
5252 2.98558262152068E-4
5324 2.98558262152068E-4
5338 2.98558262152068E-4
5341 2.98558262152068E-4
5347 2.98558262152068E-4
5413 2.98558262152068E-4
54209 2.98558262152068E-4
54360 2.98558262152068E-4
546 2.98558262152068E-4
5465 2.98558262152068E-4
5467 2.98558262152068E-4
54704 2.98558262152068E-4
54732 2.98558262152068E-4
54957 2.98558262152068E-4
55145 2.98558262152068E-4
55177 2.98558262152068E-4
55201 2.98558262152068E-4
5524 2.98558262152068E-4
55256 2.98558262152068E-4
554188 2.98558262152068E-4
5553 2.98558262152068E-4
55638 2.98558262152068E-4
55672 2.98558262152068E-4
5573 2.98558262152068E-4
55738 2.98558262152068E-4
55749 2.98558262152068E-4
55885 2.98558262152068E-4
5606 2.98558262152068E-4
5608 2.98558262152068E-4
5617 2.98558262152068E-4
5623 2.98558262152068E-4
5627 2.98558262152068E-4
5654 2.98558262152068E-4
56606 2.98558262152068E-4
5663 2.98558262152068E-4
5670 2.98558262152068E-4
5683 2.98558262152068E-4
56902 2.98558262152068E-4
57192 2.98558262152068E-4
5725 2.98558262152068E-4
57404 2.98558262152068E-4
57630 2.98558262152068E-4
57695 2.98558262152068E-4
57716 2.98558262152068E-4
57728 2.98558262152068E-4
5805 2.98558262152068E-4
5891 2.98558262152068E-4
590 2.98558262152068E-4
59340 2.98558262152068E-4
5940 2.98558262152068E-4
596 2.98558262152068E-4
6001 2.98558262152068E-4
6035 2.98558262152068E-4
629 2.98558262152068E-4
6335 2.98558262152068E-4
6387 2.98558262152068E-4
64101 2.98558262152068E-4
6442 2.98558262152068E-4
64714 2.98558262152068E-4
6505 2.98558262152068E-4
6506 2.98558262152068E-4
653108 2.98558262152068E-4
6575 2.98558262152068E-4
6609 2.98558262152068E-4
6616 2.98558262152068E-4
6687 2.98558262152068E-4
6717 2.98558262152068E-4
6775 2.98558262152068E-4
677662 2.98558262152068E-4
6869 2.98558262152068E-4
6929 2.98558262152068E-4
6990 2.98558262152068E-4
6999 2.98558262152068E-4
7042 2.98558262152068E-4
7052 2.98558262152068E-4
7076 2.98558262152068E-4
7186 2.98558262152068E-4
720 2.98558262152068E-4
721 2.98558262152068E-4
7220 2.98558262152068E-4
724066 2.98558262152068E-4
7276 2.98558262152068E-4
728378 2.98558262152068E-4
7295 2.98558262152068E-4
7337 2.98558262152068E-4
7351 2.98558262152068E-4
7428 2.98558262152068E-4
7471 2.98558262152068E-4
7494 2.98558262152068E-4
7495 2.98558262152068E-4
7504 2.98558262152068E-4
7786 2.98558262152068E-4
7846 2.98558262152068E-4
7852 2.98558262152068E-4
7903 2.98558262152068E-4
79152 2.98558262152068E-4
7936 2.98558262152068E-4
80331 2.98558262152068E-4
8048 2.98558262152068E-4
81470 2.98558262152068E-4
81537 2.98558262152068E-4
81894 2.98558262152068E-4
839 2.98558262152068E-4
841 2.98558262152068E-4
84447 2.98558262152068E-4
84516 2.98558262152068E-4
84549 2.98558262152068E-4
84557 2.98558262152068E-4
846 2.98558262152068E-4
84619 2.98558262152068E-4
84823 2.98558262152068E-4
85406 2.98558262152068E-4
8787 2.98558262152068E-4
8890 2.98558262152068E-4
8892 2.98558262152068E-4
8894 2.98558262152068E-4
8899 2.98558262152068E-4
8932 2.98558262152068E-4
9201 2.98558262152068E-4
9242 2.98558262152068E-4
9518 2.98558262152068E-4
9520 2.98558262152068E-4
9529 2.98558262152068E-4
9588 2.98558262152068E-4
9733 2.98558262152068E-4
9970 2.98558262152068E-4
9994 2.98558262152068E-4
