3630 0.06
1822 0.044186622798506
6927 0.0334715680335281
2645 0.0328414088367274
3126 0.0274673601179902
1636 0.0191077287777323
6934 0.0185106122534282
3172 0.017614937466972
3767 0.0174821796721442
5468 0.0173163792048199
1401 0.0170178209426679
3133 0.0164207044183637
5798 0.0158235878940596
8718 0.0152264713697555
213 0.0149279131076034
348 0.0149279131076034
8797 0.0146293548454513
2571 0.0140322383211472
2572 0.0137336800589951
177 0.013136563534691
3643 0.0127052474777111
101669765 0.0122408887482348
5891 0.0122408887482348
3123 0.0119423304860827
3952 0.0119423304860827
3569 0.0116437722239306
7124 0.0116437722239306
7422 0.0116437722239306
2641 0.0113452139617786
6484 0.0113452139617786
6833 0.0107480974374744
3458 0.0104495391753224
129831 0.00985242265101823
79068 0.00955386438886617
11132 0.00835963134025789
3479 0.00835963134025789
5973 0.00835963134025789
3119 0.00806107307810583
7351 0.00776251481595376
23771 0.00746395655380169
3120 0.00746395655380169
5054 0.00746395655380169
5444 0.00746395655380169
5871 0.00716539829164962
6928 0.00716539829164962
183 0.00686684002949756
3898 0.00686684002949756
1493 0.00656828176734549
3651 0.00656828176734549
4846 0.00626972350519342
3667 0.00597116524304135
5465 0.00597116524304135
5972 0.00597116524304135
6517 0.00597116524304135
169026 0.00567260698088929
3240 0.00567260698088929
920 0.00567260698088929
3565 0.00537404871873722
5167 0.00537404871873722
723961 0.00537404871873722
1594 0.00507549045658515
23590 0.00507549045658515
3077 0.00507549045658515
3375 0.00507549045658515
7421 0.00507549045658515
231 0.00477693219443308
3401 0.00477693219443308
4524 0.00477693219443308
4760 0.00477693219443308
100 0.00447837393228102
4023 0.00447837393228102
56729 0.00447837393228102
948 0.00447837393228102
551 0.00434561613745324
8660 0.00417981567012895
925 0.00417981567012895
9370 0.00417981567012895
1803 0.00388125740797688
1834 0.00388125740797688
185 0.00388125740797688
3416 0.00388125740797688
3586 0.00388125740797688
4000 0.00388125740797688
7352 0.00388125740797688
1666 0.00358269914582481
1861 0.00358269914582481
2688 0.00358269914582481
3105 0.00358269914582481
3162 0.00358269914582481
6347 0.00358269914582481
9771 0.00358269914582481
10383 0.00328414088367274
1906 0.00328414088367274
2335 0.00328414088367274
23411 0.00328414088367274
52 0.00328414088367274
7350 0.00328414088367274
10891 0.00298558262152068
27319 0.00298558262152068
54512 0.00298558262152068
5770 0.00298558262152068
10774 0.00268702435936861
1725 0.00268702435936861
1917 0.00268702435936861
2169 0.00268702435936861
2837 0.00268702435936861
4358 0.00268702435936861
4982 0.00268702435936861
54901 0.00268702435936861
55532 0.00268702435936861
7099 0.00268702435936861
7466 0.00268702435936861
8170 0.00268702435936861
9451 0.00268702435936861
9780 0.00268702435936861
10644 0.00238846609721654
133 0.00238846609721654
140913 0.00238846609721654
1465 0.00238846609721654
155 0.00238846609721654
26191 0.00238846609721654
2739 0.00238846609721654
2752 0.00238846609721654
353 0.00238846609721654
3553 0.00238846609721654
3606 0.00238846609721654
4313 0.00238846609721654
51182 0.00238846609721654
5176 0.00238846609721654
5728 0.00238846609721654
6647 0.00238846609721654
100125288 0.00208990783506447
100509457 0.00208990783506447
1056 0.00208990783506447
10628 0.00208990783506447
1071 0.00208990783506447
112476 0.00208990783506447
142 0.00208990783506447
19 0.00208990783506447
26291 0.00208990783506447
3117 0.00208990783506447
3118 0.00208990783506447
314 0.00208990783506447
3481 0.00208990783506447
3559 0.00208990783506447
4318 0.00208990783506447
4397 0.00208990783506447
4852 0.00208990783506447
50818 0.00208990783506447
5106 0.00208990783506447
55536 0.00208990783506447
5599 0.00208990783506447
6462 0.00208990783506447
6513 0.00208990783506447
6514 0.00208990783506447
7157 0.00208990783506447
7952 0.00208990783506447
79813 0.00208990783506447
84684 0.00208990783506447
8639 0.00208990783506447
100271873 0.00179134957291241
133522 0.00179134957291241
1490 0.00179134957291241
1828 0.00179134957291241
189 0.00179134957291241
3082 0.00179134957291241
3329 0.00179134957291241
335 0.00179134957291241
3383 0.00179134957291241
345 0.00179134957291241
351 0.00179134957291241
3784 0.00179134957291241
4049 0.00179134957291241
4160 0.00179134957291241
4544 0.00179134957291241
49 0.00179134957291241
5068 0.00179134957291241
5445 0.00179134957291241
5743 0.00179134957291241
5950 0.00179134957291241
6446 0.00179134957291241
65125 0.00179134957291241
6696 0.00179134957291241
7808 0.00179134957291241
8050 0.00179134957291241
1080 0.00149279131076034
10911 0.00149279131076034
10993 0.00149279131076034
116519 0.00149279131076034
154 0.00149279131076034
1805 0.00149279131076034
2056 0.00149279131076034
217 0.00149279131076034
2247 0.00149279131076034
2395 0.00149279131076034
2642 0.00149279131076034
2646 0.00149279131076034
2695 0.00149279131076034
2784 0.00149279131076034
3087 0.00149279131076034
3091 0.00149279131076034
3106 0.00149279131076034
338 0.00149279131076034
3382 0.00149279131076034
3953 0.00149279131076034
4153 0.00149279131076034
4790 0.00149279131076034
4803 0.00149279131076034
4973 0.00149279131076034
50943 0.00149279131076034
5105 0.00149279131076034
5122 0.00149279131076034
5340 0.00149279131076034
5467 0.00149279131076034
54741 0.00149279131076034
5562 0.00149279131076034
5563 0.00149279131076034
5564 0.00149279131076034
590 0.00149279131076034
597 0.00149279131076034
627 0.00149279131076034
6319 0.00149279131076034
6690 0.00149279131076034
7439 0.00149279131076034
760 0.00149279131076034
788 0.00149279131076034
8431 0.00149279131076034
8542 0.00149279131076034
100507436 0.00119423304860827
1029 0.00119423304860827
10560 0.00119423304860827
10928 0.00119423304860827
11183 0.00119423304860827
1191 0.00119423304860827
1363 0.00119423304860827
1471 0.00119423304860827
1559 0.00119423304860827
1571 0.00119423304860827
1649 0.00119423304860827
1756 0.00119423304860827
2099 0.00119423304860827
2152 0.00119423304860827
2308 0.00119423304860827
2638 0.00119423304860827
2952 0.00119423304860827
3125 0.00119423304860827
3146 0.00119423304860827
3486 0.00119423304860827
3557 0.00119423304860827
3558 0.00119423304860827
3576 0.00119423304860827
3669 0.00119423304860827
3816 0.00119423304860827
3990 0.00119423304860827
4314 0.00119423304860827
450095 0.00119423304860827
4513 0.00119423304860827
4547 0.00119423304860827
4627 0.00119423304860827
50674 0.00119423304860827
5078 0.00119423304860827
5080 0.00119423304860827
51094 0.00119423304860827
51119 0.00119423304860827
5310 0.00119423304860827
5443 0.00119423304860827
54474 0.00119423304860827
54535 0.00119423304860827
5598 0.00119423304860827
5715 0.00119423304860827
5741 0.00119423304860827
57818 0.00119423304860827
5799 0.00119423304860827
59272 0.00119423304860827
5967 0.00119423304860827
6240 0.00119423304860827
6352 0.00119423304860827
6403 0.00119423304860827
6932 0.00119423304860827
7052 0.00119423304860827
7163 0.00119423304860827
7450 0.00119423304860827
7453 0.00119423304860827
7555 0.00119423304860827
79602 0.00119423304860827
847 0.00119423304860827
8600 0.00119423304860827
8682 0.00119423304860827
8743 0.00119423304860827
8991 0.00119423304860827
941 0.00119423304860827
9722 0.00119423304860827
100132285 8.95674786456203E-4
10058 8.95674786456203E-4
10076 8.95674786456203E-4
100775105 8.95674786456203E-4
1030 8.95674786456203E-4
10580 8.95674786456203E-4
10625 8.95674786456203E-4
10714 8.95674786456203E-4
10855 8.95674786456203E-4
11165 8.95674786456203E-4
114815 8.95674786456203E-4
125 8.95674786456203E-4
133482 8.95674786456203E-4
1385 8.95674786456203E-4
139818 8.95674786456203E-4
146 8.95674786456203E-4
1486 8.95674786456203E-4
1535 8.95674786456203E-4
1628 8.95674786456203E-4
1634 8.95674786456203E-4
169792 8.95674786456203E-4
175 8.95674786456203E-4
1760 8.95674786456203E-4
201501 8.95674786456203E-4
2033 8.95674786456203E-4
2201 8.95674786456203E-4
23038 8.95674786456203E-4
246 8.95674786456203E-4
2539 8.95674786456203E-4
25915 8.95674786456203E-4
2627 8.95674786456203E-4
26580 8.95674786456203E-4
2690 8.95674786456203E-4
27352 8.95674786456203E-4
2740 8.95674786456203E-4
28509 8.95674786456203E-4
3039 8.95674786456203E-4
3040 8.95674786456203E-4
3127 8.95674786456203E-4
3159 8.95674786456203E-4
3267 8.95674786456203E-4
339559 8.95674786456203E-4
3406 8.95674786456203E-4
342977 8.95674786456203E-4
3552 8.95674786456203E-4
3561 8.95674786456203E-4
3627 8.95674786456203E-4
3636 8.95674786456203E-4
373156 8.95674786456203E-4
3804 8.95674786456203E-4
391191 8.95674786456203E-4
3949 8.95674786456203E-4
4041 8.95674786456203E-4
4295 8.95674786456203E-4
4306 8.95674786456203E-4
4323 8.95674786456203E-4
4535 8.95674786456203E-4
4567 8.95674786456203E-4
4609 8.95674786456203E-4
472 8.95674786456203E-4
4813 8.95674786456203E-4
51655 8.95674786456203E-4
5169 8.95674786456203E-4
5236 8.95674786456203E-4
5250 8.95674786456203E-4
55244 8.95674786456203E-4
55340 8.95674786456203E-4
570 8.95674786456203E-4
57104 8.95674786456203E-4
57817 8.95674786456203E-4
5789 8.95674786456203E-4
6093 8.95674786456203E-4
6159 8.95674786456203E-4
632 8.95674786456203E-4
6387 8.95674786456203E-4
6401 8.95674786456203E-4
64102 8.95674786456203E-4
64135 8.95674786456203E-4
64399 8.95674786456203E-4
6464 8.95674786456203E-4
6648 8.95674786456203E-4
6767 8.95674786456203E-4
6777 8.95674786456203E-4
6794 8.95674786456203E-4
7030 8.95674786456203E-4
7076 8.95674786456203E-4
7132 8.95674786456203E-4
7295 8.95674786456203E-4
7369 8.95674786456203E-4
7424 8.95674786456203E-4
7442 8.95674786456203E-4
796 8.95674786456203E-4
84268 8.95674786456203E-4
8462 8.95674786456203E-4
8737 8.95674786456203E-4
8863 8.95674786456203E-4
8988 8.95674786456203E-4
9021 8.95674786456203E-4
92170 8.95674786456203E-4
9468 8.95674786456203E-4
947 8.95674786456203E-4
952 8.95674786456203E-4
9580 8.95674786456203E-4
959 8.95674786456203E-4
9730 8.95674786456203E-4
9971 8.95674786456203E-4
100048912 5.97116524304135E-4
100293534 5.97116524304135E-4
101154753 5.97116524304135E-4
1019 5.97116524304135E-4
10212 5.97116524304135E-4
10216 5.97116524304135E-4
1022 5.97116524304135E-4
10254 5.97116524304135E-4
1028 5.97116524304135E-4
10327 5.97116524304135E-4
10412 5.97116524304135E-4
10479 5.97116524304135E-4
10777 5.97116524304135E-4
10950 5.97116524304135E-4
11136 5.97116524304135E-4
1154 5.97116524304135E-4
116 5.97116524304135E-4
1208 5.97116524304135E-4
127069 5.97116524304135E-4
127617 5.97116524304135E-4
128367 5.97116524304135E-4
129787 5.97116524304135E-4
1356 5.97116524304135E-4
1360 5.97116524304135E-4
1390 5.97116524304135E-4
140803 5.97116524304135E-4
1447 5.97116524304135E-4
150 5.97116524304135E-4
1508 5.97116524304135E-4
151056 5.97116524304135E-4
1514 5.97116524304135E-4
152831 5.97116524304135E-4
1557 5.97116524304135E-4
1565 5.97116524304135E-4
1573 5.97116524304135E-4
1576 5.97116524304135E-4
1577 5.97116524304135E-4
1581 5.97116524304135E-4
1613 5.97116524304135E-4
1728 5.97116524304135E-4
187 5.97116524304135E-4
1889 5.97116524304135E-4
1934 5.97116524304135E-4
1956 5.97116524304135E-4
1958 5.97116524304135E-4
2051 5.97116524304135E-4
2108 5.97116524304135E-4
2119 5.97116524304135E-4
2132 5.97116524304135E-4
2133 5.97116524304135E-4
2147 5.97116524304135E-4
2153 5.97116524304135E-4
2167 5.97116524304135E-4
2195 5.97116524304135E-4
221895 5.97116524304135E-4
23158 5.97116524304135E-4
23175 5.97116524304135E-4
24 5.97116524304135E-4
246778 5.97116524304135E-4
2475 5.97116524304135E-4
2538 5.97116524304135E-4
26246 5.97116524304135E-4
26269 5.97116524304135E-4
26287 5.97116524304135E-4
26479 5.97116524304135E-4
26503 5.97116524304135E-4
2668 5.97116524304135E-4
26696 5.97116524304135E-4
2670 5.97116524304135E-4
2673 5.97116524304135E-4
2678 5.97116524304135E-4
270 5.97116524304135E-4
27034 5.97116524304135E-4
27242 5.97116524304135E-4
27335 5.97116524304135E-4
28 5.97116524304135E-4
2806 5.97116524304135E-4
2821 5.97116524304135E-4
28508 5.97116524304135E-4
2864 5.97116524304135E-4
2875 5.97116524304135E-4
2876 5.97116524304135E-4
28982 5.97116524304135E-4
2908 5.97116524304135E-4
29126 5.97116524304135E-4
2944 5.97116524304135E-4
3052 5.97116524304135E-4
3069 5.97116524304135E-4
3075 5.97116524304135E-4
30818 5.97116524304135E-4
3099 5.97116524304135E-4
3111 5.97116524304135E-4
3115 5.97116524304135E-4
3156 5.97116524304135E-4
3163 5.97116524304135E-4
3170 5.97116524304135E-4
324 5.97116524304135E-4
325 5.97116524304135E-4
3295 5.97116524304135E-4
3303 5.97116524304135E-4
3304 5.97116524304135E-4
3309 5.97116524304135E-4
3315 5.97116524304135E-4
3376 5.97116524304135E-4
3409 5.97116524304135E-4
343169 5.97116524304135E-4
346171 5.97116524304135E-4
3484 5.97116524304135E-4
3492 5.97116524304135E-4
3554 5.97116524304135E-4
3567 5.97116524304135E-4
3570 5.97116524304135E-4
3574 5.97116524304135E-4
3596 5.97116524304135E-4
3604 5.97116524304135E-4
3605 5.97116524304135E-4
367 5.97116524304135E-4
3811 5.97116524304135E-4
387082 5.97116524304135E-4
391112 5.97116524304135E-4
3936 5.97116524304135E-4
3956 5.97116524304135E-4
3958 5.97116524304135E-4
3991 5.97116524304135E-4
401637 5.97116524304135E-4
404677 5.97116524304135E-4
406 5.97116524304135E-4
406991 5.97116524304135E-4
4159 5.97116524304135E-4
4282 5.97116524304135E-4
4312 5.97116524304135E-4
4353 5.97116524304135E-4
441911 5.97116524304135E-4
4481 5.97116524304135E-4
4489 5.97116524304135E-4
4502 5.97116524304135E-4
4538 5.97116524304135E-4
4566 5.97116524304135E-4
462 5.97116524304135E-4
467 5.97116524304135E-4
4709 5.97116524304135E-4
4713 5.97116524304135E-4
4763 5.97116524304135E-4
4843 5.97116524304135E-4
4858 5.97116524304135E-4
4878 5.97116524304135E-4
488 5.97116524304135E-4
489 5.97116524304135E-4
4899 5.97116524304135E-4
491 5.97116524304135E-4
5034 5.97116524304135E-4
5055 5.97116524304135E-4
50865 5.97116524304135E-4
51124 5.97116524304135E-4
51167 5.97116524304135E-4
51206 5.97116524304135E-4
51422 5.97116524304135E-4
5243 5.97116524304135E-4
5265 5.97116524304135E-4
5290 5.97116524304135E-4
5291 5.97116524304135E-4
5293 5.97116524304135E-4
5294 5.97116524304135E-4
5313 5.97116524304135E-4
5319 5.97116524304135E-4
53342 5.97116524304135E-4
53347 5.97116524304135E-4
5360 5.97116524304135E-4
5376 5.97116524304135E-4
54106 5.97116524304135E-4
54751 5.97116524304135E-4
54822 5.97116524304135E-4
5507 5.97116524304135E-4
55349 5.97116524304135E-4
55937 5.97116524304135E-4
56005 5.97116524304135E-4
5624 5.97116524304135E-4
5644 5.97116524304135E-4
566 5.97116524304135E-4
57120 5.97116524304135E-4
5716 5.97116524304135E-4
5740 5.97116524304135E-4
5771 5.97116524304135E-4
5820 5.97116524304135E-4
59271 5.97116524304135E-4
59286 5.97116524304135E-4
5970 5.97116524304135E-4
5982 5.97116524304135E-4
60498 5.97116524304135E-4
6120 5.97116524304135E-4
613 5.97116524304135E-4
6285 5.97116524304135E-4
6374 5.97116524304135E-4
63826 5.97116524304135E-4
63892 5.97116524304135E-4
640 5.97116524304135E-4
6402 5.97116524304135E-4
64170 5.97116524304135E-4
64319 5.97116524304135E-4
64689 5.97116524304135E-4
6524 5.97116524304135E-4
6532 5.97116524304135E-4
653361 5.97116524304135E-4
653590 5.97116524304135E-4
6541 5.97116524304135E-4
6546 5.97116524304135E-4
6584 5.97116524304135E-4
6613 5.97116524304135E-4
6646 5.97116524304135E-4
6649 5.97116524304135E-4
6700 5.97116524304135E-4
6720 5.97116524304135E-4
6721 5.97116524304135E-4
6776 5.97116524304135E-4
6804 5.97116524304135E-4
685 5.97116524304135E-4
6857 5.97116524304135E-4
7013 5.97116524304135E-4
7019 5.97116524304135E-4
7038 5.97116524304135E-4
7040 5.97116524304135E-4
7103 5.97116524304135E-4
7126 5.97116524304135E-4
7133 5.97116524304135E-4
7173 5.97116524304135E-4
7200 5.97116524304135E-4
720 5.97116524304135E-4
721 5.97116524304135E-4
7225 5.97116524304135E-4
7226 5.97116524304135E-4
7248 5.97116524304135E-4
7249 5.97116524304135E-4
728226 5.97116524304135E-4
728441 5.97116524304135E-4
728489 5.97116524304135E-4
729230 5.97116524304135E-4
729838 5.97116524304135E-4
7391 5.97116524304135E-4
7412 5.97116524304135E-4
7534 5.97116524304135E-4
7884 5.97116524304135E-4
7919 5.97116524304135E-4
79660 5.97116524304135E-4
80854 5.97116524304135E-4
81031 5.97116524304135E-4
81788 5.97116524304135E-4
8398 5.97116524304135E-4
844 5.97116524304135E-4
84619 5.97116524304135E-4
8560 5.97116524304135E-4
8651 5.97116524304135E-4
875 5.97116524304135E-4
886 5.97116524304135E-4
931 5.97116524304135E-4
9448 5.97116524304135E-4
9518 5.97116524304135E-4
953 5.97116524304135E-4
966 5.97116524304135E-4
1000 2.98558262152068E-4
10007 2.98558262152068E-4
100130097 2.98558262152068E-4
100132074 2.98558262152068E-4
100329167 2.98558262152068E-4
100528032 2.98558262152068E-4
100653366 2.98558262152068E-4
100996758 2.98558262152068E-4
10135 2.98558262152068E-4
10137 2.98558262152068E-4
10157 2.98558262152068E-4
10159 2.98558262152068E-4
101930400 2.98558262152068E-4
10219 2.98558262152068E-4
10240 2.98558262152068E-4
10365 2.98558262152068E-4
10399 2.98558262152068E-4
1043 2.98558262152068E-4
10434 2.98558262152068E-4
10437 2.98558262152068E-4
10507 2.98558262152068E-4
10514 2.98558262152068E-4
10518 2.98558262152068E-4
10525 2.98558262152068E-4
10555 2.98558262152068E-4
10724 2.98558262152068E-4
1075 2.98558262152068E-4
10755 2.98558262152068E-4
10984 2.98558262152068E-4
10989 2.98558262152068E-4
11004 2.98558262152068E-4
11019 2.98558262152068E-4
1105 2.98558262152068E-4
1111 2.98558262152068E-4
11122 2.98558262152068E-4
11151 2.98558262152068E-4
11181 2.98558262152068E-4
11346 2.98558262152068E-4
113675 2.98558262152068E-4
114086 2.98558262152068E-4
114112 2.98558262152068E-4
114548 2.98558262152068E-4
114757 2.98558262152068E-4
114803 2.98558262152068E-4
115019 2.98558262152068E-4
1161 2.98558262152068E-4
116985 2.98558262152068E-4
12 2.98558262152068E-4
126 2.98558262152068E-4
127385 2.98558262152068E-4
128371 2.98558262152068E-4
128372 2.98558262152068E-4
1302 2.98558262152068E-4
130271 2.98558262152068E-4
1312 2.98558262152068E-4
1351 2.98558262152068E-4
1357 2.98558262152068E-4
136 2.98558262152068E-4
1371 2.98558262152068E-4
1374 2.98558262152068E-4
1380 2.98558262152068E-4
1384 2.98558262152068E-4
1387 2.98558262152068E-4
138883 2.98558262152068E-4
139760 2.98558262152068E-4
1429 2.98558262152068E-4
1432 2.98558262152068E-4
1442 2.98558262152068E-4
1443 2.98558262152068E-4
145741 2.98558262152068E-4
1504 2.98558262152068E-4
152 2.98558262152068E-4
1524 2.98558262152068E-4
1543 2.98558262152068E-4
1582 2.98558262152068E-4
158506 2.98558262152068E-4
158835 2.98558262152068E-4
1591 2.98558262152068E-4
1604 2.98558262152068E-4
1646 2.98558262152068E-4
170 2.98558262152068E-4
1734 2.98558262152068E-4
1757 2.98558262152068E-4
1759 2.98558262152068E-4
1852 2.98558262152068E-4
190 2.98558262152068E-4
1909 2.98558262152068E-4
191 2.98558262152068E-4
1978 2.98558262152068E-4
1979 2.98558262152068E-4
1984 2.98558262152068E-4
2 2.98558262152068E-4
200186 2.98558262152068E-4
204 2.98558262152068E-4
2048 2.98558262152068E-4
208 2.98558262152068E-4
2109 2.98558262152068E-4
2110 2.98558262152068E-4
211 2.98558262152068E-4
216 2.98558262152068E-4
2161 2.98558262152068E-4
2194 2.98558262152068E-4
2202 2.98558262152068E-4
2241 2.98558262152068E-4
2258 2.98558262152068E-4
2264 2.98558262152068E-4
2272 2.98558262152068E-4
22914 2.98558262152068E-4
22938 2.98558262152068E-4
2296 2.98558262152068E-4
23026 2.98558262152068E-4
23101 2.98558262152068E-4
23207 2.98558262152068E-4
23218 2.98558262152068E-4
2322 2.98558262152068E-4
23395 2.98558262152068E-4
23541 2.98558262152068E-4
23560 2.98558262152068E-4
23569 2.98558262152068E-4
23607 2.98558262152068E-4
2494 2.98558262152068E-4
2548 2.98558262152068E-4
255061 2.98558262152068E-4
2551 2.98558262152068E-4
256536 2.98558262152068E-4
2591 2.98558262152068E-4
25941 2.98558262152068E-4
2597 2.98558262152068E-4
25992 2.98558262152068E-4
25996 2.98558262152068E-4
2643 2.98558262152068E-4
266629 2.98558262152068E-4
266722 2.98558262152068E-4
2669 2.98558262152068E-4
2694 2.98558262152068E-4
27022 2.98558262152068E-4
27043 2.98558262152068E-4
27063 2.98558262152068E-4
27158 2.98558262152068E-4
27161 2.98558262152068E-4
27289 2.98558262152068E-4
27306 2.98558262152068E-4
27430 2.98558262152068E-4
2810 2.98558262152068E-4
28776 2.98558262152068E-4
28952 2.98558262152068E-4
28964 2.98558262152068E-4
2902 2.98558262152068E-4
29072 2.98558262152068E-4
29108 2.98558262152068E-4
2938 2.98558262152068E-4
2941 2.98558262152068E-4
2950 2.98558262152068E-4
2956 2.98558262152068E-4
29927 2.98558262152068E-4
29943 2.98558262152068E-4
29969 2.98558262152068E-4
2997 2.98558262152068E-4
3026 2.98558262152068E-4
3030 2.98558262152068E-4
3048 2.98558262152068E-4
30813 2.98558262152068E-4
30848 2.98558262152068E-4
3098 2.98558262152068E-4
3107 2.98558262152068E-4
3108 2.98558262152068E-4
3109 2.98558262152068E-4
3110 2.98558262152068E-4
3174 2.98558262152068E-4
32 2.98558262152068E-4
3242 2.98558262152068E-4
326 2.98558262152068E-4
3270 2.98558262152068E-4
3297 2.98558262152068E-4
331 2.98558262152068E-4
3313 2.98558262152068E-4
3316 2.98558262152068E-4
336 2.98558262152068E-4
337 2.98558262152068E-4
338340 2.98558262152068E-4
338399 2.98558262152068E-4
3399 2.98558262152068E-4
3410 2.98558262152068E-4
342096 2.98558262152068E-4
3485 2.98558262152068E-4
3490 2.98558262152068E-4
350 2.98558262152068E-4
3577 2.98558262152068E-4
3589 2.98558262152068E-4
368 2.98558262152068E-4
3688 2.98558262152068E-4
3695 2.98558262152068E-4
373159 2.98558262152068E-4
3739 2.98558262152068E-4
3749 2.98558262152068E-4
3765 2.98558262152068E-4
3783 2.98558262152068E-4
3791 2.98558262152068E-4
3803 2.98558262152068E-4
3852 2.98558262152068E-4
386757 2.98558262152068E-4
388125 2.98558262152068E-4
388581 2.98558262152068E-4
389421 2.98558262152068E-4
389692 2.98558262152068E-4
390916 2.98558262152068E-4
391107 2.98558262152068E-4
391109 2.98558262152068E-4
391110 2.98558262152068E-4
391114 2.98558262152068E-4
3930 2.98558262152068E-4
3932 2.98558262152068E-4
3992 2.98558262152068E-4
4015 2.98558262152068E-4
402135 2.98558262152068E-4
4025 2.98558262152068E-4
404552 2.98558262152068E-4
4055 2.98558262152068E-4
4068 2.98558262152068E-4
4069 2.98558262152068E-4
406913 2.98558262152068E-4
407033 2.98558262152068E-4
407050 2.98558262152068E-4
4072 2.98558262152068E-4
4096 2.98558262152068E-4
410 2.98558262152068E-4
412 2.98558262152068E-4
4135 2.98558262152068E-4
4199 2.98558262152068E-4
4205 2.98558262152068E-4
4221 2.98558262152068E-4
4256 2.98558262152068E-4
4303 2.98558262152068E-4
4317 2.98558262152068E-4
4359 2.98558262152068E-4
442184 2.98558262152068E-4
4490 2.98558262152068E-4
4522 2.98558262152068E-4
4552 2.98558262152068E-4
4595 2.98558262152068E-4
4597 2.98558262152068E-4
4602 2.98558262152068E-4
468 2.98558262152068E-4
4691 2.98558262152068E-4
471 2.98558262152068E-4
4773 2.98558262152068E-4
4780 2.98558262152068E-4
4804 2.98558262152068E-4
4812 2.98558262152068E-4
4842 2.98558262152068E-4
4853 2.98558262152068E-4
4856 2.98558262152068E-4
4908 2.98558262152068E-4
4952 2.98558262152068E-4
4956 2.98558262152068E-4
4994 2.98558262152068E-4
5016 2.98558262152068E-4
50506 2.98558262152068E-4
5053 2.98558262152068E-4
5071 2.98558262152068E-4
50846 2.98558262152068E-4
5100 2.98558262152068E-4
51072 2.98558262152068E-4
5110 2.98558262152068E-4
51107 2.98558262152068E-4
51141 2.98558262152068E-4
5116 2.98558262152068E-4
51361 2.98558262152068E-4
51478 2.98558262152068E-4
51561 2.98558262152068E-4
51763 2.98558262152068E-4
5187 2.98558262152068E-4
522 2.98558262152068E-4
5228 2.98558262152068E-4
5245 2.98558262152068E-4
5292 2.98558262152068E-4
5295 2.98558262152068E-4
5316 2.98558262152068E-4
5350 2.98558262152068E-4
53905 2.98558262152068E-4
54187 2.98558262152068E-4
544637 2.98558262152068E-4
54541 2.98558262152068E-4
5464 2.98558262152068E-4
54738 2.98558262152068E-4
5476 2.98558262152068E-4
54763 2.98558262152068E-4
5478 2.98558262152068E-4
54796 2.98558262152068E-4
54832 2.98558262152068E-4
54875 2.98558262152068E-4
54903 2.98558262152068E-4
54972 2.98558262152068E-4
54997 2.98558262152068E-4
552 2.98558262152068E-4
55213 2.98558262152068E-4
55294 2.98558262152068E-4
55315 2.98558262152068E-4
5540 2.98558262152068E-4
55486 2.98558262152068E-4
55503 2.98558262152068E-4
5551 2.98558262152068E-4
55511 2.98558262152068E-4
55552 2.98558262152068E-4
55640 2.98558262152068E-4
55683 2.98558262152068E-4
55748 2.98558262152068E-4
55829 2.98558262152068E-4
55888 2.98558262152068E-4
5594 2.98558262152068E-4
55974 2.98558262152068E-4
56302 2.98558262152068E-4
5663 2.98558262152068E-4
5664 2.98558262152068E-4
56648 2.98558262152068E-4
56999 2.98558262152068E-4
57118 2.98558262152068E-4
5726 2.98558262152068E-4
5730 2.98558262152068E-4
57338 2.98558262152068E-4
5744 2.98558262152068E-4
57466 2.98558262152068E-4
5777 2.98558262152068E-4
57862 2.98558262152068E-4
5788 2.98558262152068E-4
5801 2.98558262152068E-4
581 2.98558262152068E-4
58158 2.98558262152068E-4
5817 2.98558262152068E-4
5818 2.98558262152068E-4
58504 2.98558262152068E-4
5894 2.98558262152068E-4
59067 2.98558262152068E-4
59342 2.98558262152068E-4
6009 2.98558262152068E-4
6016 2.98558262152068E-4
60491 2.98558262152068E-4
608 2.98558262152068E-4
6097 2.98558262152068E-4
6102 2.98558262152068E-4
623 2.98558262152068E-4
624 2.98558262152068E-4
6258 2.98558262152068E-4
6279 2.98558262152068E-4
6283 2.98558262152068E-4
6302 2.98558262152068E-4
6366 2.98558262152068E-4
6390 2.98558262152068E-4
63924 2.98558262152068E-4
6404 2.98558262152068E-4
64127 2.98558262152068E-4
6421 2.98558262152068E-4
6441 2.98558262152068E-4
64714 2.98558262152068E-4
6476 2.98558262152068E-4
650 2.98558262152068E-4
65018 2.98558262152068E-4
65078 2.98558262152068E-4
652 2.98558262152068E-4
65211 2.98558262152068E-4
654 2.98558262152068E-4
6542 2.98558262152068E-4
655 2.98558262152068E-4
6556 2.98558262152068E-4
6559 2.98558262152068E-4
6571 2.98558262152068E-4
6580 2.98558262152068E-4
6616 2.98558262152068E-4
6625 2.98558262152068E-4
665 2.98558262152068E-4
6652 2.98558262152068E-4
6654 2.98558262152068E-4
667 2.98558262152068E-4
6678 2.98558262152068E-4
6723 2.98558262152068E-4
6725 2.98558262152068E-4
6736 2.98558262152068E-4
680 2.98558262152068E-4
6815 2.98558262152068E-4
6839 2.98558262152068E-4
6844 2.98558262152068E-4
6855 2.98558262152068E-4
6861 2.98558262152068E-4
6876 2.98558262152068E-4
6890 2.98558262152068E-4
6891 2.98558262152068E-4
690 2.98558262152068E-4
7037 2.98558262152068E-4
7054 2.98558262152068E-4
7057 2.98558262152068E-4
7068 2.98558262152068E-4
7077 2.98558262152068E-4
7079 2.98558262152068E-4
7097 2.98558262152068E-4
7098 2.98558262152068E-4
7100 2.98558262152068E-4
7273 2.98558262152068E-4
728378 2.98558262152068E-4
7294 2.98558262152068E-4
7306 2.98558262152068E-4
7345 2.98558262152068E-4
7528 2.98558262152068E-4
7538 2.98558262152068E-4
7704 2.98558262152068E-4
7776 2.98558262152068E-4
7827 2.98558262152068E-4
79291 2.98558262152068E-4
79299 2.98558262152068E-4
7941 2.98558262152068E-4
79594 2.98558262152068E-4
79665 2.98558262152068E-4
79874 2.98558262152068E-4
80114 2.98558262152068E-4
8013 2.98558262152068E-4
8029 2.98558262152068E-4
80309 2.98558262152068E-4
80350 2.98558262152068E-4
8061 2.98558262152068E-4
8086 2.98558262152068E-4
81469 2.98558262152068E-4
8195 2.98558262152068E-4
8239 2.98558262152068E-4
833 2.98558262152068E-4
836 2.98558262152068E-4
83756 2.98558262152068E-4
8411 2.98558262152068E-4
84260 2.98558262152068E-4
8436 2.98558262152068E-4
84676 2.98558262152068E-4
8471 2.98558262152068E-4
84735 2.98558262152068E-4
84898 2.98558262152068E-4
85320 2.98558262152068E-4
85413 2.98558262152068E-4
85476 2.98558262152068E-4
8554 2.98558262152068E-4
8567 2.98558262152068E-4
8674 2.98558262152068E-4
8740 2.98558262152068E-4
8771 2.98558262152068E-4
8772 2.98558262152068E-4
8838 2.98558262152068E-4
8843 2.98558262152068E-4
8850 2.98558262152068E-4
8856 2.98558262152068E-4
8872 2.98558262152068E-4
8876 2.98558262152068E-4
8989 2.98558262152068E-4
8997 2.98558262152068E-4
90427 2.98558262152068E-4
9048 2.98558262152068E-4
907 2.98558262152068E-4
909 2.98558262152068E-4
910 2.98558262152068E-4
911 2.98558262152068E-4
9139 2.98558262152068E-4
922 2.98558262152068E-4
9232 2.98558262152068E-4
93 2.98558262152068E-4
93210 2.98558262152068E-4
9332 2.98558262152068E-4
9361 2.98558262152068E-4
9365 2.98558262152068E-4
9377 2.98558262152068E-4
939 2.98558262152068E-4
9391 2.98558262152068E-4
9415 2.98558262152068E-4
942 2.98558262152068E-4
9429 2.98558262152068E-4
9431 2.98558262152068E-4
945 2.98558262152068E-4
9476 2.98558262152068E-4
9479 2.98558262152068E-4
9519 2.98558262152068E-4
958 2.98558262152068E-4
963 2.98558262152068E-4
9663 2.98558262152068E-4
9768 2.98558262152068E-4
9815 2.98558262152068E-4
9844 2.98558262152068E-4
9927 2.98558262152068E-4
9965 2.98558262152068E-4
