10599 0.315091064169724
7273 0.305205598846209
270 0.303748499613149
3553 0.30251857448684
1376 0.301194233048608
84466 0.300895674786456
3630 0.300895674786456
5465 0.300298558262152
4128 0.300298558262152
7040 0.3
729920 0.3
4089 0.3
1440 0.3
1508 0.3
3363 0.3
383 0.3
5913 0.3
2170 0.3
213 0.3
440275 0.3
5837 0.3
4549 0.3
9177 0.3
7136 0.3
3094 0.3
1291 0.106828498546593
5580 0.1
1674 0.0332317340055992
10020 0.0324278261258626
7415 0.0299092516390222
6261 0.0202252788605321
4000 0.0193296040740759
1756 0.0185106122534282
1917 0.0149279131076034
9499 0.0133967803139388
2318 0.0113068724788743
8291 0.0108782058270983
2273 0.010112639430266
57104 0.00994418955773789
58 0.00891840638165778
7084 0.00832128985735364
1410 0.00729550668127353
1292 0.0068284985465933
23479 0.00610127363266526
1760 0.00580271537051319
57190 0.00537404871873722
3920 0.00520559884620906
3075 0.00447837393228102
6520 0.00447837393228102
27259 0.00447837393228102
1576 0.00434561613745324
7124 0.00404705787530117
4566 0.00401136579760079
1565 0.0037484996131491
2548 0.00358269914582481
1605 0.00358269914582481
4625 0.00358269914582481
1558 0.00344994135099703
1559 0.00344994135099703
4684 0.00341424927329665
4556 0.00341424927329665
859 0.00328414088367274
23336 0.00311569101114458
6647 0.00311569101114458
22954 0.00311569101114458
27335 0.00298558262152068
7083 0.00298558262152068
35 0.00281713274899252
4513 0.00281713274899252
1073 0.00281713274899252
23363 0.00281713274899252
3679 0.00281713274899252
56652 0.00281713274899252
4620 0.00268702435936861
4534 0.00268702435936861
203547 0.00268702435936861
11155 0.00268702435936861
101927655 0.00268702435936861
4842 0.00251857448684045
2683 0.00251857448684045
5583 0.00251857448684045
4514 0.00251857448684045
1272 0.00251857448684045
3265 0.00251857448684045
5590 0.00251857448684045
6709 0.00251857448684045
51422 0.00251857448684045
5578 0.00251857448684045
56655 0.00238846609721654
351 0.00238846609721654
57804 0.00238846609721654
9531 0.00238846609721654
3908 0.00208990783506447
7169 0.00208990783506447
5621 0.00208990783506447
6901 0.00208990783506447
5286 0.00179134957291241
4703 0.00179134957291241
28509 0.00179134957291241
5660 0.00179134957291241
5592 0.00179134957291241
3133 0.00179134957291241
5554 0.00179134957291241
5555 0.00179134957291241
2489 0.00179134957291241
9377 0.00179134957291241
1351 0.00179134957291241
7170 0.00179134957291241
1371 0.00179134957291241
7439 0.00179134957291241
203859 0.00149279131076034
2670 0.00149279131076034
825 0.00149279131076034
1785 0.00119423304860827
5428 0.00119423304860827
538 0.00119423304860827
2110 0.00119423304860827
6442 0.00119423304860827
4854 0.00119423304860827
10049 0.00119423304860827
23435 0.00119423304860827
8878 0.00119423304860827
8106 0.00119423304860827
4026 8.95674786456203E-4
79147 8.95674786456203E-4
10657 8.95674786456203E-4
4519 8.95674786456203E-4
291 8.95674786456203E-4
7555 8.95674786456203E-4
10611 8.95674786456203E-4
51164 8.95674786456203E-4
10644 8.95674786456203E-4
1282 8.95674786456203E-4
51099 8.95674786456203E-4
7193 8.95674786456203E-4
3156 8.95674786456203E-4
6329 8.95674786456203E-4
28508 8.95674786456203E-4
27161 8.95674786456203E-4
2660 8.95674786456203E-4
2632 8.95674786456203E-4
2965 8.95674786456203E-4
23636 8.95674786456203E-4
27235 8.95674786456203E-4
146 8.95674786456203E-4
2010 8.95674786456203E-4
6046 8.95674786456203E-4
8086 5.97116524304135E-4
844 5.97116524304135E-4
7157 5.97116524304135E-4
4607 5.97116524304135E-4
8630 5.97116524304135E-4
5973 5.97116524304135E-4
925 5.97116524304135E-4
9360 5.97116524304135E-4
5708 5.97116524304135E-4
4855 5.97116524304135E-4
79048 5.97116524304135E-4
64374 5.97116524304135E-4
5255 5.97116524304135E-4
7057 5.97116524304135E-4
54790 5.97116524304135E-4
653548 5.97116524304135E-4
653545 5.97116524304135E-4
7276 5.97116524304135E-4
51067 5.97116524304135E-4
728410 5.97116524304135E-4
50988 5.97116524304135E-4
50628 5.97116524304135E-4
5048 5.97116524304135E-4
7296 5.97116524304135E-4
493829 5.97116524304135E-4
653544 5.97116524304135E-4
653543 5.97116524304135E-4
7531 5.97116524304135E-4
5339 5.97116524304135E-4
23451 5.97116524304135E-4
12 5.97116524304135E-4
2934 5.97116524304135E-4
2247 5.97116524304135E-4
1299 5.97116524304135E-4
3342 5.97116524304135E-4
10428 5.97116524304135E-4
348 5.97116524304135E-4
3643 5.97116524304135E-4
22947 5.97116524304135E-4
1806 5.97116524304135E-4
24148 5.97116524304135E-4
1577 5.97116524304135E-4
2483 5.97116524304135E-4
2316 5.97116524304135E-4
23038 5.97116524304135E-4
274 5.97116524304135E-4
25937 5.97116524304135E-4
1180 5.97116524304135E-4
284119 5.97116524304135E-4
1982 5.97116524304135E-4
1807 5.97116524304135E-4
4023 5.97116524304135E-4
100329167 5.97116524304135E-4
4151 5.97116524304135E-4
7504 5.97116524304135E-4
43 5.97116524304135E-4
100288289 5.97116524304135E-4
4318 5.97116524304135E-4
450095 5.97116524304135E-4
4512 5.97116524304135E-4
100653046 5.97116524304135E-4
171023 5.97116524304135E-4
367 5.97116524304135E-4
1716 5.97116524304135E-4
1284 2.98558262152068E-4
7416 2.98558262152068E-4
11331 2.98558262152068E-4
7314 2.98558262152068E-4
1327 2.98558262152068E-4
118460 2.98558262152068E-4
7137 2.98558262152068E-4
23175 2.98558262152068E-4
7511 2.98558262152068E-4
113675 2.98558262152068E-4
6939 2.98558262152068E-4
1778 2.98558262152068E-4
124093 2.98558262152068E-4
1222 2.98558262152068E-4
1763 2.98558262152068E-4
1446 2.98558262152068E-4
7168 2.98558262152068E-4
1757 2.98558262152068E-4
7164 2.98558262152068E-4
1555 2.98558262152068E-4
11285 2.98558262152068E-4
11261 2.98558262152068E-4
760 2.98558262152068E-4
84701 2.98558262152068E-4
8548 2.98558262152068E-4
8565 2.98558262152068E-4
10462 2.98558262152068E-4
860 2.98558262152068E-4
10157 2.98558262152068E-4
8909 2.98558262152068E-4
8992 2.98558262152068E-4
10150 2.98558262152068E-4
9186 2.98558262152068E-4
920 2.98558262152068E-4
10134 2.98558262152068E-4
10076 2.98558262152068E-4
9444 2.98558262152068E-4
9782 2.98558262152068E-4
8455 2.98558262152068E-4
1056 2.98558262152068E-4
10614 2.98558262152068E-4
7871 2.98558262152068E-4
11258 2.98558262152068E-4
11232 2.98558262152068E-4
79188 2.98558262152068E-4
79648 2.98558262152068E-4
79784 2.98558262152068E-4
800 2.98558262152068E-4
80324 2.98558262152068E-4
10993 2.98558262152068E-4
8087 2.98558262152068E-4
81035 2.98558262152068E-4
10978 2.98558262152068E-4
10642 2.98558262152068E-4
10625 2.98558262152068E-4
836 2.98558262152068E-4
9897 2.98558262152068E-4
6857 2.98558262152068E-4
4313 2.98558262152068E-4
329 2.98558262152068E-4
3145 2.98558262152068E-4
3052 2.98558262152068E-4
54474 2.98558262152068E-4
4154 2.98558262152068E-4
5468 2.98558262152068E-4
54840 2.98558262152068E-4
54968 2.98558262152068E-4
28495 2.98558262152068E-4
5081 2.98558262152068E-4
55750 2.98558262152068E-4
27349 2.98558262152068E-4
27247 2.98558262152068E-4
26585 2.98558262152068E-4
3300 2.98558262152068E-4
5250 2.98558262152068E-4
3458 2.98558262152068E-4
4535 2.98558262152068E-4
4311 2.98558262152068E-4
4137 2.98558262152068E-4
4633 2.98558262152068E-4
4008 2.98558262152068E-4
3973 2.98558262152068E-4
3939 2.98558262152068E-4
3925 2.98558262152068E-4
3759 2.98558262152068E-4
3757 2.98558262152068E-4
3658 2.98558262152068E-4
3609 2.98558262152068E-4
353 2.98558262152068E-4
51218 2.98558262152068E-4
26507 2.98558262152068E-4
2628 2.98558262152068E-4
25825 2.98558262152068E-4
2235 2.98558262152068E-4
6443 2.98558262152068E-4
64689 2.98558262152068E-4
65125 2.98558262152068E-4
2078 2.98558262152068E-4
200205 2.98558262152068E-4
1999 2.98558262152068E-4
1991 2.98558262152068E-4
6566 2.98558262152068E-4
6606 2.98558262152068E-4
6607 2.98558262152068E-4
6638 2.98558262152068E-4
1890 2.98558262152068E-4
6710 2.98558262152068E-4
6390 2.98558262152068E-4
100129696 2.98558262152068E-4
6281 2.98558262152068E-4
56658 2.98558262152068E-4
2395 2.98558262152068E-4
23621 2.98558262152068E-4
5725 2.98558262152068E-4
5743 2.98558262152068E-4
57644 2.98558262152068E-4
23534 2.98558262152068E-4
2317 2.98558262152068E-4
596 2.98558262152068E-4
5967 2.98558262152068E-4
5970 2.98558262152068E-4
60684 2.98558262152068E-4
6093 2.98558262152068E-4
613 2.98558262152068E-4
673 2.98558262152068E-4
