2706 0.304179815670129
285848 0.300298558262152
6832 0.3
7051 0.010541306082042
6768 0.00815283998482548
2312 0.00494273266175737
57104 0.00401136579760079
412 0.00358269914582481
9342 0.00311569101114458
26276 0.00311569101114458
51360 0.00298558262152068
404672 0.00298558262152068
9333 0.00281713274899252
224 0.00268702435936861
348938 0.00251857448684045
192343 0.00251857448684045
51099 0.00179134957291241
26154 0.00149279131076034
3858 0.00149279131076034
4014 8.95674786456203E-4
3930 8.95674786456203E-4
3835 8.95674786456203E-4
363 8.95674786456203E-4
242 8.95674786456203E-4
3848 5.97116524304135E-4
4434 5.97116524304135E-4
25759 5.97116524304135E-4
6785 2.98558262152068E-4
6822 2.98558262152068E-4
1174 2.98558262152068E-4
21 2.98558262152068E-4
7296 2.98558262152068E-4
8630 2.98558262152068E-4
9076 2.98558262152068E-4
10999 2.98558262152068E-4
1474 2.98558262152068E-4
1475 2.98558262152068E-4
3861 2.98558262152068E-4
30816 2.98558262152068E-4
280 2.98558262152068E-4
474285 2.98558262152068E-4
4935 2.98558262152068E-4
25870 2.98558262152068E-4
574017 2.98558262152068E-4
59344 2.98558262152068E-4
633 2.98558262152068E-4
