class,score
0,0.031050059263815
1,0.0221850783059727
0,0.0128380052725389
0,0.00716539829164962
0,0.00507549045658515
0,0.00447837393228102
1,0.00401136579760079
0,0.00311569101114458
0,0.00281713274899252
0,0.00281713274899252
0,0.00251857448684045
0,0.00208990783506447
1,0.00208990783506447
0,0.00208990783506447
0,0.00119423304860827
0,0.00119423304860827
0,0.00119423304860827
0,0.00119423304860827
0,0.00119423304860827
1,0.00119423304860827
0,0.00119423304860827
0,8.95674786456203E-4
0,8.95674786456203E-4
0,8.95674786456203E-4
0,8.95674786456203E-4
0,8.95674786456203E-4
0,8.95674786456203E-4
0,8.95674786456203E-4
0,8.95674786456203E-4
0,8.95674786456203E-4
0,8.95674786456203E-4
0,8.95674786456203E-4
0,8.95674786456203E-4
0,8.95674786456203E-4
0,8.95674786456203E-4
0,8.95674786456203E-4
0,8.95674786456203E-4
0,5.97116524304135E-4
0,5.97116524304135E-4
0,5.97116524304135E-4
0,5.97116524304135E-4
0,5.97116524304135E-4
0,5.97116524304135E-4
0,5.97116524304135E-4
0,5.97116524304135E-4
0,5.97116524304135E-4
0,5.97116524304135E-4
0,5.97116524304135E-4
0,5.97116524304135E-4
0,5.97116524304135E-4
0,5.97116524304135E-4
0,5.97116524304135E-4
0,5.97116524304135E-4
0,5.97116524304135E-4
0,5.97116524304135E-4
0,5.97116524304135E-4
0,5.97116524304135E-4
0,5.97116524304135E-4
0,5.97116524304135E-4
0,5.97116524304135E-4
0,5.97116524304135E-4
0,5.97116524304135E-4
0,5.97116524304135E-4
0,5.97116524304135E-4
0,5.97116524304135E-4
0,5.97116524304135E-4
0,5.97116524304135E-4
0,5.97116524304135E-4
0,5.97116524304135E-4
0,5.97116524304135E-4
0,5.97116524304135E-4
0,5.97116524304135E-4
0,5.97116524304135E-4
0,5.97116524304135E-4
0,5.97116524304135E-4
0,5.97116524304135E-4
0,5.97116524304135E-4
0,5.97116524304135E-4
0,5.97116524304135E-4
0,5.97116524304135E-4
0,5.97116524304135E-4
0,5.97116524304135E-4
0,5.97116524304135E-4
0,5.97116524304135E-4
0,5.97116524304135E-4
0,5.97116524304135E-4
0,5.97116524304135E-4
0,5.97116524304135E-4
0,5.97116524304135E-4
0,5.97116524304135E-4
0,2.98558262152068E-4
0,2.98558262152068E-4
0,2.98558262152068E-4
0,2.98558262152068E-4
0,2.98558262152068E-4
0,2.98558262152068E-4
0,2.98558262152068E-4
0,2.98558262152068E-4
0,2.98558262152068E-4
0,2.98558262152068E-4
0,2.98558262152068E-4
0,2.98558262152068E-4
0,2.98558262152068E-4
0,2.98558262152068E-4
0,2.98558262152068E-4
0,2.98558262152068E-4
0,2.98558262152068E-4
0,2.98558262152068E-4
0,2.98558262152068E-4
0,2.98558262152068E-4
0,2.98558262152068E-4
0,2.98558262152068E-4
0,2.98558262152068E-4
0,2.98558262152068E-4
0,2.98558262152068E-4
0,2.98558262152068E-4
0,2.98558262152068E-4
0,2.98558262152068E-4
0,2.98558262152068E-4
0,2.98558262152068E-4
0,2.98558262152068E-4
0,2.98558262152068E-4
0,2.98558262152068E-4
0,2.98558262152068E-4
0,2.98558262152068E-4
0,2.98558262152068E-4
0,2.98558262152068E-4
0,2.98558262152068E-4
0,2.98558262152068E-4
0,2.98558262152068E-4
0,2.98558262152068E-4
0,2.98558262152068E-4
0,2.98558262152068E-4
0,2.98558262152068E-4
0,2.98558262152068E-4
0,2.98558262152068E-4
0,2.98558262152068E-4
0,2.98558262152068E-4
0,2.98558262152068E-4
0,2.98558262152068E-4
0,2.98558262152068E-4
0,2.98558262152068E-4
0,2.98558262152068E-4
0,2.98558262152068E-4
0,2.98558262152068E-4
0,2.98558262152068E-4
0,2.98558262152068E-4
0,2.98558262152068E-4
0,2.98558262152068E-4
0,2.98558262152068E-4
0,2.98558262152068E-4
0,2.98558262152068E-4
0,2.98558262152068E-4
0,2.98558262152068E-4
0,2.98558262152068E-4
0,2.98558262152068E-4
0,2.98558262152068E-4
0,2.98558262152068E-4
0,2.98558262152068E-4
0,2.98558262152068E-4
0,2.98558262152068E-4
0,2.98558262152068E-4
0,2.98558262152068E-4
0,2.98558262152068E-4
0,2.98558262152068E-4
0,2.98558262152068E-4
0,2.98558262152068E-4
0,2.98558262152068E-4
0,2.98558262152068E-4
0,2.98558262152068E-4
0,2.98558262152068E-4
0,2.98558262152068E-4
0,2.98558262152068E-4
0,2.98558262152068E-4
0,2.98558262152068E-4
0,2.98558262152068E-4
0,2.98558262152068E-4
0,2.98558262152068E-4
0,2.98558262152068E-4
0,2.98558262152068E-4
0,2.98558262152068E-4
0,2.98558262152068E-4
0,2.98558262152068E-4
0,2.98558262152068E-4
0,2.98558262152068E-4
0,2.98558262152068E-4
0,2.98558262152068E-4
0,2.98558262152068E-4
0,2.98558262152068E-4
0,2.98558262152068E-4
0,2.98558262152068E-4
0,2.98558262152068E-4
0,2.98558262152068E-4
0,2.98558262152068E-4
0,2.98558262152068E-4
0,2.98558262152068E-4
0,2.98558262152068E-4
0,2.98558262152068E-4
0,2.98558262152068E-4
0,2.98558262152068E-4
0,2.98558262152068E-4
0,2.98558262152068E-4
0,2.98558262152068E-4
0,2.98558262152068E-4
0,2.98558262152068E-4
0,2.98558262152068E-4
0,2.98558262152068E-4
0,2.98558262152068E-4
0,2.98558262152068E-4
0,2.98558262152068E-4
0,2.98558262152068E-4
0,2.98558262152068E-4
0,2.98558262152068E-4
0,2.98558262152068E-4
0,2.98558262152068E-4
0,2.98558262152068E-4
0,2.98558262152068E-4
0,2.98558262152068E-4
0,2.98558262152068E-4
0,2.98558262152068E-4
0,2.98558262152068E-4
0,2.98558262152068E-4
0,2.98558262152068E-4
0,2.98558262152068E-4
0,2.98558262152068E-4
0,2.98558262152068E-4
0,2.98558262152068E-4
0,2.98558262152068E-4
0,2.98558262152068E-4
0,2.98558262152068E-4
0,2.98558262152068E-4
0,2.98558262152068E-4
0,2.98558262152068E-4
0,2.98558262152068E-4
0,2.98558262152068E-4
1,2.98558262152068E-4
0,2.98558262152068E-4
0,2.98558262152068E-4
0,2.98558262152068E-4
0,2.98558262152068E-4
0,2.98558262152068E-4
0,2.98558262152068E-4
0,2.98558262152068E-4
0,2.98558262152068E-4
0,2.98558262152068E-4
0,2.98558262152068E-4
0,2.98558262152068E-4
0,2.98558262152068E-4
0,2.98558262152068E-4
0,2.98558262152068E-4
0,2.98558262152068E-4
0,2.98558262152068E-4
0,2.98558262152068E-4
0,2.98558262152068E-4
0,2.98558262152068E-4
0,2.98558262152068E-4
0,2.98558262152068E-4
0,2.98558262152068E-4
0,2.98558262152068E-4
0,2.98558262152068E-4
0,2.98558262152068E-4
0,2.98558262152068E-4
0,2.98558262152068E-4
0,2.98558262152068E-4
0,2.98558262152068E-4
0,2.98558262152068E-4
0,2.98558262152068E-4
0,2.98558262152068E-4
0,2.98558262152068E-4
0,2.98558262152068E-4
0,2.98558262152068E-4
0,2.98558262152068E-4
0,2.98558262152068E-4
0,2.98558262152068E-4
0,2.98558262152068E-4
0,2.98558262152068E-4
0,2.98558262152068E-4
0,2.98558262152068E-4
0,2.98558262152068E-4
0,2.98558262152068E-4
