class,score
0,0.300597116524304
0,0.3
0,0.0500580729192161
0,0.0336043258283559
0,0.0156908300992318
0,0.0136009222641673
0,0.0109138979047987
0,0.0101840235856668
0,0.00852543180758218
0,0.00852543180758218
0,0.00822687354543012
1,0.00792831528327805
0,0.00733119875897391
0,0.00703264049682184
0,0.00686684002949756
0,0.00673408223466978
0,0.00673408223466978
0,0.00643552397251771
0,0.00613696571036564
0,0.00583840744821357
0,0.00583840744821357
0,0.00553984918606151
0,0.00553984918606151
0,0.00553984918606151
0,0.00524129092390944
0,0.00524129092390944
0,0.00494273266175737
0,0.0046441743996053
0,0.0046441743996053
0,0.0046441743996053
0,0.0046441743996053
0,0.00434561613745324
0,0.00434561613745324
0,0.00434561613745324
0,0.00434561613745324
0,0.00434561613745324
0,0.00434561613745324
0,0.00404705787530117
0,0.00404705787530117
0,0.00404705787530117
0,0.00404705787530117
1,0.00404705787530117
0,0.00404705787530117
0,0.00404705787530117
0,0.00404705787530117
0,0.00404705787530117
0,0.00404705787530117
0,0.00404705787530117
0,0.00404705787530117
0,0.00388125740797688
0,0.0037484996131491
0,0.0037484996131491
0,0.0037484996131491
0,0.0037484996131491
0,0.0037484996131491
0,0.0037484996131491
0,0.0037484996131491
0,0.0037484996131491
0,0.0037484996131491
0,0.0037484996131491
0,0.0037484996131491
0,0.0037484996131491
0,0.0037484996131491
0,0.0037484996131491
0,0.0037484996131491
0,0.0037484996131491
0,0.0037484996131491
0,0.0037484996131491
0,0.0037484996131491
0,0.0037484996131491
0,0.0037484996131491
0,0.0037484996131491
0,0.0037484996131491
0,0.0037484996131491
0,0.0037484996131491
0,0.0037484996131491
0,0.0037484996131491
0,0.0037484996131491
0,0.0037484996131491
0,0.0037484996131491
0,0.0037484996131491
0,0.0037484996131491
0,0.0037484996131491
0,0.0037484996131491
0,0.0037484996131491
0,0.00344994135099703
0,0.00344994135099703
0,0.00344994135099703
0,0.00344994135099703
0,0.00344994135099703
0,0.00344994135099703
0,0.00344994135099703
0,0.00344994135099703
0,0.00344994135099703
0,0.00344994135099703
0,0.00344994135099703
0,0.00344994135099703
0,0.00344994135099703
0,0.00344994135099703
0,0.00344994135099703
0,0.00344994135099703
0,0.00344994135099703
0,0.00344994135099703
0,0.00344994135099703
0,0.00344994135099703
0,0.00344994135099703
0,0.00344994135099703
0,0.00344994135099703
0,0.00344994135099703
0,0.00344994135099703
0,0.00344994135099703
0,0.00344994135099703
0,0.00344994135099703
0,0.00344994135099703
0,0.00344994135099703
0,0.00344994135099703
0,0.00344994135099703
0,0.00344994135099703
0,0.00344994135099703
0,0.00344994135099703
0,0.00344994135099703
0,0.00344994135099703
0,0.00344994135099703
0,0.00344994135099703
0,0.00344994135099703
0,0.00344994135099703
0,0.00344994135099703
0,0.00344994135099703
0,0.00344994135099703
0,0.00344994135099703
0,0.00344994135099703
0,0.00344994135099703
0,0.00344994135099703
0,0.00344994135099703
0,0.00344994135099703
0,0.00344994135099703
0,0.00344994135099703
0,0.00344994135099703
0,0.00344994135099703
0,0.00344994135099703
0,0.00344994135099703
0,0.00344994135099703
0,0.00344994135099703
0,0.00344994135099703
0,0.00344994135099703
0,0.00344994135099703
0,0.00344994135099703
0,0.00344994135099703
0,0.00344994135099703
0,0.00344994135099703
0,0.00344994135099703
0,0.00344994135099703
0,0.00344994135099703
0,0.00344994135099703
0,0.00344994135099703
0,0.00344994135099703
0,0.00344994135099703
0,0.00344994135099703
0,0.00344994135099703
0,0.00344994135099703
0,0.00344994135099703
0,0.00344994135099703
0,0.00344994135099703
0,0.00344994135099703
0,0.00344994135099703
0,0.00344994135099703
0,0.00344994135099703
0,0.00344994135099703
0,0.00344994135099703
0,0.00344994135099703
0,0.00344994135099703
0,0.00344994135099703
0,0.00344994135099703
0,0.00344994135099703
0,0.00344994135099703
0,0.00344994135099703
0,0.00298558262152068
0,0.00298558262152068
1,0.00298558262152068
0,0.00238846609721654
0,0.00238846609721654
0,0.00238846609721654
0,0.00238846609721654
0,0.00238846609721654
0,0.00238846609721654
0,0.00208990783506447
0,0.00208990783506447
0,0.00208990783506447
0,0.00208990783506447
0,0.00208990783506447
0,0.00208990783506447
0,0.00208990783506447
0,0.00208990783506447
0,0.00179134957291241
0,0.00179134957291241
0,0.00179134957291241
0,0.00179134957291241
0,0.00179134957291241
0,0.00179134957291241
0,0.00149279131076034
0,0.00149279131076034
0,0.00149279131076034
0,0.00149279131076034
0,0.00149279131076034
0,0.00149279131076034
0,0.00149279131076034
0,0.00149279131076034
0,0.00149279131076034
0,0.00149279131076034
0,0.00149279131076034
0,0.00149279131076034
0,0.00119423304860827
0,0.00119423304860827
0,0.00119423304860827
0,0.00119423304860827
0,0.00119423304860827
0,0.00119423304860827
0,0.00119423304860827
0,0.00119423304860827
0,0.00119423304860827
0,0.00119423304860827
0,0.00119423304860827
0,0.00119423304860827
0,0.00119423304860827
0,0.00119423304860827
0,0.00119423304860827
0,0.00119423304860827
0,0.00119423304860827
0,0.00119423304860827
0,0.00119423304860827
0,0.00119423304860827
0,0.00119423304860827
0,0.00119423304860827
0,0.00119423304860827
0,0.00119423304860827
0,0.00119423304860827
0,0.00119423304860827
0,0.00119423304860827
0,0.00119423304860827
0,8.95674786456203E-4
0,8.95674786456203E-4
0,8.95674786456203E-4
0,8.95674786456203E-4
0,8.95674786456203E-4
0,8.95674786456203E-4
0,8.95674786456203E-4
0,8.95674786456203E-4
0,8.95674786456203E-4
0,8.95674786456203E-4
0,8.95674786456203E-4
0,8.95674786456203E-4
0,8.95674786456203E-4
0,8.95674786456203E-4
0,8.95674786456203E-4
0,8.95674786456203E-4
0,8.95674786456203E-4
0,8.95674786456203E-4
0,8.95674786456203E-4
0,8.95674786456203E-4
0,8.95674786456203E-4
0,8.95674786456203E-4
0,8.95674786456203E-4
0,8.95674786456203E-4
0,8.95674786456203E-4
0,8.95674786456203E-4
0,8.95674786456203E-4
0,8.95674786456203E-4
0,8.95674786456203E-4
0,8.95674786456203E-4
0,8.95674786456203E-4
0,8.95674786456203E-4
0,8.95674786456203E-4
0,8.95674786456203E-4
0,8.95674786456203E-4
0,8.95674786456203E-4
0,8.95674786456203E-4
0,8.95674786456203E-4
0,8.95674786456203E-4
0,8.95674786456203E-4
0,8.95674786456203E-4
0,8.95674786456203E-4
0,8.95674786456203E-4
0,8.95674786456203E-4
0,5.97116524304135E-4
0,5.97116524304135E-4
0,5.97116524304135E-4
0,5.97116524304135E-4
0,5.97116524304135E-4
0,5.97116524304135E-4
0,5.97116524304135E-4
0,5.97116524304135E-4
0,5.97116524304135E-4
0,5.97116524304135E-4
0,5.97116524304135E-4
0,5.97116524304135E-4
0,5.97116524304135E-4
0,5.97116524304135E-4
0,5.97116524304135E-4
0,5.97116524304135E-4
0,5.97116524304135E-4
0,5.97116524304135E-4
0,5.97116524304135E-4
0,5.97116524304135E-4
0,5.97116524304135E-4
0,5.97116524304135E-4
1,5.97116524304135E-4
0,5.97116524304135E-4
0,5.97116524304135E-4
0,5.97116524304135E-4
0,5.97116524304135E-4
0,5.97116524304135E-4
0,5.97116524304135E-4
0,5.97116524304135E-4
0,5.97116524304135E-4
0,5.97116524304135E-4
0,5.97116524304135E-4
0,5.97116524304135E-4
0,5.97116524304135E-4
0,5.97116524304135E-4
0,5.97116524304135E-4
0,5.97116524304135E-4
0,5.97116524304135E-4
0,5.97116524304135E-4
0,5.97116524304135E-4
0,5.97116524304135E-4
0,5.97116524304135E-4
0,5.97116524304135E-4
0,5.97116524304135E-4
0,5.97116524304135E-4
0,5.97116524304135E-4
0,5.97116524304135E-4
0,5.97116524304135E-4
0,5.97116524304135E-4
0,5.97116524304135E-4
0,5.97116524304135E-4
0,5.97116524304135E-4
0,5.97116524304135E-4
0,5.97116524304135E-4
0,5.97116524304135E-4
0,5.97116524304135E-4
0,5.97116524304135E-4
0,5.97116524304135E-4
0,5.97116524304135E-4
0,5.97116524304135E-4
0,5.97116524304135E-4
0,5.97116524304135E-4
0,5.97116524304135E-4
0,5.97116524304135E-4
0,5.97116524304135E-4
0,5.97116524304135E-4
0,5.97116524304135E-4
0,5.97116524304135E-4
0,5.97116524304135E-4
0,5.97116524304135E-4
0,5.97116524304135E-4
0,5.97116524304135E-4
0,5.97116524304135E-4
0,5.97116524304135E-4
0,5.97116524304135E-4
0,5.97116524304135E-4
0,5.97116524304135E-4
0,5.97116524304135E-4
0,5.97116524304135E-4
0,5.97116524304135E-4
0,5.97116524304135E-4
0,5.97116524304135E-4
0,5.97116524304135E-4
0,5.97116524304135E-4
0,5.97116524304135E-4
0,5.97116524304135E-4
0,5.97116524304135E-4
0,5.97116524304135E-4
0,5.97116524304135E-4
0,5.97116524304135E-4
0,5.97116524304135E-4
0,5.97116524304135E-4
0,5.97116524304135E-4
0,5.97116524304135E-4
0,5.97116524304135E-4
0,5.97116524304135E-4
0,5.97116524304135E-4
0,5.97116524304135E-4
0,5.97116524304135E-4
0,5.97116524304135E-4
0,5.97116524304135E-4
0,5.97116524304135E-4
0,5.97116524304135E-4
0,5.97116524304135E-4
0,5.97116524304135E-4
0,5.97116524304135E-4
0,5.97116524304135E-4
0,5.97116524304135E-4
0,5.97116524304135E-4
0,5.97116524304135E-4
0,5.97116524304135E-4
0,5.97116524304135E-4
0,5.97116524304135E-4
0,5.97116524304135E-4
0,5.97116524304135E-4
0,5.97116524304135E-4
0,5.97116524304135E-4
0,5.97116524304135E-4
0,5.97116524304135E-4
0,5.97116524304135E-4
0,5.97116524304135E-4
0,5.97116524304135E-4
0,5.97116524304135E-4
0,5.97116524304135E-4
0,5.97116524304135E-4
0,5.97116524304135E-4
0,5.97116524304135E-4
0,5.97116524304135E-4
0,5.97116524304135E-4
0,5.97116524304135E-4
0,5.97116524304135E-4
0,5.97116524304135E-4
0,2.98558262152068E-4
0,2.98558262152068E-4
0,2.98558262152068E-4
0,2.98558262152068E-4
0,2.98558262152068E-4
0,2.98558262152068E-4
0,2.98558262152068E-4
0,2.98558262152068E-4
0,2.98558262152068E-4
0,2.98558262152068E-4
0,2.98558262152068E-4
0,2.98558262152068E-4
0,2.98558262152068E-4
0,2.98558262152068E-4
0,2.98558262152068E-4
0,2.98558262152068E-4
0,2.98558262152068E-4
0,2.98558262152068E-4
0,2.98558262152068E-4
0,2.98558262152068E-4
0,2.98558262152068E-4
0,2.98558262152068E-4
0,2.98558262152068E-4
0,2.98558262152068E-4
0,2.98558262152068E-4
0,2.98558262152068E-4
0,2.98558262152068E-4
0,2.98558262152068E-4
0,2.98558262152068E-4
0,2.98558262152068E-4
0,2.98558262152068E-4
0,2.98558262152068E-4
0,2.98558262152068E-4
0,2.98558262152068E-4
0,2.98558262152068E-4
0,2.98558262152068E-4
0,2.98558262152068E-4
0,2.98558262152068E-4
0,2.98558262152068E-4
0,2.98558262152068E-4
0,2.98558262152068E-4
0,2.98558262152068E-4
0,2.98558262152068E-4
0,2.98558262152068E-4
0,2.98558262152068E-4
0,2.98558262152068E-4
0,2.98558262152068E-4
0,2.98558262152068E-4
0,2.98558262152068E-4
0,2.98558262152068E-4
0,2.98558262152068E-4
0,2.98558262152068E-4
0,2.98558262152068E-4
0,2.98558262152068E-4
0,2.98558262152068E-4
0,2.98558262152068E-4
0,2.98558262152068E-4
0,2.98558262152068E-4
0,2.98558262152068E-4
0,2.98558262152068E-4
0,2.98558262152068E-4
0,2.98558262152068E-4
0,2.98558262152068E-4
0,2.98558262152068E-4
0,2.98558262152068E-4
0,2.98558262152068E-4
0,2.98558262152068E-4
0,2.98558262152068E-4
0,2.98558262152068E-4
0,2.98558262152068E-4
0,2.98558262152068E-4
0,2.98558262152068E-4
0,2.98558262152068E-4
0,2.98558262152068E-4
0,2.98558262152068E-4
0,2.98558262152068E-4
0,2.98558262152068E-4
0,2.98558262152068E-4
0,2.98558262152068E-4
0,2.98558262152068E-4
0,2.98558262152068E-4
0,2.98558262152068E-4
0,2.98558262152068E-4
0,2.98558262152068E-4
0,2.98558262152068E-4
0,2.98558262152068E-4
0,2.98558262152068E-4
0,2.98558262152068E-4
0,2.98558262152068E-4
0,2.98558262152068E-4
0,2.98558262152068E-4
0,2.98558262152068E-4
0,2.98558262152068E-4
0,2.98558262152068E-4
0,2.98558262152068E-4
0,2.98558262152068E-4
0,2.98558262152068E-4
0,2.98558262152068E-4
0,2.98558262152068E-4
0,2.98558262152068E-4
0,2.98558262152068E-4
0,2.98558262152068E-4
0,2.98558262152068E-4
0,2.98558262152068E-4
0,2.98558262152068E-4
0,2.98558262152068E-4
0,2.98558262152068E-4
0,2.98558262152068E-4
0,2.98558262152068E-4
0,2.98558262152068E-4
0,2.98558262152068E-4
0,2.98558262152068E-4
0,2.98558262152068E-4
0,2.98558262152068E-4
0,2.98558262152068E-4
0,2.98558262152068E-4
0,2.98558262152068E-4
0,2.98558262152068E-4
0,2.98558262152068E-4
0,2.98558262152068E-4
0,2.98558262152068E-4
0,2.98558262152068E-4
0,2.98558262152068E-4
0,2.98558262152068E-4
0,2.98558262152068E-4
0,2.98558262152068E-4
0,2.98558262152068E-4
0,2.98558262152068E-4
0,2.98558262152068E-4
0,2.98558262152068E-4
0,2.98558262152068E-4
0,2.98558262152068E-4
0,2.98558262152068E-4
0,2.98558262152068E-4
0,2.98558262152068E-4
0,2.98558262152068E-4
0,2.98558262152068E-4
0,2.98558262152068E-4
0,2.98558262152068E-4
0,2.98558262152068E-4
0,2.98558262152068E-4
0,2.98558262152068E-4
0,2.98558262152068E-4
0,2.98558262152068E-4
0,2.98558262152068E-4
0,2.98558262152068E-4
0,2.98558262152068E-4
0,2.98558262152068E-4
0,2.98558262152068E-4
0,2.98558262152068E-4
0,2.98558262152068E-4
0,2.98558262152068E-4
0,2.98558262152068E-4
0,2.98558262152068E-4
0,2.98558262152068E-4
0,2.98558262152068E-4
0,2.98558262152068E-4
0,2.98558262152068E-4
0,2.98558262152068E-4
0,2.98558262152068E-4
0,2.98558262152068E-4
0,2.98558262152068E-4
0,2.98558262152068E-4
0,2.98558262152068E-4
0,2.98558262152068E-4
0,2.98558262152068E-4
0,2.98558262152068E-4
0,2.98558262152068E-4
0,2.98558262152068E-4
0,2.98558262152068E-4
0,2.98558262152068E-4
0,2.98558262152068E-4
0,2.98558262152068E-4
0,2.98558262152068E-4
0,2.98558262152068E-4
0,2.98558262152068E-4
0,2.98558262152068E-4
0,2.98558262152068E-4
0,2.98558262152068E-4
0,2.98558262152068E-4
0,2.98558262152068E-4
0,2.98558262152068E-4
0,2.98558262152068E-4
0,2.98558262152068E-4
0,2.98558262152068E-4
0,2.98558262152068E-4
0,2.98558262152068E-4
0,2.98558262152068E-4
0,2.98558262152068E-4
0,2.98558262152068E-4
0,2.98558262152068E-4
0,2.98558262152068E-4
0,2.98558262152068E-4
0,2.98558262152068E-4
0,2.98558262152068E-4
0,2.98558262152068E-4
0,2.98558262152068E-4
0,2.98558262152068E-4
0,2.98558262152068E-4
0,2.98558262152068E-4
0,2.98558262152068E-4
0,2.98558262152068E-4
0,2.98558262152068E-4
0,2.98558262152068E-4
0,2.98558262152068E-4
0,2.98558262152068E-4
0,2.98558262152068E-4
0,2.98558262152068E-4
0,2.98558262152068E-4
0,2.98558262152068E-4
0,2.98558262152068E-4
0,2.98558262152068E-4
0,2.98558262152068E-4
0,2.98558262152068E-4
0,2.98558262152068E-4
0,2.98558262152068E-4
0,2.98558262152068E-4
0,2.98558262152068E-4
0,2.98558262152068E-4
0,2.98558262152068E-4
0,2.98558262152068E-4
0,2.98558262152068E-4
0,2.98558262152068E-4
0,2.98558262152068E-4
0,2.98558262152068E-4
0,2.98558262152068E-4
0,2.98558262152068E-4
0,2.98558262152068E-4
0,2.98558262152068E-4
0,2.98558262152068E-4
0,2.98558262152068E-4
0,2.98558262152068E-4
0,2.98558262152068E-4
0,2.98558262152068E-4
0,2.98558262152068E-4
0,2.98558262152068E-4
0,2.98558262152068E-4
0,2.98558262152068E-4
0,2.98558262152068E-4
0,2.98558262152068E-4
0,2.98558262152068E-4
0,2.98558262152068E-4
0,2.98558262152068E-4
0,2.98558262152068E-4
0,2.98558262152068E-4
0,2.98558262152068E-4
0,2.98558262152068E-4
0,2.98558262152068E-4
0,2.98558262152068E-4
0,2.98558262152068E-4
0,2.98558262152068E-4
0,2.98558262152068E-4
0,2.98558262152068E-4
0,2.98558262152068E-4
0,2.98558262152068E-4
0,2.98558262152068E-4
0,2.98558262152068E-4
0,2.98558262152068E-4
0,2.98558262152068E-4
0,2.98558262152068E-4
0,2.98558262152068E-4
0,2.98558262152068E-4
0,2.98558262152068E-4
0,2.98558262152068E-4
0,2.98558262152068E-4
0,2.98558262152068E-4
0,2.98558262152068E-4
0,2.98558262152068E-4
0,2.98558262152068E-4
0,2.98558262152068E-4
0,2.98558262152068E-4
0,2.98558262152068E-4
0,2.98558262152068E-4
0,2.98558262152068E-4
0,2.98558262152068E-4
0,2.98558262152068E-4
0,2.98558262152068E-4
0,2.98558262152068E-4
0,2.98558262152068E-4
0,2.98558262152068E-4
0,2.98558262152068E-4
0,2.98558262152068E-4
0,2.98558262152068E-4
0,2.98558262152068E-4
0,2.98558262152068E-4
0,2.98558262152068E-4
0,2.98558262152068E-4
0,2.98558262152068E-4
0,2.98558262152068E-4
0,2.98558262152068E-4
0,2.98558262152068E-4
0,2.98558262152068E-4
0,2.98558262152068E-4
0,2.98558262152068E-4
0,2.98558262152068E-4
0,2.98558262152068E-4
0,2.98558262152068E-4
0,2.98558262152068E-4
0,2.98558262152068E-4
0,2.98558262152068E-4
0,2.98558262152068E-4
0,2.98558262152068E-4
0,2.98558262152068E-4
0,2.98558262152068E-4
0,2.98558262152068E-4
0,2.98558262152068E-4
0,2.98558262152068E-4
0,2.98558262152068E-4
0,2.98558262152068E-4
0,2.98558262152068E-4
0,2.98558262152068E-4
0,2.98558262152068E-4
0,2.98558262152068E-4
0,2.98558262152068E-4
0,2.98558262152068E-4
0,2.98558262152068E-4
0,2.98558262152068E-4
0,2.98558262152068E-4
0,2.98558262152068E-4
0,2.98558262152068E-4
0,2.98558262152068E-4
0,2.98558262152068E-4
0,2.98558262152068E-4
0,2.98558262152068E-4
0,2.98558262152068E-4
0,2.98558262152068E-4
0,2.98558262152068E-4
0,2.98558262152068E-4
0,2.98558262152068E-4
0,2.98558262152068E-4
0,2.98558262152068E-4
0,2.98558262152068E-4
0,2.98558262152068E-4
0,2.98558262152068E-4
0,2.98558262152068E-4
0,2.98558262152068E-4
0,2.98558262152068E-4
0,2.98558262152068E-4
0,2.98558262152068E-4
