4318 0.405374048718737
7157 0.372868398539832
1956 0.371005664811518
238 0.350157788041547
3845 0.342226823353065
1029 0.332111534517596
2067 0.330751501001663
7422 0.322259111866577
27436 0.320600520088493
11186 0.31539227183708
4233 0.312240888748235
6240 0.309255306126714
2272 0.308061073078106
5243 0.306568281767345
4193 0.305374048718737
7015 0.305374048718737
324 0.305075490456585
6774 0.304776932194433
1728 0.303881257407977
3576 0.303881257407977
3586 0.303881257407977
6098 0.303582699145825
1612 0.303284140883673
2950 0.302985582621521
7039 0.302687024359369
841 0.302687024359369
1012 0.302388466097217
928 0.302089907835064
1571 0.30149279131076
2260 0.30149279131076
3799 0.30149279131076
55743 0.30149279131076
8434 0.30149279131076
1113 0.301194233048608
2026 0.301194233048608
29108 0.301194233048608
356 0.301194233048608
5925 0.301194233048608
4312 0.300895674786456
4320 0.300895674786456
5478 0.300895674786456
5829 0.300895674786456
5894 0.300895674786456
7345 0.300895674786456
972 0.300895674786456
2254 0.300597116524304
2729 0.300597116524304
374 0.300597116524304
406913 0.300597116524304
5744 0.300597116524304
6648 0.300597116524304
8202 0.300597116524304
9510 0.300597116524304
10397 0.300298558262152
1440 0.300298558262152
1645 0.300298558262152
1845 0.300298558262152
23028 0.300298558262152
2305 0.300298558262152
2309 0.300298558262152
2946 0.300298558262152
332 0.300298558262152
406937 0.300298558262152
4504 0.300298558262152
467 0.300298558262152
4826 0.300298558262152
54458 0.300298558262152
558 0.300298558262152
55829 0.300298558262152
6855 0.300298558262152
847 0.300298558262152
100302142 0.3
10087 0.3
10179 0.3
10568 0.3
1474 0.3
1540 0.3
2023 0.3
23532 0.3
23603 0.3
2696 0.3
3280 0.3
3688 0.3
3956 0.3
407021 0.3
407031 0.3
4854 0.3
5021 0.3
5052 0.3
5223 0.3
57099 0.3
6009 0.3
6236 0.3
6385 0.3
693223 0.3
7262 0.3
79887 0.3
9180 0.3
6091 0.1
1950 0.0219605536044252
2064 0.0167192626805158
5743 0.0165508128079876
7515 0.0127052474777111
7864 0.0119423304860827
79811 0.0119423304860827
8731 0.0119423304860827
5728 0.0107480974374744
595 0.00895674786456203
7298 0.00895674786456203
5290 0.00865818960240996
672 0.00865818960240996
2068 0.00776251481595376
3702 0.00716539829164962
6581 0.00716539829164962
4513 0.00686684002949756
7124 0.00686684002949756
8743 0.00656828176734549
3265 0.00567260698088929
5294 0.00567260698088929
5594 0.00567260698088929
1806 0.00553984918606151
4313 0.00550415710836112
7294 0.00537404871873722
596 0.00524129092390944
1048 0.00507549045658515
3082 0.00507549045658515
5291 0.00507549045658515
5293 0.00507549045658515
673 0.00507549045658515
960 0.00490704058405699
207 0.00477693219443308
4363 0.00477693219443308
4582 0.00477693219443308
9429 0.00477693219443308
2247 0.00460848232190492
2048 0.00447837393228102
2099 0.00447837393228102
23705 0.00447837393228102
7508 0.00434561613745324
9734 0.00434561613745324
5468 0.00430992405975285
9112 0.00430992405975285
1437 0.00417981567012895
23158 0.00417981567012895
3791 0.00417981567012895
5111 0.00417981567012895
7248 0.00417981567012895
177 0.00404705787530117
5891 0.00404705787530117
7048 0.00404705787530117
246100 0.00401136579760079
6794 0.00388125740797688
2065 0.00371280753544872
1543 0.00358269914582481
3486 0.00358269914582481
7040 0.00358269914582481
9817 0.00358269914582481
100147818 0.00344994135099703
10549 0.00344994135099703
1240 0.00344994135099703
152002 0.00344994135099703
1826 0.00344994135099703
284217 0.00344994135099703
2941 0.00344994135099703
3696 0.00344994135099703
400866 0.00344994135099703
63895 0.00344994135099703
7114 0.00344994135099703
7127 0.00344994135099703
7291 0.00344994135099703
9470 0.00344994135099703
7077 0.00341424927329665
10381 0.00328414088367274
2944 0.00328414088367274
4477 0.00328414088367274
4485 0.00328414088367274
4790 0.00328414088367274
84000 0.00328414088367274
89782 0.00328414088367274
2668 0.00311569101114458
796 0.00311569101114458
112476 0.00298558262152068
4194 0.00298558262152068
4437 0.00298558262152068
50818 0.00298558262152068
6696 0.00298558262152068
7080 0.00298558262152068
836 0.00298558262152068
8795 0.00298558262152068
925 0.00298558262152068
9928 0.00281713274899252
1027 0.00268702435936861
1869 0.00268702435936861
2335 0.00268702435936861
2475 0.00268702435936861
3091 0.00268702435936861
328 0.00268702435936861
3342 0.00268702435936861
3553 0.00268702435936861
3880 0.00268702435936861
4255 0.00268702435936861
4524 0.00268702435936861
4780 0.00268702435936861
5624 0.00268702435936861
57045 0.00268702435936861
6273 0.00268702435936861
7424 0.00268702435936861
920 0.00268702435936861
9961 0.00268702435936861
23574 0.00251857448684045
4103 0.00251857448684045
4521 0.00251857448684045
5834 0.00251857448684045
9947 0.00251857448684045
1493 0.00238846609721654
2073 0.00238846609721654
23136 0.00238846609721654
23583 0.00238846609721654
3569 0.00238846609721654
406991 0.00238846609721654
472 0.00238846609721654
7517 0.00238846609721654
7852 0.00238846609721654
8714 0.00238846609721654
100302736 0.00208990783506447
10534 0.00208990783506447
10671 0.00208990783506447
142 0.00208990783506447
2922 0.00208990783506447
3320 0.00208990783506447
3429 0.00208990783506447
3479 0.00208990783506447
3480 0.00208990783506447
353376 0.00208990783506447
3918 0.00208990783506447
4282 0.00208990783506447
5062 0.00208990783506447
50943 0.00208990783506447
51014 0.00208990783506447
5715 0.00208990783506447
8205 0.00208990783506447
959 0.00208990783506447
1017 0.00179134957291241
10519 0.00179134957291241
1154 0.00179134957291241
133482 0.00179134957291241
1786 0.00179134957291241
2146 0.00179134957291241
2691 0.00179134957291241
2837 0.00179134957291241
355 0.00179134957291241
3630 0.00179134957291241
373156 0.00179134957291241
4597 0.00179134957291241
5340 0.00179134957291241
5599 0.00179134957291241
634 0.00179134957291241
7161 0.00179134957291241
7490 0.00179134957291241
80781 0.00179134957291241
8170 0.00179134957291241
857 0.00179134957291241
8626 0.00179134957291241
8842 0.00179134957291241
978 0.00179134957291241
999 0.00179134957291241
1022 0.00149279131076034
1026 0.00149279131076034
11197 0.00149279131076034
11261 0.00149279131076034
118429 0.00149279131076034
146 0.00149279131076034
1485 0.00149279131076034
1594 0.00149279131076034
1611 0.00149279131076034
1890 0.00149279131076034
1969 0.00149279131076034
2100 0.00149279131076034
255738 0.00149279131076034
3133 0.00149279131076034
3458 0.00149279131076034
3558 0.00149279131076034
3559 0.00149279131076034
3669 0.00149279131076034
4360 0.00149279131076034
4609 0.00149279131076034
51741 0.00149279131076034
57016 0.00149279131076034
57410 0.00149279131076034
5915 0.00149279131076034
6387 0.00149279131076034
6426 0.00149279131076034
6654 0.00149279131076034
6678 0.00149279131076034
7013 0.00149279131076034
7076 0.00149279131076034
7096 0.00149279131076034
7376 0.00149279131076034
7421 0.00149279131076034
7507 0.00149279131076034
780 0.00149279131076034
83478 0.00149279131076034
842 0.00149279131076034
9940 0.00149279131076034
100187907 0.00119423304860827
10181 0.00119423304860827
1019 0.00119423304860827
1030 0.00119423304860827
10395 0.00119423304860827
10928 0.00119423304860827
10970 0.00119423304860827
11093 0.00119423304860827
1136 0.00119423304860827
1236 0.00119423304860827
1244 0.00119423304860827
1385 0.00119423304860827
1398 0.00119423304860827
1432 0.00119423304860827
1500 0.00119423304860827
1678 0.00119423304860827
1719 0.00119423304860827
1789 0.00119423304860827
19 0.00119423304860827
2030 0.00119423304860827
2264 0.00119423304860827
2277 0.00119423304860827
2321 0.00119423304860827
23424 0.00119423304860827
23541 0.00119423304860827
23677 0.00119423304860827
2597 0.00119423304860827
27122 0.00119423304860827
27306 0.00119423304860827
3126 0.00119423304860827
3162 0.00119423304860827
3315 0.00119423304860827
3397 0.00119423304860827
353 0.00119423304860827
3958 0.00119423304860827
4292 0.00119423304860827
4294 0.00119423304860827
4316 0.00119423304860827
4357 0.00119423304860827
4842 0.00119423304860827
4843 0.00119423304860827
4869 0.00119423304860827
4904 0.00119423304860827
4922 0.00119423304860827
51343 0.00119423304860827
5156 0.00119423304860827
5241 0.00119423304860827
5321 0.00119423304860827
5328 0.00119423304860827
5347 0.00119423304860827
54 0.00119423304860827
54658 0.00119423304860827
55154 0.00119423304860827
56996 0.00119423304860827
57026 0.00119423304860827
5747 0.00119423304860827
581 0.00119423304860827
6121 0.00119423304860827
6241 0.00119423304860827
6271 0.00119423304860827
6275 0.00119423304860827
6280 0.00119423304860827
6285 0.00119423304860827
6422 0.00119423304860827
6502 0.00119423304860827
65108 0.00119423304860827
6513 0.00119423304860827
65211 0.00119423304860827
7001 0.00119423304860827
7046 0.00119423304860827
7078 0.00119423304860827
7186 0.00119423304860827
7270 0.00119423304860827
7405 0.00119423304860827
7431 0.00119423304860827
7538 0.00119423304860827
768 0.00119423304860827
799 0.00119423304860827
79971 0.00119423304860827
9360 0.00119423304860827
958 0.00119423304860827
10018 8.95674786456203E-4
100532731 8.95674786456203E-4
10383 8.95674786456203E-4
10598 8.95674786456203E-4
1080 8.95674786456203E-4
10923 8.95674786456203E-4
11009 8.95674786456203E-4
11080 8.95674786456203E-4
11258 8.95674786456203E-4
11266 8.95674786456203E-4
11331 8.95674786456203E-4
11334 8.95674786456203E-4
113451 8.95674786456203E-4
1191 8.95674786456203E-4
1351 8.95674786456203E-4
1429 8.95674786456203E-4
1565 8.95674786456203E-4
1630 8.95674786456203E-4
1633 8.95674786456203E-4
1778 8.95674786456203E-4
1830 8.95674786456203E-4
1843 8.95674786456203E-4
199699 8.95674786456203E-4
2011 8.95674786456203E-4
2046 8.95674786456203E-4
2051 8.95674786456203E-4
2057 8.95674786456203E-4
2152 8.95674786456203E-4
216 8.95674786456203E-4
2185 8.95674786456203E-4
2194 8.95674786456203E-4
2202 8.95674786456203E-4
2263 8.95674786456203E-4
22943 8.95674786456203E-4
22978 8.95674786456203E-4
2521 8.95674786456203E-4
25801 8.95674786456203E-4
25855 8.95674786456203E-4
25897 8.95674786456203E-4
26073 8.95674786456203E-4
26524 8.95674786456203E-4
2669 8.95674786456203E-4
2697 8.95674786456203E-4
27319 8.95674786456203E-4
2778 8.95674786456203E-4
28982 8.95674786456203E-4
2925 8.95674786456203E-4
2952 8.95674786456203E-4
3014 8.95674786456203E-4
302 8.95674786456203E-4
3068 8.95674786456203E-4
3105 8.95674786456203E-4
3178 8.95674786456203E-4
3181 8.95674786456203E-4
3308 8.95674786456203E-4
331 8.95674786456203E-4
3383 8.95674786456203E-4
3490 8.95674786456203E-4
3565 8.95674786456203E-4
3579 8.95674786456203E-4
3605 8.95674786456203E-4
3621 8.95674786456203E-4
378938 8.95674786456203E-4
3811 8.95674786456203E-4
3815 8.95674786456203E-4
3855 8.95674786456203E-4
3925 8.95674786456203E-4
3981 8.95674786456203E-4
4015 8.95674786456203E-4
4192 8.95674786456203E-4
4283 8.95674786456203E-4
4353 8.95674786456203E-4
4436 8.95674786456203E-4
4486 8.95674786456203E-4
4683 8.95674786456203E-4
4760 8.95674786456203E-4
4829 8.95674786456203E-4
4968 8.95674786456203E-4
5018 8.95674786456203E-4
51151 8.95674786456203E-4
51297 8.95674786456203E-4
51364 8.95674786456203E-4
5175 8.95674786456203E-4
5265 8.95674786456203E-4
54106 8.95674786456203E-4
55279 8.95674786456203E-4
55511 8.95674786456203E-4
5604 8.95674786456203E-4
5655 8.95674786456203E-4
56616 8.95674786456203E-4
5669 8.95674786456203E-4
573 8.95674786456203E-4
5734 8.95674786456203E-4
57730 8.95674786456203E-4
5888 8.95674786456203E-4
5906 8.95674786456203E-4
5923 8.95674786456203E-4
5979 8.95674786456203E-4
6286 8.95674786456203E-4
6366 8.95674786456203E-4
648 8.95674786456203E-4
653509 8.95674786456203E-4
6573 8.95674786456203E-4
6655 8.95674786456203E-4
6667 8.95674786456203E-4
6776 8.95674786456203E-4
6777 8.95674786456203E-4
6786 8.95674786456203E-4
6790 8.95674786456203E-4
6935 8.95674786456203E-4
7042 8.95674786456203E-4
7058 8.95674786456203E-4
7150 8.95674786456203E-4
7295 8.95674786456203E-4
7334 8.95674786456203E-4
7372 8.95674786456203E-4
7415 8.95674786456203E-4
7432 8.95674786456203E-4
7516 8.95674786456203E-4
7869 8.95674786456203E-4
7965 8.95674786456203E-4
7980 8.95674786456203E-4
80316 8.95674786456203E-4
8140 8.95674786456203E-4
8404 8.95674786456203E-4
8431 8.95674786456203E-4
84312 8.95674786456203E-4
8566 8.95674786456203E-4
8682 8.95674786456203E-4
8829 8.95674786456203E-4
8851 8.95674786456203E-4
8988 8.95674786456203E-4
9052 8.95674786456203E-4
9212 8.95674786456203E-4
940 8.95674786456203E-4
9402 8.95674786456203E-4
9536 8.95674786456203E-4
9839 8.95674786456203E-4
1000 5.97116524304135E-4
100507436 5.97116524304135E-4
10057 5.97116524304135E-4
101669765 5.97116524304135E-4
10401 5.97116524304135E-4
10413 5.97116524304135E-4
10524 5.97116524304135E-4
10553 5.97116524304135E-4
1056 5.97116524304135E-4
10641 5.97116524304135E-4
10728 5.97116524304135E-4
10763 5.97116524304135E-4
10863 5.97116524304135E-4
10864 5.97116524304135E-4
10959 5.97116524304135E-4
10972 5.97116524304135E-4
10998 5.97116524304135E-4
11012 5.97116524304135E-4
11076 5.97116524304135E-4
11178 5.97116524304135E-4
1119 5.97116524304135E-4
11200 5.97116524304135E-4
11202 5.97116524304135E-4
113235 5.97116524304135E-4
114131 5.97116524304135E-4
114757 5.97116524304135E-4
1285 5.97116524304135E-4
1317 5.97116524304135E-4
133 5.97116524304135E-4
1371 5.97116524304135E-4
1387 5.97116524304135E-4
1399 5.97116524304135E-4
1401 5.97116524304135E-4
140767 5.97116524304135E-4
1501 5.97116524304135E-4
1555 5.97116524304135E-4
1557 5.97116524304135E-4
157310 5.97116524304135E-4
1577 5.97116524304135E-4
1588 5.97116524304135E-4
1636 5.97116524304135E-4
1644 5.97116524304135E-4
1788 5.97116524304135E-4
1832 5.97116524304135E-4
1848 5.97116524304135E-4
1906 5.97116524304135E-4
1910 5.97116524304135E-4
1934 5.97116524304135E-4
1958 5.97116524304135E-4
1977 5.97116524304135E-4
2028 5.97116524304135E-4
2035 5.97116524304135E-4
2052 5.97116524304135E-4
2069 5.97116524304135E-4
2072 5.97116524304135E-4
2098 5.97116524304135E-4
2114 5.97116524304135E-4
218 5.97116524304135E-4
219771 5.97116524304135E-4
221044 5.97116524304135E-4
22801 5.97116524304135E-4
22882 5.97116524304135E-4
23326 5.97116524304135E-4
2348 5.97116524304135E-4
23524 5.97116524304135E-4
23650 5.97116524304135E-4
24 5.97116524304135E-4
2526 5.97116524304135E-4
2547 5.97116524304135E-4
2551 5.97116524304135E-4
25797 5.97116524304135E-4
25804 5.97116524304135E-4
25937 5.97116524304135E-4
2626 5.97116524304135E-4
2662 5.97116524304135E-4
268 5.97116524304135E-4
27040 5.97116524304135E-4
27190 5.97116524304135E-4
2730 5.97116524304135E-4
27303 5.97116524304135E-4
27352 5.97116524304135E-4
2765 5.97116524304135E-4
284 5.97116524304135E-4
285 5.97116524304135E-4
28984 5.97116524304135E-4
290 5.97116524304135E-4
29094 5.97116524304135E-4
2934 5.97116524304135E-4
3046 5.97116524304135E-4
3075 5.97116524304135E-4
3098 5.97116524304135E-4
3145 5.97116524304135E-4
3146 5.97116524304135E-4
3149 5.97116524304135E-4
3202 5.97116524304135E-4
3251 5.97116524304135E-4
3303 5.97116524304135E-4
3304 5.97116524304135E-4
3309 5.97116524304135E-4
3481 5.97116524304135E-4
3484 5.97116524304135E-4
3485 5.97116524304135E-4
3514 5.97116524304135E-4
3574 5.97116524304135E-4
3575 5.97116524304135E-4
3600 5.97116524304135E-4
3611 5.97116524304135E-4
3627 5.97116524304135E-4
3678 5.97116524304135E-4
3685 5.97116524304135E-4
3716 5.97116524304135E-4
3717 5.97116524304135E-4
3725 5.97116524304135E-4
3732 5.97116524304135E-4
3741 5.97116524304135E-4
3852 5.97116524304135E-4
3856 5.97116524304135E-4
3897 5.97116524304135E-4
3921 5.97116524304135E-4
4023 5.97116524304135E-4
4035 5.97116524304135E-4
4045 5.97116524304135E-4
4050 5.97116524304135E-4
406973 5.97116524304135E-4
407029 5.97116524304135E-4
4091 5.97116524304135E-4
4134 5.97116524304135E-4
416 5.97116524304135E-4
4163 5.97116524304135E-4
429 5.97116524304135E-4
4295 5.97116524304135E-4
4319 5.97116524304135E-4
4321 5.97116524304135E-4
4323 5.97116524304135E-4
4342 5.97116524304135E-4
4507 5.97116524304135E-4
4512 5.97116524304135E-4
4548 5.97116524304135E-4
4575 5.97116524304135E-4
4586 5.97116524304135E-4
4684 5.97116524304135E-4
4691 5.97116524304135E-4
4739 5.97116524304135E-4
4828 5.97116524304135E-4
4846 5.97116524304135E-4
4893 5.97116524304135E-4
4948 5.97116524304135E-4
5037 5.97116524304135E-4
5054 5.97116524304135E-4
5087 5.97116524304135E-4
51162 5.97116524304135E-4
5134 5.97116524304135E-4
5159 5.97116524304135E-4
5228 5.97116524304135E-4
5308 5.97116524304135E-4
53342 5.97116524304135E-4
5371 5.97116524304135E-4
5541 5.97116524304135E-4
55536 5.97116524304135E-4
55655 5.97116524304135E-4
5578 5.97116524304135E-4
5592 5.97116524304135E-4
56649 5.97116524304135E-4
567 5.97116524304135E-4
56902 5.97116524304135E-4
5710 5.97116524304135E-4
5725 5.97116524304135E-4
5740 5.97116524304135E-4
5742 5.97116524304135E-4
57498 5.97116524304135E-4
5764 5.97116524304135E-4
5777 5.97116524304135E-4
5786 5.97116524304135E-4
5789 5.97116524304135E-4
5868 5.97116524304135E-4
59272 5.97116524304135E-4
59286 5.97116524304135E-4
5940 5.97116524304135E-4
5981 5.97116524304135E-4
6146 5.97116524304135E-4
6237 5.97116524304135E-4
627 5.97116524304135E-4
6277 5.97116524304135E-4
6279 5.97116524304135E-4
6298 5.97116524304135E-4
6303 5.97116524304135E-4
6347 5.97116524304135E-4
63897 5.97116524304135E-4
63970 5.97116524304135E-4
64105 5.97116524304135E-4
6427 5.97116524304135E-4
6439 5.97116524304135E-4
64395 5.97116524304135E-4
64396 5.97116524304135E-4
6469 5.97116524304135E-4
650 5.97116524304135E-4
6535 5.97116524304135E-4
654 5.97116524304135E-4
6586 5.97116524304135E-4
6597 5.97116524304135E-4
6635 5.97116524304135E-4
664 5.97116524304135E-4
6657 5.97116524304135E-4
6659 5.97116524304135E-4
671 5.97116524304135E-4
6714 5.97116524304135E-4
6752 5.97116524304135E-4
6868 5.97116524304135E-4
6890 5.97116524304135E-4
7012 5.97116524304135E-4
7014 5.97116524304135E-4
7049 5.97116524304135E-4
708 5.97116524304135E-4
7098 5.97116524304135E-4
7145 5.97116524304135E-4
7153 5.97116524304135E-4
7155 5.97116524304135E-4
7173 5.97116524304135E-4
7178 5.97116524304135E-4
7180 5.97116524304135E-4
727738 5.97116524304135E-4
728378 5.97116524304135E-4
729238 5.97116524304135E-4
7391 5.97116524304135E-4
7416 5.97116524304135E-4
7428 5.97116524304135E-4
7518 5.97116524304135E-4
7520 5.97116524304135E-4
767 5.97116524304135E-4
7936 5.97116524304135E-4
8091 5.97116524304135E-4
81037 5.97116524304135E-4
811 5.97116524304135E-4
83540 5.97116524304135E-4
83593 5.97116524304135E-4
83658 5.97116524304135E-4
83666 5.97116524304135E-4
840 5.97116524304135E-4
84260 5.97116524304135E-4
843 5.97116524304135E-4
84549 5.97116524304135E-4
864 5.97116524304135E-4
8655 5.97116524304135E-4
8661 5.97116524304135E-4
8662 5.97116524304135E-4
8737 5.97116524304135E-4
8797 5.97116524304135E-4
8837 5.97116524304135E-4
891 5.97116524304135E-4
8932 5.97116524304135E-4
894 5.97116524304135E-4
89845 5.97116524304135E-4
8996 5.97116524304135E-4
9021 5.97116524304135E-4
9048 5.97116524304135E-4
9131 5.97116524304135E-4
9147 5.97116524304135E-4
92304 5.97116524304135E-4
9353 5.97116524304135E-4
9377 5.97116524304135E-4
947 5.97116524304135E-4
9519 5.97116524304135E-4
9699 5.97116524304135E-4
9770 5.97116524304135E-4
10 2.98558262152068E-4
10013 2.98558262152068E-4
1003 2.98558262152068E-4
100507703 2.98558262152068E-4
100509457 2.98558262152068E-4
100528032 2.98558262152068E-4
10059 2.98558262152068E-4
10063 2.98558262152068E-4
10095 2.98558262152068E-4
10135 2.98558262152068E-4
101929451 2.98558262152068E-4
101929889 2.98558262152068E-4
101930400 2.98558262152068E-4
1020 2.98558262152068E-4
10206 2.98558262152068E-4
10210 2.98558262152068E-4
10217 2.98558262152068E-4
1025 2.98558262152068E-4
10263 2.98558262152068E-4
102775567 2.98558262152068E-4
1028 2.98558262152068E-4
10288 2.98558262152068E-4
10327 2.98558262152068E-4
1033 2.98558262152068E-4
10403 2.98558262152068E-4
10491 2.98558262152068E-4
10518 2.98558262152068E-4
10544 2.98558262152068E-4
10573 2.98558262152068E-4
10587 2.98558262152068E-4
10599 2.98558262152068E-4
10631 2.98558262152068E-4
10644 2.98558262152068E-4
10657 2.98558262152068E-4
10674 2.98558262152068E-4
10747 2.98558262152068E-4
1084 2.98558262152068E-4
1087 2.98558262152068E-4
10874 2.98558262152068E-4
1089 2.98558262152068E-4
10899 2.98558262152068E-4
10902 2.98558262152068E-4
10921 2.98558262152068E-4
10944 2.98558262152068E-4
10982 2.98558262152068E-4
11068 2.98558262152068E-4
11102 2.98558262152068E-4
11116 2.98558262152068E-4
1114 2.98558262152068E-4
11151 2.98558262152068E-4
11187 2.98558262152068E-4
11191 2.98558262152068E-4
112464 2.98558262152068E-4
11275 2.98558262152068E-4
11315 2.98558262152068E-4
11332 2.98558262152068E-4
1138 2.98558262152068E-4
114134 2.98558262152068E-4
115426 2.98558262152068E-4
116285 2.98558262152068E-4
116448 2.98558262152068E-4
116833 2.98558262152068E-4
118611 2.98558262152068E-4
12 2.98558262152068E-4
1209 2.98558262152068E-4
124935 2.98558262152068E-4
128408 2.98558262152068E-4
128602 2.98558262152068E-4
130497 2.98558262152068E-4
1312 2.98558262152068E-4
1316 2.98558262152068E-4
1400 2.98558262152068E-4
140578 2.98558262152068E-4
1464 2.98558262152068E-4
1475 2.98558262152068E-4
1478 2.98558262152068E-4
150165 2.98558262152068E-4
1514 2.98558262152068E-4
1523 2.98558262152068E-4
1525 2.98558262152068E-4
1548 2.98558262152068E-4
157506 2.98558262152068E-4
1578 2.98558262152068E-4
158506 2.98558262152068E-4
1586 2.98558262152068E-4
1602 2.98558262152068E-4
1620 2.98558262152068E-4
1627 2.98558262152068E-4
1646 2.98558262152068E-4
1649 2.98558262152068E-4
1652 2.98558262152068E-4
1718 2.98558262152068E-4
1737 2.98558262152068E-4
1749 2.98558262152068E-4
1755 2.98558262152068E-4
1767 2.98558262152068E-4
1770 2.98558262152068E-4
1803 2.98558262152068E-4
1808 2.98558262152068E-4
181 2.98558262152068E-4
1811 2.98558262152068E-4
1813 2.98558262152068E-4
1815 2.98558262152068E-4
182 2.98558262152068E-4
1834 2.98558262152068E-4
1836 2.98558262152068E-4
1942 2.98558262152068E-4
196528 2.98558262152068E-4
1973 2.98558262152068E-4
199974 2.98558262152068E-4
2010 2.98558262152068E-4
203413 2.98558262152068E-4
2056 2.98558262152068E-4
2066 2.98558262152068E-4
208 2.98558262152068E-4
2118 2.98558262152068E-4
2149 2.98558262152068E-4
2188 2.98558262152068E-4
2189 2.98558262152068E-4
2201 2.98558262152068E-4
2203 2.98558262152068E-4
2246 2.98558262152068E-4
2261 2.98558262152068E-4
2262 2.98558262152068E-4
22859 2.98558262152068E-4
22914 2.98558262152068E-4
22919 2.98558262152068E-4
22920 2.98558262152068E-4
22992 2.98558262152068E-4
23007 2.98558262152068E-4
23013 2.98558262152068E-4
2303 2.98558262152068E-4
23035 2.98558262152068E-4
23209 2.98558262152068E-4
23239 2.98558262152068E-4
23405 2.98558262152068E-4
23406 2.98558262152068E-4
23434 2.98558262152068E-4
2346 2.98558262152068E-4
23544 2.98558262152068E-4
23590 2.98558262152068E-4
23595 2.98558262152068E-4
23600 2.98558262152068E-4
23636 2.98558262152068E-4
23768 2.98558262152068E-4
24137 2.98558262152068E-4
2463 2.98558262152068E-4
246778 2.98558262152068E-4
253260 2.98558262152068E-4
257019 2.98558262152068E-4
25816 2.98558262152068E-4
25824 2.98558262152068E-4
25843 2.98558262152068E-4
25878 2.98558262152068E-4
25913 2.98558262152068E-4
259230 2.98558262152068E-4
259266 2.98558262152068E-4
25942 2.98558262152068E-4
260434 2.98558262152068E-4
26085 2.98558262152068E-4
2624 2.98558262152068E-4
2625 2.98558262152068E-4
26257 2.98558262152068E-4
26512 2.98558262152068E-4
26585 2.98558262152068E-4
267 2.98558262152068E-4
2671 2.98558262152068E-4
2676 2.98558262152068E-4
2678 2.98558262152068E-4
27019 2.98558262152068E-4
27074 2.98558262152068E-4
27086 2.98558262152068E-4
27151 2.98558262152068E-4
27160 2.98558262152068E-4
2731 2.98558262152068E-4
27316 2.98558262152068E-4
27342 2.98558262152068E-4
2735 2.98558262152068E-4
2744 2.98558262152068E-4
28234 2.98558262152068E-4
282618 2.98558262152068E-4
283106 2.98558262152068E-4
284119 2.98558262152068E-4
284348 2.98558262152068E-4
28943 2.98558262152068E-4
28956 2.98558262152068E-4
2904 2.98558262152068E-4
29102 2.98558262152068E-4
29107 2.98558262152068E-4
29110 2.98558262152068E-4
2919 2.98558262152068E-4
2933 2.98558262152068E-4
2954 2.98558262152068E-4
2965 2.98558262152068E-4
29775 2.98558262152068E-4
29851 2.98558262152068E-4
2987 2.98558262152068E-4
29911 2.98558262152068E-4
29991 2.98558262152068E-4
3065 2.98558262152068E-4
3070 2.98558262152068E-4
3084 2.98558262152068E-4
3099 2.98558262152068E-4
3107 2.98558262152068E-4
3117 2.98558262152068E-4
3135 2.98558262152068E-4
3164 2.98558262152068E-4
3170 2.98558262152068E-4
317 2.98558262152068E-4
317782 2.98558262152068E-4
3205 2.98558262152068E-4
326624 2.98558262152068E-4
326625 2.98558262152068E-4
3272 2.98558262152068E-4
3306 2.98558262152068E-4
3371 2.98558262152068E-4
3373 2.98558262152068E-4
338324 2.98558262152068E-4
3417 2.98558262152068E-4
3439 2.98558262152068E-4
3447 2.98558262152068E-4
3456 2.98558262152068E-4
345651 2.98558262152068E-4
3475 2.98558262152068E-4
347735 2.98558262152068E-4
348120 2.98558262152068E-4
3482 2.98558262152068E-4
3489 2.98558262152068E-4
3516 2.98558262152068E-4
352909 2.98558262152068E-4
3551 2.98558262152068E-4
3552 2.98558262152068E-4
3557 2.98558262152068E-4
361 2.98558262152068E-4
362 2.98558262152068E-4
3622 2.98558262152068E-4
3626 2.98558262152068E-4
3661 2.98558262152068E-4
3667 2.98558262152068E-4
3683 2.98558262152068E-4
3690 2.98558262152068E-4
3760 2.98558262152068E-4
3780 2.98558262152068E-4
3796 2.98558262152068E-4
3803 2.98558262152068E-4
3817 2.98558262152068E-4
3827 2.98558262152068E-4
383 2.98558262152068E-4
3835 2.98558262152068E-4
3838 2.98558262152068E-4
3872 2.98558262152068E-4
3887 2.98558262152068E-4
389036 2.98558262152068E-4
390502 2.98558262152068E-4
3934 2.98558262152068E-4
3936 2.98558262152068E-4
3938 2.98558262152068E-4
3948 2.98558262152068E-4
3952 2.98558262152068E-4
3954 2.98558262152068E-4
3990 2.98558262152068E-4
4057 2.98558262152068E-4
406885 2.98558262152068E-4
406892 2.98558262152068E-4
406916 2.98558262152068E-4
406938 2.98558262152068E-4
406962 2.98558262152068E-4
406988 2.98558262152068E-4
406994 2.98558262152068E-4
407 2.98558262152068E-4
4072 2.98558262152068E-4
4085 2.98558262152068E-4
4089 2.98558262152068E-4
4100 2.98558262152068E-4
4102 2.98558262152068E-4
4105 2.98558262152068E-4
4151 2.98558262152068E-4
4170 2.98558262152068E-4
4173 2.98558262152068E-4
4176 2.98558262152068E-4
4199 2.98558262152068E-4
4218 2.98558262152068E-4
4267 2.98558262152068E-4
4297 2.98558262152068E-4
4314 2.98558262152068E-4
4324 2.98558262152068E-4
4331 2.98558262152068E-4
4350 2.98558262152068E-4
43847 2.98558262152068E-4
440915 2.98558262152068E-4
442890 2.98558262152068E-4
442901 2.98558262152068E-4
4580 2.98558262152068E-4
4585 2.98558262152068E-4
4594 2.98558262152068E-4
4601 2.98558262152068E-4
4680 2.98558262152068E-4
468 2.98558262152068E-4
47 2.98558262152068E-4
4706 2.98558262152068E-4
4722 2.98558262152068E-4
4734 2.98558262152068E-4
474259 2.98558262152068E-4
474302 2.98558262152068E-4
4758 2.98558262152068E-4
4771 2.98558262152068E-4
4778 2.98558262152068E-4
4830 2.98558262152068E-4
4914 2.98558262152068E-4
4923 2.98558262152068E-4
4953 2.98558262152068E-4
497258 2.98558262152068E-4
4978 2.98558262152068E-4
4988 2.98558262152068E-4
501 2.98558262152068E-4
5048 2.98558262152068E-4
50486 2.98558262152068E-4
5055 2.98558262152068E-4
50604 2.98558262152068E-4
50616 2.98558262152068E-4
5071 2.98558262152068E-4
5079 2.98558262152068E-4
50861 2.98558262152068E-4
5089 2.98558262152068E-4
5092 2.98558262152068E-4
51008 2.98558262152068E-4
51147 2.98558262152068E-4
51164 2.98558262152068E-4
5120 2.98558262152068E-4
51230 2.98558262152068E-4
51251 2.98558262152068E-4
5130 2.98558262152068E-4
51312 2.98558262152068E-4
51330 2.98558262152068E-4
5154 2.98558262152068E-4
51552 2.98558262152068E-4
51561 2.98558262152068E-4
51567 2.98558262152068E-4
51639 2.98558262152068E-4
5169 2.98558262152068E-4
51720 2.98558262152068E-4
51727 2.98558262152068E-4
5230 2.98558262152068E-4
5313 2.98558262152068E-4
5317 2.98558262152068E-4
5329 2.98558262152068E-4
53335 2.98558262152068E-4
5354 2.98558262152068E-4
538 2.98558262152068E-4
53833 2.98558262152068E-4
54165 2.98558262152068E-4
5430 2.98558262152068E-4
54386 2.98558262152068E-4
54443 2.98558262152068E-4
54498 2.98558262152068E-4
545 2.98558262152068E-4
54538 2.98558262152068E-4
54556 2.98558262152068E-4
54577 2.98558262152068E-4
54600 2.98558262152068E-4
54732 2.98558262152068E-4
54742 2.98558262152068E-4
54760 2.98558262152068E-4
54903 2.98558262152068E-4
54997 2.98558262152068E-4
551 2.98558262152068E-4
5520 2.98558262152068E-4
55233 2.98558262152068E-4
55238 2.98558262152068E-4
55299 2.98558262152068E-4
554213 2.98558262152068E-4
55584 2.98558262152068E-4
55715 2.98558262152068E-4
5573 2.98558262152068E-4
55733 2.98558262152068E-4
55775 2.98558262152068E-4
5579 2.98558262152068E-4
55824 2.98558262152068E-4
5584 2.98558262152068E-4
55885 2.98558262152068E-4
5595 2.98558262152068E-4
55959 2.98558262152068E-4
56005 2.98558262152068E-4
5610 2.98558262152068E-4
56162 2.98558262152068E-4
56259 2.98558262152068E-4
56648 2.98558262152068E-4
5670 2.98558262152068E-4
56994 2.98558262152068E-4
57060 2.98558262152068E-4
57126 2.98558262152068E-4
5727 2.98558262152068E-4
5731 2.98558262152068E-4
5733 2.98558262152068E-4
57402 2.98558262152068E-4
574411 2.98558262152068E-4
57448 2.98558262152068E-4
57515 2.98558262152068E-4
57541 2.98558262152068E-4
57650 2.98558262152068E-4
57805 2.98558262152068E-4
5781 2.98558262152068E-4
5783 2.98558262152068E-4
580 2.98558262152068E-4
58157 2.98558262152068E-4
5824 2.98558262152068E-4
5825 2.98558262152068E-4
5908 2.98558262152068E-4
5956 2.98558262152068E-4
5967 2.98558262152068E-4
5973 2.98558262152068E-4
598 2.98558262152068E-4
5984 2.98558262152068E-4
6023 2.98558262152068E-4
6037 2.98558262152068E-4
6048 2.98558262152068E-4
60502 2.98558262152068E-4
6135 2.98558262152068E-4
6143 2.98558262152068E-4
6175 2.98558262152068E-4
6199 2.98558262152068E-4
624 2.98558262152068E-4
6317 2.98558262152068E-4
6318 2.98558262152068E-4
6352 2.98558262152068E-4
6355 2.98558262152068E-4
6364 2.98558262152068E-4
6367 2.98558262152068E-4
6372 2.98558262152068E-4
6400 2.98558262152068E-4
6406 2.98558262152068E-4
64093 2.98558262152068E-4
6414 2.98558262152068E-4
641455 2.98558262152068E-4
6416 2.98558262152068E-4
641648 2.98558262152068E-4
64210 2.98558262152068E-4
64321 2.98558262152068E-4
64327 2.98558262152068E-4
6441 2.98558262152068E-4
6456 2.98558262152068E-4
6468 2.98558262152068E-4
64881 2.98558262152068E-4
6510 2.98558262152068E-4
6519 2.98558262152068E-4
652 2.98558262152068E-4
6528 2.98558262152068E-4
6531 2.98558262152068E-4
653108 2.98558262152068E-4
653590 2.98558262152068E-4
655 2.98558262152068E-4
6559 2.98558262152068E-4
6608 2.98558262152068E-4
6646 2.98558262152068E-4
6677 2.98558262152068E-4
6687 2.98558262152068E-4
6693 2.98558262152068E-4
6695 2.98558262152068E-4
6700 2.98558262152068E-4
6711 2.98558262152068E-4
6732 2.98558262152068E-4
6733 2.98558262152068E-4
675 2.98558262152068E-4
6762 2.98558262152068E-4
677775 2.98558262152068E-4
6778 2.98558262152068E-4
677823 2.98558262152068E-4
688 2.98558262152068E-4
6892 2.98558262152068E-4
6898 2.98558262152068E-4
6901 2.98558262152068E-4
6916 2.98558262152068E-4
692107 2.98558262152068E-4
692196 2.98558262152068E-4
699 2.98558262152068E-4
7019 2.98558262152068E-4
7043 2.98558262152068E-4
7056 2.98558262152068E-4
7063 2.98558262152068E-4
7083 2.98558262152068E-4
7095 2.98558262152068E-4
71 2.98558262152068E-4
7133 2.98558262152068E-4
72 2.98558262152068E-4
722 2.98558262152068E-4
725 2.98558262152068E-4
7276 2.98558262152068E-4
727897 2.98558262152068E-4
728226 2.98558262152068E-4
728239 2.98558262152068E-4
728441 2.98558262152068E-4
729838 2.98558262152068E-4
7329 2.98558262152068E-4
7341 2.98558262152068E-4
7349 2.98558262152068E-4
7361 2.98558262152068E-4
7386 2.98558262152068E-4
7389 2.98558262152068E-4
7398 2.98558262152068E-4
7412 2.98558262152068E-4
7430 2.98558262152068E-4
7447 2.98558262152068E-4
7448 2.98558262152068E-4
7476 2.98558262152068E-4
7494 2.98558262152068E-4
7534 2.98558262152068E-4
7704 2.98558262152068E-4
7791 2.98558262152068E-4
7874 2.98558262152068E-4
7913 2.98558262152068E-4
79291 2.98558262152068E-4
79594 2.98558262152068E-4
79697 2.98558262152068E-4
79753 2.98558262152068E-4
79947 2.98558262152068E-4
79961 2.98558262152068E-4
79969 2.98558262152068E-4
80013 2.98558262152068E-4
801 2.98558262152068E-4
80198 2.98558262152068E-4
8021 2.98558262152068E-4
8048 2.98558262152068E-4
805 2.98558262152068E-4
808 2.98558262152068E-4
8085 2.98558262152068E-4
813 2.98558262152068E-4
81557 2.98558262152068E-4
81619 2.98558262152068E-4
81631 2.98558262152068E-4
8200 2.98558262152068E-4
8313 2.98558262152068E-4
83756 2.98558262152068E-4
83985 2.98558262152068E-4
8408 2.98558262152068E-4
84168 2.98558262152068E-4
84445 2.98558262152068E-4
84516 2.98558262152068E-4
84565 2.98558262152068E-4
846 2.98558262152068E-4
8487 2.98558262152068E-4
8491 2.98558262152068E-4
84976 2.98558262152068E-4
85021 2.98558262152068E-4
8539 2.98558262152068E-4
85407 2.98558262152068E-4
8543 2.98558262152068E-4
8554 2.98558262152068E-4
8644 2.98558262152068E-4
8660 2.98558262152068E-4
8667 2.98558262152068E-4
867 2.98558262152068E-4
8718 2.98558262152068E-4
8745 2.98558262152068E-4
8754 2.98558262152068E-4
8793 2.98558262152068E-4
8805 2.98558262152068E-4
8844 2.98558262152068E-4
885 2.98558262152068E-4
8856 2.98558262152068E-4
8874 2.98558262152068E-4
8877 2.98558262152068E-4
8878 2.98558262152068E-4
8895 2.98558262152068E-4
8900 2.98558262152068E-4
890 2.98558262152068E-4
8914 2.98558262152068E-4
896 2.98558262152068E-4
89874 2.98558262152068E-4
9020 2.98558262152068E-4
9061 2.98558262152068E-4
90861 2.98558262152068E-4
9101 2.98558262152068E-4
9134 2.98558262152068E-4
914 2.98558262152068E-4
9148 2.98558262152068E-4
9154 2.98558262152068E-4
9169 2.98558262152068E-4
9201 2.98558262152068E-4
92140 2.98558262152068E-4
9219 2.98558262152068E-4
9232 2.98558262152068E-4
9242 2.98558262152068E-4
9254 2.98558262152068E-4
930 2.98558262152068E-4
9351 2.98558262152068E-4
9370 2.98558262152068E-4
9403 2.98558262152068E-4
941 2.98558262152068E-4
94234 2.98558262152068E-4
9431 2.98558262152068E-4
9448 2.98558262152068E-4
9457 2.98558262152068E-4
95 2.98558262152068E-4
9582 2.98558262152068E-4
9595 2.98558262152068E-4
9636 2.98558262152068E-4
9641 2.98558262152068E-4
9730 2.98558262152068E-4
9759 2.98558262152068E-4
9768 2.98558262152068E-4
9820 2.98558262152068E-4
993 2.98558262152068E-4
9968 2.98558262152068E-4
9970 2.98558262152068E-4
9988 2.98558262152068E-4
