3342 0.031050059263815
1956 0.0221850783059727
26121 0.0128380052725389
444 0.00716539829164962
412 0.00507549045658515
7157 0.00447837393228102
3845 0.00401136579760079
8626 0.00311569101114458
4582 0.00281713274899252
8140 0.00281713274899252
8714 0.00251857448684045
6783 0.00208990783506447
1326 0.00208990783506447
595 0.00208990783506447
120892 0.00119423304860827
2395 0.00119423304860827
302 0.00119423304860827
7080 0.00119423304860827
2120 0.00119423304860827
2064 0.00119423304860827
6281 0.00119423304860827
25 8.95674786456203E-4
2122 8.95674786456203E-4
7301 8.95674786456203E-4
3492 8.95674786456203E-4
1351 8.95674786456203E-4
5587 8.95674786456203E-4
4331 8.95674786456203E-4
19 8.95674786456203E-4
8909 8.95674786456203E-4
1236 8.95674786456203E-4
5310 8.95674786456203E-4
962 8.95674786456203E-4
9612 8.95674786456203E-4
3064 8.95674786456203E-4
118460 8.95674786456203E-4
51251 8.95674786456203E-4
23158 5.97116524304135E-4
2678 5.97116524304135E-4
3040 5.97116524304135E-4
238 5.97116524304135E-4
6315 5.97116524304135E-4
7153 5.97116524304135E-4
4297 5.97116524304135E-4
672 5.97116524304135E-4
3265 5.97116524304135E-4
414 5.97116524304135E-4
613 5.97116524304135E-4
3855 5.97116524304135E-4
65211 5.97116524304135E-4
25870 5.97116524304135E-4
367 5.97116524304135E-4
25865 5.97116524304135E-4
675 5.97116524304135E-4
57804 5.97116524304135E-4
29107 5.97116524304135E-4
57126 5.97116524304135E-4
6899 5.97116524304135E-4
56655 5.97116524304135E-4
56652 5.97116524304135E-4
6490 5.97116524304135E-4
7015 5.97116524304135E-4
2272 5.97116524304135E-4
4583 5.97116524304135E-4
8692 5.97116524304135E-4
4586 5.97116524304135E-4
1029 5.97116524304135E-4
54474 5.97116524304135E-4
5311 5.97116524304135E-4
4594 5.97116524304135E-4
93986 5.97116524304135E-4
1030 5.97116524304135E-4
8731 5.97116524304135E-4
10938 5.97116524304135E-4
10923 5.97116524304135E-4
10573 5.97116524304135E-4
5243 5.97116524304135E-4
4547 5.97116524304135E-4
4928 5.97116524304135E-4
4233 5.97116524304135E-4
7270 5.97116524304135E-4
3039 5.97116524304135E-4
7294 5.97116524304135E-4
161003 5.97116524304135E-4
7466 5.97116524304135E-4
79811 5.97116524304135E-4
7012 5.97116524304135E-4
8091 5.97116524304135E-4
9429 5.97116524304135E-4
4486 5.97116524304135E-4
5156 2.98558262152068E-4
57818 2.98558262152068E-4
6022 2.98558262152068E-4
5228 2.98558262152068E-4
5211 2.98558262152068E-4
6010 2.98558262152068E-4
60359 2.98558262152068E-4
604 2.98558262152068E-4
60358 2.98558262152068E-4
5594 2.98558262152068E-4
5962 2.98558262152068E-4
5581 2.98558262152068E-4
5526 2.98558262152068E-4
5627 2.98558262152068E-4
57045 2.98558262152068E-4
55005 2.98558262152068E-4
54904 2.98558262152068E-4
57338 2.98558262152068E-4
5728 2.98558262152068E-4
54165 2.98558262152068E-4
5930 2.98558262152068E-4
5324 2.98558262152068E-4
5314 2.98558262152068E-4
5621 2.98558262152068E-4
6376 2.98558262152068E-4
857 2.98558262152068E-4
83666 2.98558262152068E-4
83593 2.98558262152068E-4
8205 2.98558262152068E-4
8170 2.98558262152068E-4
8131 2.98558262152068E-4
8086 2.98558262152068E-4
79937 2.98558262152068E-4
79791 2.98558262152068E-4
7536 2.98558262152068E-4
8575 2.98558262152068E-4
8643 2.98558262152068E-4
8682 2.98558262152068E-4
9520 2.98558262152068E-4
9377 2.98558262152068E-4
9212 2.98558262152068E-4
9131 2.98558262152068E-4
89795 2.98558262152068E-4
89766 2.98558262152068E-4
896 2.98558262152068E-4
8859 2.98558262152068E-4
8851 2.98558262152068E-4
8718 2.98558262152068E-4
7391 2.98558262152068E-4
729238 2.98558262152068E-4
7178 2.98558262152068E-4
6506 2.98558262152068E-4
650 2.98558262152068E-4
6493 2.98558262152068E-4
6392 2.98558262152068E-4
633 2.98558262152068E-4
6314 2.98558262152068E-4
6311 2.98558262152068E-4
6273 2.98558262152068E-4
6237 2.98558262152068E-4
6101 2.98558262152068E-4
6531 2.98558262152068E-4
6532 2.98558262152068E-4
653509 2.98558262152068E-4
7124 2.98558262152068E-4
706 2.98558262152068E-4
7057 2.98558262152068E-4
7048 2.98558262152068E-4
6928 2.98558262152068E-4
6926 2.98558262152068E-4
6794 2.98558262152068E-4
6786 2.98558262152068E-4
8743 2.98558262152068E-4
665 2.98558262152068E-4
60495 2.98558262152068E-4
2567 2.98558262152068E-4
222068 2.98558262152068E-4
2158 2.98558262152068E-4
2099 2.98558262152068E-4
207 2.98558262152068E-4
2048 2.98558262152068E-4
2019 2.98558262152068E-4
2018 2.98558262152068E-4
1950 2.98558262152068E-4
1859 2.98558262152068E-4
1827 2.98558262152068E-4
1641 2.98558262152068E-4
1588 2.98558262152068E-4
2239 2.98558262152068E-4
22985 2.98558262152068E-4
2562 2.98558262152068E-4
2558 2.98558262152068E-4
253959 2.98558262152068E-4
2520 2.98558262152068E-4
2431 2.98558262152068E-4
100169750 2.98558262152068E-4
2379 2.98558262152068E-4
23635 2.98558262152068E-4
23390 2.98558262152068E-4
23385 2.98558262152068E-4
2312 2.98558262152068E-4
23085 2.98558262152068E-4
154215 2.98558262152068E-4
1525 2.98558262152068E-4
1497 2.98558262152068E-4
10728 2.98558262152068E-4
10625 2.98558262152068E-4
10587 2.98558262152068E-4
10563 2.98558262152068E-4
1056 2.98558262152068E-4
1051 2.98558262152068E-4
10479 2.98558262152068E-4
1045 2.98558262152068E-4
10294 2.98558262152068E-4
1027 2.98558262152068E-4
10200 2.98558262152068E-4
10194 2.98558262152068E-4
1080 2.98558262152068E-4
10972 2.98558262152068E-4
1493 2.98558262152068E-4
146227 2.98558262152068E-4
1387 2.98558262152068E-4
1371 2.98558262152068E-4
132299 2.98558262152068E-4
1312 2.98558262152068E-4
127933 2.98558262152068E-4
118924 2.98558262152068E-4
113451 2.98558262152068E-4
11258 2.98558262152068E-4
10998 2.98558262152068E-4
10982 2.98558262152068E-4
100312950 2.98558262152068E-4
25803 2.98558262152068E-4
51115 2.98558262152068E-4
4291 2.98558262152068E-4
421 2.98558262152068E-4
4070 2.98558262152068E-4
4061 2.98558262152068E-4
4016 2.98558262152068E-4
4015 2.98558262152068E-4
3998 2.98558262152068E-4
3960 2.98558262152068E-4
3949 2.98558262152068E-4
3799 2.98558262152068E-4
368 2.98558262152068E-4
3659 2.98558262152068E-4
30844 2.98558262152068E-4
4359 2.98558262152068E-4
50964 2.98558262152068E-4
50808 2.98558262152068E-4
5069 2.98558262152068E-4
5018 2.98558262152068E-4
4869 2.98558262152068E-4
475 2.98558262152068E-4
4741 2.98558262152068E-4
4613 2.98558262152068E-4
4588 2.98558262152068E-4
4535 2.98558262152068E-4
4488 2.98558262152068E-4
4478 2.98558262152068E-4
362 2.98558262152068E-4
3590 2.98558262152068E-4
354 2.98558262152068E-4
29777 2.98558262152068E-4
2949 2.98558262152068E-4
2947 2.98558262152068E-4
2878 2.98558262152068E-4
2837 2.98558262152068E-4
2821 2.98558262152068E-4
2737 2.98558262152068E-4
2720 2.98558262152068E-4
2719 2.98558262152068E-4
2691 2.98558262152068E-4
26271 2.98558262152068E-4
2617 2.98558262152068E-4
29968 2.98558262152068E-4
3052 2.98558262152068E-4
3456 2.98558262152068E-4
3447 2.98558262152068E-4
3439 2.98558262152068E-4
3360 2.98558262152068E-4
3339 2.98558262152068E-4
326 2.98558262152068E-4
3162 2.98558262152068E-4
3133 2.98558262152068E-4
30846 2.98558262152068E-4
30845 2.98558262152068E-4
3081 2.98558262152068E-4
3077 2.98558262152068E-4
2581 2.98558262152068E-4
