7124 0.595898709721935
3123 0.5
26191 0.46231722378708
1401 0.427222227279654
3572 0.401791349572912
1493 0.38971679557688
23569 0.385095653333797
3569 0.371176377161001
3586 0.358835773290434
3553 0.357067455874045
6775 0.34706189267688
7185 0.338202210529445
6583 0.335216627907925
3606 0.333690793924668
2212 0.330942395925872
3458 0.330314886134275
3663 0.328316745205931
4282 0.326693845505546
7422 0.324476478686062
958 0.32225381305617
6556 0.322085363183641
3557 0.321455203986841
7128 0.320965163695638
861 0.317739747046188
4795 0.315948397473276
5743 0.315055372092023
4313 0.314195389383268
6366 0.314026939510739
4261 0.313562580781263
1235 0.313001156334659
3115 0.312871047945035
640 0.312439731888056
5966 0.311842615363751
1437 0.311511014429103
940 0.309086856254186
177 0.309048514771282
3559 0.308525431807582
3560 0.308094115750602
9370 0.307854281722673
1021 0.30779555748845
79258 0.30779555748845
51744 0.307162748886446
5444 0.307162748886446
3570 0.307032640496822
847 0.306864190624294
3899 0.305539849186061
176 0.305504157108361
5771 0.304942732661757
2023 0.304907040584057
2638 0.304644174399605
3118 0.304345616137453
3798 0.304345616137453
4794 0.304345616137453
5588 0.304345616137453
5788 0.304345616137453
84159 0.304345616137453
8764 0.304309924059753
10678 0.304047057875301
122618 0.304047057875301
306 0.304047057875301
79722 0.304047057875301
6648 0.303748499613149
7297 0.303748499613149
200734 0.303449941350997
3394 0.303449941350997
5453 0.303449941350997
9308 0.303414249273297
6772 0.302388466097217
921 0.302089907835064
117289 0.301194233048608
3654 0.301194233048608
7189 0.301194233048608
2625 0.300895674786456
653361 0.300895674786456
914 0.300895674786456
196 0.300597116524304
240 0.300597116524304
5747 0.300597116524304
6355 0.300597116524304
639 0.300597116524304
1509 0.300298558262152
156 0.300298558262152
160364 0.300298558262152
22806 0.300298558262152
2289 0.300298558262152
2870 0.300298558262152
3059 0.300298558262152
3236 0.300298558262152
3239 0.300298558262152
4353 0.300298558262152
54826 0.300298558262152
54899 0.300298558262152
633 0.300298558262152
81567 0.300298558262152
9355 0.300298558262152
10125 0.3
10586 0.3
1404 0.3
1656 0.3
1776 0.3
1827 0.3
285704 0.3
2920 0.3
3237 0.3
3516 0.3
3934 0.3
4218 0.3
4688 0.3
5341 0.3
55971 0.3
5911 0.3
624 0.3
6372 0.3
7090 0.3
7112 0.3
7980 0.3
800 0.3
81849 0.3
84709 0.3
8604 0.3
916 0.3
2908 0.110839864344194
4323 0.102687024359369
1777 0.100597116524304
7535 0.100597116524304
3119 0.0679016596884598
7133 0.0649647907851885
3126 0.06
8797 0.06
2214 0.0583404341888237
129831 0.0549347202359804
4524 0.049781959708745
4314 0.041616459802742
1421 0.0367226662447043
796 0.0367226662447043
920 0.0320758424398951
7132 0.031802378634628
4312 0.0316749196502079
3133 0.0313486175259671
115352 0.0307052113031471
7099 0.0280565284266827
3605 0.0257677774517975
4580 0.0256760105450778
7157 0.0251323194445891
100507436 0.0250095721657351
5657 0.0246118858860935
3576 0.0245735444031892
8600 0.0239737784736812
471 0.0238153391171268
7298 0.0237796470394264
1810 0.0232875444478613
1234 0.0231494878426258
4153 0.0225166792406212
3565 0.021922212121521
3117 0.0218938811545905
6573 0.0218224969991897
4790 0.0215853123764647
6347 0.020355387250156
2215 0.0199010390366534
7412 0.018898288017096
6288 0.0183395129756962
3552 0.0181737125083719
6891 0.0180739973860406
3383 0.0172753883167118
3600 0.0172753883167118
727 0.0168797643374323
5133 0.0161525394235043
5583 0.0159840895509761
3558 0.0156908300992318
4397 0.0155250296319075
4322 0.0153896224318759
167826 0.0146954401904443
6387 0.0145526718796428
7040 0.0143254977728915
7421 0.0142898056951911
7097 0.0141596973055672
3704 0.0140983236661402
4318 0.0138968311211155
6352 0.0135625807812631
5054 0.0134298229864353
270 0.0131669568019836
5243 0.0130368484123597
2944 0.0130011563346593
6401 0.0127970143844308
4982 0.0123326556549544
6696 0.0121054815482031
114548 0.0118069232860511
4049 0.0118069232860511
2099 0.0115110144291029
4855 0.0112454988394473
22900 0.0112098067617469
6957 0.0112098067617469
2213 0.0109112484995949
4548 0.0106483823151432
4843 0.0106126902374428
8718 0.0105796475649463
10673 0.0104111976924181
10 0.0102784398975903
142 0.0102784398975903
192343 0.0100742979473618
3077 0.0100155737131386
49 0.00985242265101823
4552 0.00971701545098658
1432 0.00951552290596191
3685 0.00938276511113413
3106 0.0092553061267141
925 0.0092553061267141
1116 0.00904851477128168
64127 0.00898979053705854
7538 0.00874995650912962
9536 0.00874995650912962
5981 0.00869123227490647
4846 0.0083926740127544
8836 0.0083926740127544
2952 0.00835698193505402
10563 0.00815283998482548
1280 0.00815283998482548
3356 0.00809411575060234
387082 0.00809411575060234
3107 0.00805842367290195
3566 0.00805842367290195
51561 0.00802273159520157
5265 0.00792831528327805
84447 0.00755572346052135
1586 0.0074969992262982
1723 0.0074969992262982
4316 0.0074969992262982
8914 0.0074969992262982
3135 0.00746130714859782
6890 0.00746130714859782
84868 0.00746130714859782
1435 0.00742561507089744
9235 0.00742561507089744
959 0.00733119875897391
929 0.00729550668127353
4522 0.00719844096414613
52 0.00716539829164962
7431 0.00716539829164962
100132285 0.00716274888644575
100270827 0.00689988270199407
10665 0.00689988270199407
399716 0.00689988270199407
83648 0.00689988270199407
154 0.00686419062429368
1544 0.00686419062429368
29126 0.00686419062429368
54 0.0068284985465933
1392 0.0066983901569694
6287 0.0066983901569694
3127 0.00656828176734549
4544 0.00656563236214162
4792 0.00656563236214162
5328 0.00656563236214162
56244 0.00656563236214162
355 0.00652994028444123
3603 0.00652994028444123
8741 0.00652994028444123
3108 0.00643552397251771
2335 0.00639983189481733
2821 0.00639983189481733
9034 0.00639983189481733
4050 0.00626707409998955
55801 0.00626707409998955
7913 0.00626707409998955
11240 0.00623138202228917
1524 0.00623138202228917
29851 0.00623138202228917
3146 0.00623138202228917
406938 0.00623138202228917
6280 0.00623138202228917
3120 0.00613696571036564
4118 0.00596851583783748
1026 0.0059328237601371
3002 0.0059328237601371
9966 0.0059328237601371
3109 0.00583840744821357
367 0.00583840744821357
149233 0.00580271537051319
960 0.00580271537051319
11167 0.00563426549798503
56729 0.00563426549798503
4210 0.00553984918606151
3627 0.00550415710836112
6520 0.00537404871873722
3604 0.00533570723583296
58191 0.00533570723583296
3105 0.00507549045658515
8163 0.00507549045658515
2100 0.00494273266175737
2950 0.00494273266175737
4321 0.00494273266175737
5891 0.00494273266175737
2353 0.00490704058405699
6279 0.00490704058405699
7098 0.00490704058405699
4695 0.00477693219443308
3562 0.0046441743996053
6584 0.0046441743996053
9020 0.0046441743996053
2833 0.00460848232190492
3725 0.00460848232190492
5008 0.00460848232190492
2837 0.00447837393228102
5594 0.00447837393228102
59271 0.00447837393228102
8170 0.00447837393228102
23274 0.00434561613745324
26762 0.00434561613745324
3111 0.00434561613745324
4277 0.00434561613745324
6649 0.00434561613745324
22861 0.00430992405975285
3091 0.00430992405975285
5293 0.00430992405975285
682 0.00430992405975285
6863 0.00430992405975285
7852 0.00430992405975285
100293534 0.00417981567012895
56246 0.00417981567012895
59067 0.00417981567012895
720 0.00417981567012895
721 0.00417981567012895
151888 0.00404705787530117
1588 0.00404705787530117
1843 0.00404705787530117
2 0.00404705787530117
2356 0.00404705787530117
3122 0.00404705787530117
3267 0.00404705787530117
5241 0.00404705787530117
5468 0.00404705787530117
55937 0.00404705787530117
7126 0.00404705787530117
840 0.00404705787530117
84162 0.00404705787530117
9374 0.00404705787530117
1385 0.00401136579760079
2150 0.00401136579760079
28514 0.00401136579760079
3479 0.00401136579760079
50856 0.00401136579760079
5294 0.00401136579760079
6364 0.00401136579760079
8740 0.00401136579760079
8795 0.00401136579760079
941 0.00401136579760079
30811 0.00388125740797688
50616 0.00388125740797688
10019 0.0037484996131491
10599 0.0037484996131491
1302 0.0037484996131491
135 0.0037484996131491
1789 0.0037484996131491
2108 0.0037484996131491
2113 0.0037484996131491
26147 0.0037484996131491
30009 0.0037484996131491
326 0.0037484996131491
3459 0.0037484996131491
3593 0.0037484996131491
3594 0.0037484996131491
4214 0.0037484996131491
4543 0.0037484996131491
5138 0.0037484996131491
5327 0.0037484996131491
5698 0.0037484996131491
60412 0.0037484996131491
6470 0.0037484996131491
7188 0.0037484996131491
8518 0.0037484996131491
919 0.0037484996131491
11096 0.00371280753544872
1191 0.00371280753544872
2312 0.00371280753544872
348 0.00371280753544872
3481 0.00371280753544872
3574 0.00371280753544872
6376 0.00371280753544872
7057 0.00371280753544872
7341 0.00371280753544872
8837 0.00371280753544872
8838 0.00371280753544872
9507 0.00371280753544872
969 0.00371280753544872
10383 0.00358269914582481
10950 0.00358269914582481
4760 0.00358269914582481
7076 0.00358269914582481
718 0.00358269914582481
10010 0.00344994135099703
100130458 0.00344994135099703
10344 0.00344994135099703
10640 0.00344994135099703
11061 0.00344994135099703
11170 0.00344994135099703
11270 0.00344994135099703
116154 0.00344994135099703
122953 0.00344994135099703
124626 0.00344994135099703
126410 0.00344994135099703
127795 0.00344994135099703
140895 0.00344994135099703
1470 0.00344994135099703
147372 0.00344994135099703
1559 0.00344994135099703
1585 0.00344994135099703
161357 0.00344994135099703
1826 0.00344994135099703
221687 0.00344994135099703
23517 0.00344994135099703
23534 0.00344994135099703
25898 0.00344994135099703
259308 0.00344994135099703
2643 0.00344994135099703
27164 0.00344994135099703
282890 0.00344994135099703
28774 0.00344994135099703
29113 0.00344994135099703
29945 0.00344994135099703
29953 0.00344994135099703
3039 0.00344994135099703
3124 0.00344994135099703
3132 0.00344994135099703
339910 0.00344994135099703
342132 0.00344994135099703
344462 0.00344994135099703
374378 0.00344994135099703
389203 0.00344994135099703
4439 0.00344994135099703
4791 0.00344994135099703
50650 0.00344994135099703
5079 0.00344994135099703
5211 0.00344994135099703
53347 0.00344994135099703
54332 0.00344994135099703
55068 0.00344994135099703
5579 0.00344994135099703
56832 0.00344994135099703
5685 0.00344994135099703
57593 0.00344994135099703
6014 0.00344994135099703
6176 0.00344994135099703
6309 0.00344994135099703
636 0.00344994135099703
643365 0.00344994135099703
647034 0.00344994135099703
65217 0.00344994135099703
6538 0.00344994135099703
7036 0.00344994135099703
7227 0.00344994135099703
724038 0.00344994135099703
727792 0.00344994135099703
728411 0.00344994135099703
7356 0.00344994135099703
7728 0.00344994135099703
7916 0.00344994135099703
80176 0.00344994135099703
80740 0.00344994135099703
80863 0.00344994135099703
8543 0.00344994135099703
89978 0.00344994135099703
901 0.00344994135099703
90355 0.00344994135099703
9047 0.00344994135099703
9231 0.00344994135099703
9378 0.00344994135099703
9444 0.00344994135099703
9683 0.00344994135099703
9899 0.00344994135099703
9935 0.00344994135099703
1513 0.00341424927329665
199 0.00341424927329665
3162 0.00341424927329665
3407 0.00341424927329665
356 0.00341424927329665
3689 0.00341424927329665
50604 0.00341424927329665
5624 0.00341424927329665
6275 0.00341424927329665
6362 0.00341424927329665
6869 0.00341424927329665
7015 0.00341424927329665
80381 0.00341424927329665
8771 0.00341424927329665
9141 0.00341424927329665
1594 0.00328414088367274
2209 0.00328414088367274
3308 0.00328414088367274
4513 0.00328414088367274
9474 0.00328414088367274
11278 0.00311569101114458
115650 0.00311569101114458
1902 0.00311569101114458
1906 0.00311569101114458
1958 0.00311569101114458
1994 0.00311569101114458
2358 0.00311569101114458
26353 0.00311569101114458
27074 0.00311569101114458
3235 0.00311569101114458
3688 0.00311569101114458
3952 0.00311569101114458
4192 0.00311569101114458
4650 0.00311569101114458
5027 0.00311569101114458
5371 0.00311569101114458
59340 0.00311569101114458
608 0.00311569101114458
6348 0.00311569101114458
6441 0.00311569101114458
6647 0.00311569101114458
7072 0.00311569101114458
7078 0.00311569101114458
7515 0.00311569101114458
7919 0.00311569101114458
8454 0.00311569101114458
871 0.00311569101114458
943 0.00311569101114458
9518 0.00311569101114458
2247 0.00298558262152068
27306 0.00298558262152068
3669 0.00298558262152068
50943 0.00298558262152068
6774 0.00298558262152068
10512 0.00281713274899252
10855 0.00281713274899252
10859 0.00281713274899252
1230 0.00281713274899252
1232 0.00281713274899252
1241 0.00281713274899252
1471 0.00281713274899252
155 0.00281713274899252
1901 0.00281713274899252
2034 0.00281713274899252
2064 0.00281713274899252
23566 0.00281713274899252
2990 0.00281713274899252
30008 0.00281713274899252
3491 0.00281713274899252
3672 0.00281713274899252
3836 0.00281713274899252
3965 0.00281713274899252
4055 0.00281713274899252
4193 0.00281713274899252
4609 0.00281713274899252
4689 0.00281713274899252
4879 0.00281713274899252
50615 0.00281713274899252
5321 0.00281713274899252
53340 0.00281713274899252
5590 0.00281713274899252
5609 0.00281713274899252
56413 0.00281713274899252
5742 0.00281713274899252
5925 0.00281713274899252
596 0.00281713274899252
6354 0.00281713274899252
6375 0.00281713274899252
6416 0.00281713274899252
652 0.00281713274899252
653 0.00281713274899252
671 0.00281713274899252
7433 0.00281713274899252
8200 0.00281713274899252
83700 0.00281713274899252
9051 0.00281713274899252
9672 0.00281713274899252
10598 0.00268702435936861
1398 0.00268702435936861
140913 0.00268702435936861
1465 0.00268702435936861
25897 0.00268702435936861
259266 0.00268702435936861
26073 0.00268702435936861
266629 0.00268702435936861
29974 0.00268702435936861
434 0.00268702435936861
443 0.00268702435936861
7965 0.00268702435936861
83853 0.00268702435936861
8792 0.00268702435936861
9402 0.00268702435936861
10746 0.00251857448684045
11009 0.00251857448684045
1113 0.00251857448684045
114614 0.00251857448684045
1268 0.00251857448684045
1269 0.00251857448684045
1356 0.00251857448684045
1667 0.00251857448684045
1668 0.00251857448684045
182 0.00251857448684045
1903 0.00251857448684045
1947 0.00251857448684045
2022 0.00251857448684045
206338 0.00251857448684045
22943 0.00251857448684045
2323 0.00251857448684045
23765 0.00251857448684045
27177 0.00251857448684045
283120 0.00251857448684045
28461 0.00251857448684045
2934 0.00251857448684045
2956 0.00251857448684045
301 0.00251857448684045
3073 0.00251857448684045
3074 0.00251857448684045
3181 0.00251857448684045
3291 0.00251857448684045
332 0.00251857448684045
3676 0.00251857448684045
3709 0.00251857448684045
3802 0.00251857448684045
4035 0.00251857448684045
4036 0.00251857448684045
406921 0.00251857448684045
406947 0.00251857448684045
406950 0.00251857448684045
4286 0.00251857448684045
4739 0.00251857448684045
476 0.00251857448684045
4772 0.00251857448684045
4973 0.00251857448684045
51311 0.00251857448684045
51738 0.00251857448684045
55835 0.00251857448684045
57817 0.00251857448684045
598 0.00251857448684045
6368 0.00251857448684045
63875 0.00251857448684045
6403 0.00251857448684045
64772 0.00251857448684045
660 0.00251857448684045
7018 0.00251857448684045
7045 0.00251857448684045
7177 0.00251857448684045
7178 0.00251857448684045
7220 0.00251857448684045
7224 0.00251857448684045
728 0.00251857448684045
7442 0.00251857448684045
8190 0.00251857448684045
83737 0.00251857448684045
84824 0.00251857448684045
8744 0.00251857448684045
9166 0.00251857448684045
9294 0.00251857448684045
9420 0.00251857448684045
9641 0.00251857448684045
967 0.00251857448684045
140805 0.00238846609721654
1756 0.00238846609721654
23541 0.00238846609721654
27189 0.00238846609721654
3439 0.00238846609721654
3447 0.00238846609721654
3596 0.00238846609721654
4827 0.00238846609721654
7439 0.00238846609721654
10666 0.00208990783506447
133 0.00208990783506447
133482 0.00208990783506447
1791 0.00208990783506447
2048 0.00208990783506447
23158 0.00208990783506447
373156 0.00208990783506447
4043 0.00208990783506447
54474 0.00208990783506447
6622 0.00208990783506447
81539 0.00208990783506447
8743 0.00208990783506447
90865 0.00208990783506447
968 0.00208990783506447
9825 0.00208990783506447
100526842 0.00179134957291241
1311 0.00179134957291241
2354 0.00179134957291241
27087 0.00179134957291241
28639 0.00179134957291241
29760 0.00179134957291241
3075 0.00179134957291241
3125 0.00179134957291241
3329 0.00179134957291241
3726 0.00179134957291241
3727 0.00179134957291241
5319 0.00179134957291241
53342 0.00179134957291241
5617 0.00179134957291241
6139 0.00179134957291241
6737 0.00179134957291241
6822 0.00179134957291241
6976 0.00179134957291241
79612 0.00179134957291241
79841 0.00179134957291241
831 0.00179134957291241
8856 0.00179134957291241
931 0.00179134957291241
10128 0.00149279131076034
10135 0.00149279131076034
101669765 0.00149279131076034
11126 0.00149279131076034
11280 0.00149279131076034
1161 0.00149279131076034
1442 0.00149279131076034
1443 0.00149279131076034
1514 0.00149279131076034
1719 0.00149279131076034
1956 0.00149279131076034
2309 0.00149279131076034
2669 0.00149279131076034
27319 0.00149279131076034
3240 0.00149279131076034
3313 0.00149279131076034
348120 0.00149279131076034
3561 0.00149279131076034
3567 0.00149279131076034
3791 0.00149279131076034
3811 0.00149279131076034
3976 0.00149279131076034
407977 0.00149279131076034
474168 0.00149279131076034
4937 0.00149279131076034
5290 0.00149279131076034
5291 0.00149279131076034
5340 0.00149279131076034
5551 0.00149279131076034
5599 0.00149279131076034
5970 0.00149279131076034
597 0.00149279131076034
64689 0.00149279131076034
65125 0.00149279131076034
6857 0.00149279131076034
6868 0.00149279131076034
7295 0.00149279131076034
7432 0.00149279131076034
79665 0.00149279131076034
811 0.00149279131076034
8651 0.00149279131076034
8742 0.00149279131076034
8788 0.00149279131076034
9021 0.00149279131076034
942 0.00149279131076034
100509457 0.00119423304860827
10068 0.00119423304860827
1009 0.00119423304860827
1029 0.00119423304860827
10318 0.00119423304860827
10482 0.00119423304860827
127385 0.00119423304860827
1378 0.00119423304860827
1380 0.00119423304860827
1636 0.00119423304860827
1666 0.00119423304860827
213 0.00119423304860827
2296 0.00119423304860827
2317 0.00119423304860827
246778 0.00119423304860827
2487 0.00119423304860827
268 0.00119423304860827
27034 0.00119423304860827
2706 0.00119423304860827
27242 0.00119423304860827
284 0.00119423304860827
2946 0.00119423304860827
353144 0.00119423304860827
368 0.00119423304860827
3804 0.00119423304860827
3806 0.00119423304860827
390714 0.00119423304860827
3930 0.00119423304860827
3958 0.00119423304860827
414062 0.00119423304860827
4283 0.00119423304860827
4327 0.00119423304860827
4504 0.00119423304860827
4710 0.00119423304860827
474221 0.00119423304860827
474223 0.00119423304860827
4810 0.00119423304860827
4929 0.00119423304860827
51182 0.00119423304860827
5320 0.00119423304860827
54106 0.00119423304860827
57727 0.00119423304860827
6223 0.00119423304860827
629 0.00119423304860827
6349 0.00119423304860827
6422 0.00119423304860827
6646 0.00119423304860827
7172 0.00119423304860827
841 0.00119423304860827
8615 0.00119423304860827
8874 0.00119423304860827
930 0.00119423304860827
94235 0.00119423304860827
947 0.00119423304860827
9734 0.00119423304860827
100 8.95674786456203E-4
10162 8.95674786456203E-4
10541 8.95674786456203E-4
10724 8.95674786456203E-4
10993 8.95674786456203E-4
11047 8.95674786456203E-4
11093 8.95674786456203E-4
112476 8.95674786456203E-4
112744 8.95674786456203E-4
114609 8.95674786456203E-4
118429 8.95674786456203E-4
1233 8.95674786456203E-4
127617 8.95674786456203E-4
128372 8.95674786456203E-4
146 8.95674786456203E-4
1508 8.95674786456203E-4
1540 8.95674786456203E-4
158506 8.95674786456203E-4
1822 8.95674786456203E-4
1847 8.95674786456203E-4
1934 8.95674786456203E-4
2011 8.95674786456203E-4
2131 8.95674786456203E-4
2149 8.95674786456203E-4
23237 8.95674786456203E-4
23677 8.95674786456203E-4
246 8.95674786456203E-4
25797 8.95674786456203E-4
25819 8.95674786456203E-4
25842 8.95674786456203E-4
25976 8.95674786456203E-4
27190 8.95674786456203E-4
2720 8.95674786456203E-4
27352 8.95674786456203E-4
2744 8.95674786456203E-4
29108 8.95674786456203E-4
2919 8.95674786456203E-4
302 8.95674786456203E-4
324 8.95674786456203E-4
3371 8.95674786456203E-4
3429 8.95674786456203E-4
343406 8.95674786456203E-4
3551 8.95674786456203E-4
3579 8.95674786456203E-4
3587 8.95674786456203E-4
3630 8.95674786456203E-4
3716 8.95674786456203E-4
3820 8.95674786456203E-4
3822 8.95674786456203E-4
391109 8.95674786456203E-4
391110 8.95674786456203E-4
4018 8.95674786456203E-4
4204 8.95674786456203E-4
4254 8.95674786456203E-4
4295 8.95674786456203E-4
4317 8.95674786456203E-4
4482 8.95674786456203E-4
4582 8.95674786456203E-4
472 8.95674786456203E-4
4762 8.95674786456203E-4
50639 8.95674786456203E-4
5071 8.95674786456203E-4
50818 8.95674786456203E-4
51008 8.95674786456203E-4
51119 8.95674786456203E-4
5175 8.95674786456203E-4
5478 8.95674786456203E-4
54808 8.95674786456203E-4
55024 8.95674786456203E-4
5595 8.95674786456203E-4
56005 8.95674786456203E-4
56996 8.95674786456203E-4
57472 8.95674786456203E-4
5781 8.95674786456203E-4
6241 8.95674786456203E-4
6271 8.95674786456203E-4
6285 8.95674786456203E-4
6357 8.95674786456203E-4
643 8.95674786456203E-4
6687 8.95674786456203E-4
7001 8.95674786456203E-4
7077 8.95674786456203E-4
7096 8.95674786456203E-4
7100 8.95674786456203E-4
729230 8.95674786456203E-4
7424 8.95674786456203E-4
79594 8.95674786456203E-4
81442 8.95674786456203E-4
8751 8.95674786456203E-4
8878 8.95674786456203E-4
8988 8.95674786456203E-4
8996 8.95674786456203E-4
923 8.95674786456203E-4
9365 8.95674786456203E-4
9448 8.95674786456203E-4
965 8.95674786456203E-4
100302736 5.97116524304135E-4
100528032 5.97116524304135E-4
1019 5.97116524304135E-4
10203 5.97116524304135E-4
10212 5.97116524304135E-4
10266 5.97116524304135E-4
10380 5.97116524304135E-4
10392 5.97116524304135E-4
10534 5.97116524304135E-4
10625 5.97116524304135E-4
10644 5.97116524304135E-4
10657 5.97116524304135E-4
10663 5.97116524304135E-4
10671 5.97116524304135E-4
10682 5.97116524304135E-4
10730 5.97116524304135E-4
1080 5.97116524304135E-4
10850 5.97116524304135E-4
1103 5.97116524304135E-4
11064 5.97116524304135E-4
1109 5.97116524304135E-4
11135 5.97116524304135E-4
11136 5.97116524304135E-4
1147 5.97116524304135E-4
1154 5.97116524304135E-4
116985 5.97116524304135E-4
117143 5.97116524304135E-4
1211 5.97116524304135E-4
128367 5.97116524304135E-4
1351 5.97116524304135E-4
1371 5.97116524304135E-4
1440 5.97116524304135E-4
146433 5.97116524304135E-4
147719 5.97116524304135E-4
1490 5.97116524304135E-4
151056 5.97116524304135E-4
151516 5.97116524304135E-4
152503 5.97116524304135E-4
1536 5.97116524304135E-4
1555 5.97116524304135E-4
1565 5.97116524304135E-4
1604 5.97116524304135E-4
1628 5.97116524304135E-4
1909 5.97116524304135E-4
1917 5.97116524304135E-4
1950 5.97116524304135E-4
199699 5.97116524304135E-4
1999 5.97116524304135E-4
221044 5.97116524304135E-4
2246 5.97116524304135E-4
22794 5.97116524304135E-4
22883 5.97116524304135E-4
22914 5.97116524304135E-4
2308 5.97116524304135E-4
23152 5.97116524304135E-4
23205 5.97116524304135E-4
2321 5.97116524304135E-4
23308 5.97116524304135E-4
23411 5.97116524304135E-4
2350 5.97116524304135E-4
23586 5.97116524304135E-4
23636 5.97116524304135E-4
250 5.97116524304135E-4
2520 5.97116524304135E-4
25804 5.97116524304135E-4
26033 5.97116524304135E-4
26188 5.97116524304135E-4
26284 5.97116524304135E-4
26614 5.97116524304135E-4
2688 5.97116524304135E-4
27113 5.97116524304135E-4
27165 5.97116524304135E-4
27178 5.97116524304135E-4
27295 5.97116524304135E-4
28 5.97116524304135E-4
28755 5.97116524304135E-4
29094 5.97116524304135E-4
2922 5.97116524304135E-4
2965 5.97116524304135E-4
29843 5.97116524304135E-4
29919 5.97116524304135E-4
29949 5.97116524304135E-4
3001 5.97116524304135E-4
3052 5.97116524304135E-4
3082 5.97116524304135E-4
3266 5.97116524304135E-4
3295 5.97116524304135E-4
3303 5.97116524304135E-4
3304 5.97116524304135E-4
3382 5.97116524304135E-4
342977 5.97116524304135E-4
343169 5.97116524304135E-4
3486 5.97116524304135E-4
353143 5.97116524304135E-4
353376 5.97116524304135E-4
3568 5.97116524304135E-4
3575 5.97116524304135E-4
3577 5.97116524304135E-4
358 5.97116524304135E-4
3589 5.97116524304135E-4
3620 5.97116524304135E-4
3624 5.97116524304135E-4
3683 5.97116524304135E-4
3702 5.97116524304135E-4
3821 5.97116524304135E-4
3824 5.97116524304135E-4
3855 5.97116524304135E-4
387129 5.97116524304135E-4
391112 5.97116524304135E-4
391195 5.97116524304135E-4
3956 5.97116524304135E-4
3957 5.97116524304135E-4
3981 5.97116524304135E-4
401637 5.97116524304135E-4
401993 5.97116524304135E-4
407008 5.97116524304135E-4
4094 5.97116524304135E-4
412 5.97116524304135E-4
4155 5.97116524304135E-4
4179 5.97116524304135E-4
4303 5.97116524304135E-4
4319 5.97116524304135E-4
470 5.97116524304135E-4
4709 5.97116524304135E-4
4713 5.97116524304135E-4
474222 5.97116524304135E-4
4842 5.97116524304135E-4
4878 5.97116524304135E-4
4921 5.97116524304135E-4
4968 5.97116524304135E-4
5047 5.97116524304135E-4
5062 5.97116524304135E-4
51014 5.97116524304135E-4
51094 5.97116524304135E-4
5111 5.97116524304135E-4
51164 5.97116524304135E-4
51517 5.97116524304135E-4
51540 5.97116524304135E-4
51816 5.97116524304135E-4
5209 5.97116524304135E-4
5304 5.97116524304135E-4
54205 5.97116524304135E-4
54210 5.97116524304135E-4
5443 5.97116524304135E-4
54829 5.97116524304135E-4
55065 5.97116524304135E-4
55226 5.97116524304135E-4
55717 5.97116524304135E-4
5669 5.97116524304135E-4
57007 5.97116524304135E-4
5715 5.97116524304135E-4
5728 5.97116524304135E-4
5734 5.97116524304135E-4
57379 5.97116524304135E-4
5741 5.97116524304135E-4
57534 5.97116524304135E-4
57661 5.97116524304135E-4
57823 5.97116524304135E-4
5806 5.97116524304135E-4
5818 5.97116524304135E-4
5920 5.97116524304135E-4
595 5.97116524304135E-4
5967 5.97116524304135E-4
6010 5.97116524304135E-4
6289 5.97116524304135E-4
6290 5.97116524304135E-4
6361 5.97116524304135E-4
6367 5.97116524304135E-4
6395 5.97116524304135E-4
6402 5.97116524304135E-4
64135 5.97116524304135E-4
6504 5.97116524304135E-4
65059 5.97116524304135E-4
6576 5.97116524304135E-4
6580 5.97116524304135E-4
6581 5.97116524304135E-4
6590 5.97116524304135E-4
6624 5.97116524304135E-4
6667 5.97116524304135E-4
673 5.97116524304135E-4
6741 5.97116524304135E-4
6744 5.97116524304135E-4
6749 5.97116524304135E-4
6761 5.97116524304135E-4
6778 5.97116524304135E-4
6870 5.97116524304135E-4
6871 5.97116524304135E-4
6886 5.97116524304135E-4
690 5.97116524304135E-4
6955 5.97116524304135E-4
7056 5.97116524304135E-4
7190 5.97116524304135E-4
7294 5.97116524304135E-4
7332 5.97116524304135E-4
7429 5.97116524304135E-4
7450 5.97116524304135E-4
7534 5.97116524304135E-4
79017 5.97116524304135E-4
79297 5.97116524304135E-4
7936 5.97116524304135E-4
79689 5.97116524304135E-4
7984 5.97116524304135E-4
801 5.97116524304135E-4
80150 5.97116524304135E-4
805 5.97116524304135E-4
808 5.97116524304135E-4
822 5.97116524304135E-4
834 5.97116524304135E-4
836 5.97116524304135E-4
8399 5.97116524304135E-4
8436 5.97116524304135E-4
8772 5.97116524304135E-4
8820 5.97116524304135E-4
8930 5.97116524304135E-4
9103 5.97116524304135E-4
9170 5.97116524304135E-4
9173 5.97116524304135E-4
9377 5.97116524304135E-4
939 5.97116524304135E-4
9508 5.97116524304135E-4
952 5.97116524304135E-4
976 5.97116524304135E-4
9780 5.97116524304135E-4
100187828 2.98558262152068E-4
10046 2.98558262152068E-4
100653366 2.98558262152068E-4
100775105 2.98558262152068E-4
101 2.98558262152068E-4
1012 2.98558262152068E-4
1017 2.98558262152068E-4
1022 2.98558262152068E-4
10288 2.98558262152068E-4
1033 2.98558262152068E-4
10333 2.98558262152068E-4
10407 2.98558262152068E-4
10462 2.98558262152068E-4
10488 2.98558262152068E-4
1051 2.98558262152068E-4
1052 2.98558262152068E-4
10524 2.98558262152068E-4
1056 2.98558262152068E-4
10561 2.98558262152068E-4
10577 2.98558262152068E-4
10803 2.98558262152068E-4
10928 2.98558262152068E-4
10964 2.98558262152068E-4
11024 2.98558262152068E-4
11026 2.98558262152068E-4
11027 2.98558262152068E-4
11097 2.98558262152068E-4
11146 2.98558262152068E-4
11168 2.98558262152068E-4
11173 2.98558262152068E-4
1128 2.98558262152068E-4
114904 2.98558262152068E-4
115727 2.98558262152068E-4
116844 2.98558262152068E-4
119774 2.98558262152068E-4
120227 2.98558262152068E-4
121278 2.98558262152068E-4
1238 2.98558262152068E-4
126014 2.98558262152068E-4
127064 2.98558262152068E-4
128371 2.98558262152068E-4
1315 2.98558262152068E-4
132612 2.98558262152068E-4
1360 2.98558262152068E-4
1399 2.98558262152068E-4
1434 2.98558262152068E-4
144125 2.98558262152068E-4
145624 2.98558262152068E-4
148 2.98558262152068E-4
1506 2.98558262152068E-4
151 2.98558262152068E-4
1523 2.98558262152068E-4
1543 2.98558262152068E-4
1557 2.98558262152068E-4
1647 2.98558262152068E-4
170 2.98558262152068E-4
1717 2.98558262152068E-4
1737 2.98558262152068E-4
174 2.98558262152068E-4
1757 2.98558262152068E-4
1786 2.98558262152068E-4
1890 2.98558262152068E-4
1910 2.98558262152068E-4
1959 2.98558262152068E-4
2010 2.98558262152068E-4
2055 2.98558262152068E-4
2086 2.98558262152068E-4
2146 2.98558262152068E-4
2191 2.98558262152068E-4
2194 2.98558262152068E-4
219790 2.98558262152068E-4
2204 2.98558262152068E-4
222698 2.98558262152068E-4
2244 2.98558262152068E-4
2258 2.98558262152068E-4
2260 2.98558262152068E-4
2273 2.98558262152068E-4
2277 2.98558262152068E-4
23049 2.98558262152068E-4
23090 2.98558262152068E-4
23118 2.98558262152068E-4
2324 2.98558262152068E-4
23438 2.98558262152068E-4
23523 2.98558262152068E-4
23557 2.98558262152068E-4
2357 2.98558262152068E-4
239 2.98558262152068E-4
2548 2.98558262152068E-4
259197 2.98558262152068E-4
259307 2.98558262152068E-4
2597 2.98558262152068E-4
26339 2.98558262152068E-4
2656 2.98558262152068E-4
26768 2.98558262152068E-4
26871 2.98558262152068E-4
27036 2.98558262152068E-4
2717 2.98558262152068E-4
27259 2.98558262152068E-4
28299 2.98558262152068E-4
283 2.98558262152068E-4
28559 2.98558262152068E-4
28567 2.98558262152068E-4
28604 2.98558262152068E-4
28619 2.98558262152068E-4
28620 2.98558262152068E-4
28638 2.98558262152068E-4
28688 2.98558262152068E-4
2885 2.98558262152068E-4
28954 2.98558262152068E-4
29091 2.98558262152068E-4
2947 2.98558262152068E-4
29984 2.98558262152068E-4
3000 2.98558262152068E-4
3029 2.98558262152068E-4
3035 2.98558262152068E-4
3036 2.98558262152068E-4
3043 2.98558262152068E-4
3045 2.98558262152068E-4
3065 2.98558262152068E-4
30818 2.98558262152068E-4
3083 2.98558262152068E-4
30835 2.98558262152068E-4
3128 2.98558262152068E-4
3156 2.98558262152068E-4
3305 2.98558262152068E-4
3306 2.98558262152068E-4
338 2.98558262152068E-4
3381 2.98558262152068E-4
339345 2.98558262152068E-4
3401 2.98558262152068E-4
340348 2.98558262152068E-4
3408 2.98558262152068E-4
3412 2.98558262152068E-4
3430 2.98558262152068E-4
343170 2.98558262152068E-4
3437 2.98558262152068E-4
3456 2.98558262152068E-4
346157 2.98558262152068E-4
3476 2.98558262152068E-4
3487 2.98558262152068E-4
3488 2.98558262152068E-4
3493 2.98558262152068E-4
3519 2.98558262152068E-4
353 2.98558262152068E-4
3554 2.98558262152068E-4
3581 2.98558262152068E-4
3588 2.98558262152068E-4
377677 2.98558262152068E-4
3805 2.98558262152068E-4
3810 2.98558262152068E-4
3816 2.98558262152068E-4
3833 2.98558262152068E-4
384 2.98558262152068E-4
3846 2.98558262152068E-4
3858 2.98558262152068E-4
3895 2.98558262152068E-4
3904 2.98558262152068E-4
391370 2.98558262152068E-4
3931 2.98558262152068E-4
3950 2.98558262152068E-4
4012 2.98558262152068E-4
4045 2.98558262152068E-4
4052 2.98558262152068E-4
406 2.98558262152068E-4
4068 2.98558262152068E-4
4069 2.98558262152068E-4
407006 2.98558262152068E-4
408 2.98558262152068E-4
4150 2.98558262152068E-4
4185 2.98558262152068E-4
4249 2.98558262152068E-4
4320 2.98558262152068E-4
4324 2.98558262152068E-4
4360 2.98558262152068E-4
4361 2.98558262152068E-4
442897 2.98558262152068E-4
445347 2.98558262152068E-4
4535 2.98558262152068E-4
4616 2.98558262152068E-4
4684 2.98558262152068E-4
474196 2.98558262152068E-4
474242 2.98558262152068E-4
4938 2.98558262152068E-4
4953 2.98558262152068E-4
5053 2.98558262152068E-4
5066 2.98558262152068E-4
50941 2.98558262152068E-4
5122 2.98558262152068E-4
51270 2.98558262152068E-4
51284 2.98558262152068E-4
5130 2.98558262152068E-4
51312 2.98558262152068E-4
5141 2.98558262152068E-4
51530 2.98558262152068E-4
5167 2.98558262152068E-4
5168 2.98558262152068E-4
51705 2.98558262152068E-4
51728 2.98558262152068E-4
5309 2.98558262152068E-4
5310 2.98558262152068E-4
5337 2.98558262152068E-4
534 2.98558262152068E-4
538 2.98558262152068E-4
53904 2.98558262152068E-4
54414 2.98558262152068E-4
54472 2.98558262152068E-4
5451 2.98558262152068E-4
54566 2.98558262152068E-4
5471 2.98558262152068E-4
54877 2.98558262152068E-4
55191 2.98558262152068E-4
5542 2.98558262152068E-4
5549 2.98558262152068E-4
55552 2.98558262152068E-4
55599 2.98558262152068E-4
55713 2.98558262152068E-4
55722 2.98558262152068E-4
55829 2.98558262152068E-4
55876 2.98558262152068E-4
5601 2.98558262152068E-4
56172 2.98558262152068E-4
56259 2.98558262152068E-4
5645 2.98558262152068E-4
56681 2.98558262152068E-4
5696 2.98558262152068E-4
57105 2.98558262152068E-4
57152 2.98558262152068E-4
57306 2.98558262152068E-4
5732 2.98558262152068E-4
5744 2.98558262152068E-4
5757 2.98558262152068E-4
58189 2.98558262152068E-4
5894 2.98558262152068E-4
5923 2.98558262152068E-4
6045 2.98558262152068E-4
6191 2.98558262152068E-4
6249 2.98558262152068E-4
6261 2.98558262152068E-4
627 2.98558262152068E-4
6283 2.98558262152068E-4
6291 2.98558262152068E-4
6303 2.98558262152068E-4
632 2.98558262152068E-4
6370 2.98558262152068E-4
6374 2.98558262152068E-4
64100 2.98558262152068E-4
64129 2.98558262152068E-4
64221 2.98558262152068E-4
6423 2.98558262152068E-4
64581 2.98558262152068E-4
6462 2.98558262152068E-4
653423 2.98558262152068E-4
6612 2.98558262152068E-4
6613 2.98558262152068E-4
6654 2.98558262152068E-4
6655 2.98558262152068E-4
6677 2.98558262152068E-4
6722 2.98558262152068E-4
6754 2.98558262152068E-4
6776 2.98558262152068E-4
6777 2.98558262152068E-4
6790 2.98558262152068E-4
680 2.98558262152068E-4
6833 2.98558262152068E-4
6898 2.98558262152068E-4
6902 2.98558262152068E-4
695 2.98558262152068E-4
6956 2.98558262152068E-4
696 2.98558262152068E-4
6965 2.98558262152068E-4
6966 2.98558262152068E-4
6999 2.98558262152068E-4
7013 2.98558262152068E-4
7042 2.98558262152068E-4
7046 2.98558262152068E-4
706 2.98558262152068E-4
7075 2.98558262152068E-4
7141 2.98558262152068E-4
7163 2.98558262152068E-4
7184 2.98558262152068E-4
7200 2.98558262152068E-4
7248 2.98558262152068E-4
728378 2.98558262152068E-4
7296 2.98558262152068E-4
7343 2.98558262152068E-4
7349 2.98558262152068E-4
7351 2.98558262152068E-4
7368 2.98558262152068E-4
7441 2.98558262152068E-4
7461 2.98558262152068E-4
7504 2.98558262152068E-4
7850 2.98558262152068E-4
7857 2.98558262152068E-4
79071 2.98558262152068E-4
7940 2.98558262152068E-4
79576 2.98558262152068E-4
79581 2.98558262152068E-4
79589 2.98558262152068E-4
79679 2.98558262152068E-4
79931 2.98558262152068E-4
79969 2.98558262152068E-4
8021 2.98558262152068E-4
80347 2.98558262152068E-4
80380 2.98558262152068E-4
81469 2.98558262152068E-4
81890 2.98558262152068E-4
83605 2.98558262152068E-4
8398 2.98558262152068E-4
84268 2.98558262152068E-4
843 2.98558262152068E-4
8434 2.98558262152068E-4
84941 2.98558262152068E-4
85320 2.98558262152068E-4
85349 2.98558262152068E-4
8570 2.98558262152068E-4
8692 2.98558262152068E-4
8714 2.98558262152068E-4
8737 2.98558262152068E-4
8784 2.98558262152068E-4
8829 2.98558262152068E-4
8832 2.98558262152068E-4
8869 2.98558262152068E-4
8995 2.98558262152068E-4
9013 2.98558262152068E-4
9014 2.98558262152068E-4
9015 2.98558262152068E-4
9027 2.98558262152068E-4
9097 2.98558262152068E-4
915 2.98558262152068E-4
9191 2.98558262152068E-4
9242 2.98558262152068E-4
9255 2.98558262152068E-4
9260 2.98558262152068E-4
9276 2.98558262152068E-4
9313 2.98558262152068E-4
933 2.98558262152068E-4
9332 2.98558262152068E-4
9372 2.98558262152068E-4
9391 2.98558262152068E-4
94103 2.98558262152068E-4
9415 2.98558262152068E-4
9466 2.98558262152068E-4
9550 2.98558262152068E-4
9596 2.98558262152068E-4
961 2.98558262152068E-4
966 2.98558262152068E-4
970 2.98558262152068E-4
9730 2.98558262152068E-4
9846 2.98558262152068E-4
9894 2.98558262152068E-4
