4852 0.42232519721157
217 0.413438525361032
125 0.410154384477359
6532 0.398043604118748
126 0.366975591634711
4988 0.347934535306813
2555 0.347038860520357
1312 0.343884828026308
1571 0.330847979613949
3356 0.323983788989655
2566 0.310648382315143
1138 0.304942732661757
886 0.304644174399605
1136 0.304345616137453
2626 0.303748499613149
6870 0.303748499613149
5142 0.303449941350997
6622 0.303414249273297
5173 0.302388466097217
5726 0.301194233048608
6869 0.301194233048608
2550 0.300597116524304
4887 0.300597116524304
2678 0.300597116524304
50833 0.300298558262152
6462 0.300298558262152
10243 0.3
23552 0.3
7018 0.3
3972 0.3
2488 0.3
9095 0.3
55213 0.3
1813 0.127133863937122
128 0.107496999226298
1392 0.101791349572912
2030 0.100298558262152
4128 0.0413305614617675
6531 0.0373191956641667
1815 0.0314807882159531
2904 0.0240782053015785
3351 0.0220266389494182
10327 0.0167192626805158
2562 0.0149939984525964
131 0.014231081460968
63876 0.0140983236661402
551 0.0137336800589951
1812 0.0134655150641357
216 0.0130011563346593
2033 0.0128380052725389
4524 0.0118426153637514
124 0.0118426153637514
1814 0.011508365023899
2559 0.0112454988394473
2899 0.0109469405772952
2902 0.0106126902374428
2693 0.0103498240529911
255239 0.0101483315079664
127 0.00988546532351474
7166 0.00898979053705854
1129 0.00895409845935816
121278 0.0083926740127544
2554 0.00809411575060234
2571 0.00809411575060234
3176 0.00779555748845027
887 0.00779555748845027
3553 0.00779555748845027
2004 0.00776251481595376
84650 0.00776251481595376
3350 0.00775986541074989
3552 0.0074969992262982
3557 0.0074969992262982
627 0.00733119875897391
1950 0.00719844096414613
2915 0.00719844096414613
51738 0.00719844096414613
2897 0.00719844096414613
1137 0.00719844096414613
5068 0.00719844096414613
4790 0.00716274888644575
4129 0.00703264049682184
23473 0.00689988270199407
6496 0.00689988270199407
55686 0.00689988270199407
5443 0.00656828176734549
1394 0.00553984918606151
4986 0.00553984918606151
1268 0.00524129092390944
7054 0.00524129092390944
6530 0.00494273266175737
2560 0.00494273266175737
3358 0.00494273266175737
885 0.00494273266175737
2565 0.0046441743996053
410 0.00434561613745324
2572 0.00434561613745324
1393 0.00434561613745324
348 0.00434561613745324
9177 0.00434561613745324
2903 0.00434561613745324
1143 0.00434561613745324
1636 0.00404705787530117
84251 0.00404705787530117
4987 0.00404705787530117
443 0.00404705787530117
2561 0.00404705787530117
6506 0.00404705787530117
1385 0.00404705787530117
2567 0.00404705787530117
4684 0.0037484996131491
4676 0.0037484996131491
27123 0.0037484996131491
4318 0.0037484996131491
3359 0.0037484996131491
3554 0.0037484996131491
374879 0.0037484996131491
367 0.0037484996131491
5593 0.0037484996131491
2918 0.0037484996131491
57001 0.0037484996131491
5308 0.0037484996131491
2736 0.0037484996131491
2778 0.0037484996131491
2169 0.0037484996131491
5002 0.0037484996131491
57453 0.0037484996131491
54970 0.0037484996131491
4915 0.0037484996131491
2587 0.0037484996131491
4842 0.0037484996131491
677833 0.0037484996131491
8644 0.0037484996131491
7124 0.0037484996131491
114879 0.0037484996131491
833 0.0037484996131491
7262 0.0037484996131491
9369 0.0037484996131491
8484 0.0037484996131491
130 0.0037484996131491
7533 0.0037484996131491
1109 0.0037484996131491
10280 0.0037484996131491
814 0.0037484996131491
1012 0.0037484996131491
10846 0.0037484996131491
152330 0.0037484996131491
9061 0.00344994135099703
4647 0.00344994135099703
8654 0.00344994135099703
84570 0.00344994135099703
4747 0.00344994135099703
8646 0.00344994135099703
88 0.00344994135099703
8829 0.00344994135099703
8833 0.00344994135099703
8912 0.00344994135099703
4685 0.00344994135099703
4741 0.00344994135099703
4148 0.00344994135099703
8633 0.00344994135099703
80821 0.00344994135099703
51778 0.00344994135099703
81 0.00344994135099703
81579 0.00344994135099703
51574 0.00344994135099703
5144 0.00344994135099703
817 0.00344994135099703
831 0.00344994135099703
51196 0.00344994135099703
51176 0.00344994135099703
5021 0.00344994135099703
839 0.00344994135099703
84231 0.00344994135099703
84632 0.00344994135099703
8492 0.00344994135099703
8528 0.00344994135099703
8575 0.00344994135099703
5310 0.00344994135099703
4552 0.00344994135099703
392979 0.00344994135099703
9583 0.00344994135099703
9555 0.00344994135099703
40 0.00344994135099703
400110 0.00344994135099703
401152 0.00344994135099703
402117 0.00344994135099703
403225 0.00344994135099703
3912 0.00344994135099703
387707 0.00344994135099703
9637 0.00344994135099703
3673 0.00344994135099703
3689 0.00344994135099703
9871 0.00344994135099703
3751 0.00344994135099703
3756 0.00344994135099703
387496 0.00344994135099703
9855 0.00344994135099703
9788 0.00344994135099703
4036 0.00344994135099703
4085 0.00344994135099703
9521 0.00344994135099703
9255 0.00344994135099703
859 0.00344994135099703
4436 0.00344994135099703
9215 0.00344994135099703
4528 0.00344994135099703
4589 0.00344994135099703
463 0.00344994135099703
4636 0.00344994135099703
4293 0.00344994135099703
4249 0.00344994135099703
4143 0.00344994135099703
9467 0.00344994135099703
9456 0.00344994135099703
9455 0.00344994135099703
9378 0.00344994135099703
4126 0.00344994135099703
93627 0.00344994135099703
9348 0.00344994135099703
92610 0.00344994135099703
4646 0.00344994135099703
57480 0.00344994135099703
58505 0.00344994135099703
58511 0.00344994135099703
5860 0.00344994135099703
5972 0.00344994135099703
5981 0.00344994135099703
6092 0.00344994135099703
6096 0.00344994135099703
7014 0.00344994135099703
5814 0.00344994135099703
5803 0.00344994135099703
5801 0.00344994135099703
57721 0.00344994135099703
5787 0.00344994135099703
5789 0.00344994135099703
5791 0.00344994135099703
5793 0.00344994135099703
5797 0.00344994135099703
5799 0.00344994135099703
58 0.00344994135099703
6119 0.00344994135099703
6164 0.00344994135099703
6755 0.00344994135099703
6647 0.00344994135099703
64579 0.00344994135099703
664 0.00344994135099703
658 0.00344994135099703
6580 0.00344994135099703
64850 0.00344994135099703
6555 0.00344994135099703
645326 0.00344994135099703
6445 0.00344994135099703
63973 0.00344994135099703
624 0.00344994135099703
6263 0.00344994135099703
699 0.00344994135099703
6948 0.00344994135099703
6905 0.00344994135099703
6902 0.00344994135099703
6834 0.00344994135099703
63923 0.00344994135099703
65217 0.00344994135099703
7039 0.00344994135099703
80319 0.00344994135099703
55013 0.00344994135099703
79823 0.00344994135099703
5521 0.00344994135099703
79807 0.00344994135099703
79642 0.00344994135099703
7915 0.00344994135099703
79071 0.00344994135099703
55345 0.00344994135099703
80034 0.00344994135099703
5496 0.00344994135099703
54790 0.00344994135099703
53407 0.00344994135099703
55435 0.00344994135099703
540 0.00344994135099703
80216 0.00344994135099703
54433 0.00344994135099703
80207 0.00344994135099703
54532 0.00344994135099703
5456 0.00344994135099703
783 0.00344994135099703
775 0.00344994135099703
55825 0.00344994135099703
55843 0.00344994135099703
7249 0.00344994135099703
56898 0.00344994135099703
7155 0.00344994135099703
57117 0.00344994135099703
7071 0.00344994135099703
7042 0.00344994135099703
55784 0.00344994135099703
55755 0.00344994135099703
7323 0.00344994135099703
7678 0.00344994135099703
7520 0.00344994135099703
7508 0.00344994135099703
7450 0.00344994135099703
5549 0.00344994135099703
6118 0.00344994135099703
7368 0.00344994135099703
7358 0.00344994135099703
57471 0.00344994135099703
3620 0.00344994135099703
51752 0.00344994135099703
26254 0.00344994135099703
1363 0.00344994135099703
26059 0.00344994135099703
10100 0.00344994135099703
10128 0.00344994135099703
145858 0.00344994135099703
256435 0.00344994135099703
255743 0.00344994135099703
2534 0.00344994135099703
25 0.00344994135099703
1462 0.00344994135099703
23620 0.00344994135099703
150465 0.00344994135099703
150468 0.00344994135099703
150962 0.00344994135099703
151242 0.00344994135099703
26468 0.00344994135099703
133308 0.00344994135099703
2805 0.00344994135099703
1183 0.00344994135099703
1258 0.00344994135099703
2746 0.00344994135099703
1277 0.00344994135099703
1284 0.00344994135099703
2743 0.00344994135099703
27332 0.00344994135099703
27249 0.00344994135099703
27115 0.00344994135099703
27068 0.00344994135099703
171024 0.00344994135099703
1291 0.00344994135099703
27010 0.00344994135099703
133022 0.00344994135099703
26747 0.00344994135099703
23590 0.00344994135099703
23538 0.00344994135099703
154 0.00344994135099703
2289 0.00344994135099703
22871 0.00344994135099703
22837 0.00344994135099703
2250 0.00344994135099703
1719 0.00344994135099703
2201 0.00344994135099703
2199 0.00344994135099703
2184 0.00344994135099703
1739 0.00344994135099703
2139 0.00344994135099703
2099 0.00344994135099703
1742 0.00344994135099703
2072 0.00344994135099703
2028 0.00344994135099703
1758 0.00344994135099703
1780 0.00344994135099703
166929 0.00344994135099703
1645 0.00344994135099703
23498 0.00344994135099703
1794 0.00344994135099703
23405 0.00344994135099703
1601 0.00344994135099703
23345 0.00344994135099703
23335 0.00344994135099703
23303 0.00344994135099703
23301 0.00344994135099703
23294 0.00344994135099703
162073 0.00344994135099703
2322 0.00344994135099703
23085 0.00344994135099703
2303 0.00344994135099703
23026 0.00344994135099703
22990 0.00344994135099703
1630 0.00344994135099703
1834 0.00344994135099703
11093 0.00344994135099703
11122 0.00344994135099703
3033 0.00344994135099703
3000 0.00344994135099703
10635 0.00344994135099703
11124 0.00344994135099703
1123 0.00344994135099703
11249 0.00344994135099703
1128 0.00344994135099703
3579 0.00344994135099703
1062 0.00344994135099703
10618 0.00344994135099703
2954 0.00344994135099703
11281 0.00344994135099703
10692 0.00344994135099703
345193 0.00344994135099703
10815 0.00344994135099703
11095 0.00344994135099703
10912 0.00344994135099703
3131 0.00344994135099703
3159 0.00344994135099703
3096 0.00344994135099703
3181 0.00344994135099703
109 0.00344994135099703
11107 0.00344994135099703
3394 0.00344994135099703
3081 0.00344994135099703
3400 0.00344994135099703
10828 0.00344994135099703
3426 0.00344994135099703
10606 0.00344994135099703
348808 0.00344994135099703
2917 0.00344994135099703
2869 0.00344994135099703
10427 0.00344994135099703
3092 0.00344994135099703
10150 0.00344994135099703
1135 0.00344994135099703
113612 0.00344994135099703
114327 0.00344994135099703
360168 0.00344994135099703
1144 0.00344994135099703
286097 0.00344994135099703
3617 0.00344994135099703
1285 0.00344994135099703
27445 0.00344994135099703
11346 0.00344994135099703
28951 0.00344994135099703
3480 0.00344994135099703
2914 0.00344994135099703
10580 0.00344994135099703
2932 0.00344994135099703
10550 0.00344994135099703
2900 0.00344994135099703
10516 0.00344994135099703
1134 0.00344994135099703
287 0.00344994135099703
10383 0.00328414088367274
55821 0.00328414088367274
4760 0.00328414088367274
4929 0.00311569101114458
8170 0.00298558262152068
2837 0.00298558262152068
1622 0.00281713274899252
2936 0.00251857448684045
146 0.00208990783506447
5617 0.00208990783506447
6999 0.00208990783506447
55511 0.00179134957291241
55885 0.00179134957291241
1621 0.00179134957291241
7200 0.00149279131076034
51324 0.00149279131076034
2688 0.00119423304860827
27319 0.00119423304860827
1791 0.00119423304860827
4985 0.00119423304860827
144125 0.00119423304860827
4878 8.95674786456203E-4
667 8.95674786456203E-4
3918 8.95674786456203E-4
3586 8.95674786456203E-4
51083 8.95674786456203E-4
1437 8.95674786456203E-4
2752 8.95674786456203E-4
56925 8.95674786456203E-4
56144 8.95674786456203E-4
6947 8.95674786456203E-4
56117 8.95674786456203E-4
83853 5.97116524304135E-4
729838 5.97116524304135E-4
728441 5.97116524304135E-4
6667 5.97116524304135E-4
6658 5.97116524304135E-4
728226 5.97116524304135E-4
8910 5.97116524304135E-4
718 5.97116524304135E-4
114787 5.97116524304135E-4
6571 5.97116524304135E-4
9674 5.97116524304135E-4
8777 5.97116524304135E-4
79570 5.97116524304135E-4
84708 5.97116524304135E-4
1373 5.97116524304135E-4
150 5.97116524304135E-4
8030 5.97116524304135E-4
6863 5.97116524304135E-4
847 5.97116524304135E-4
9474 5.97116524304135E-4
80896 5.97116524304135E-4
9531 5.97116524304135E-4
1523 5.97116524304135E-4
6625 5.97116524304135E-4
28 5.97116524304135E-4
2316 5.97116524304135E-4
347735 5.97116524304135E-4
340075 5.97116524304135E-4
5727 5.97116524304135E-4
5669 5.97116524304135E-4
23596 5.97116524304135E-4
427 5.97116524304135E-4
2523 5.97116524304135E-4
434 5.97116524304135E-4
3064 5.97116524304135E-4
29974 5.97116524304135E-4
2996 5.97116524304135E-4
259266 5.97116524304135E-4
2994 5.97116524304135E-4
2993 5.97116524304135E-4
3630 5.97116524304135E-4
275 5.97116524304135E-4
5979 5.97116524304135E-4
353 5.97116524304135E-4
1934 5.97116524304135E-4
27034 5.97116524304135E-4
2098 5.97116524304135E-4
2158 5.97116524304135E-4
199699 5.97116524304135E-4
3569 5.97116524304135E-4
4397 5.97116524304135E-4
653590 5.97116524304135E-4
4886 2.98558262152068E-4
9709 2.98558262152068E-4
3726 2.98558262152068E-4
10287 2.98558262152068E-4
4898 2.98558262152068E-4
1121 2.98558262152068E-4
3727 2.98558262152068E-4
958 2.98558262152068E-4
4922 2.98558262152068E-4
8718 2.98558262152068E-4
8731 2.98558262152068E-4
11255 2.98558262152068E-4
85439 2.98558262152068E-4
4846 2.98558262152068E-4
4835 2.98558262152068E-4
286187 2.98558262152068E-4
7965 2.98558262152068E-4
84668 2.98558262152068E-4
4803 2.98558262152068E-4
2944 2.98558262152068E-4
4889 2.98558262152068E-4
3725 2.98558262152068E-4
2952 2.98558262152068E-4
10170 2.98558262152068E-4
113201 2.98558262152068E-4
10420 2.98558262152068E-4
9152 2.98558262152068E-4
107 2.98558262152068E-4
3983 2.98558262152068E-4
387357 2.98558262152068E-4
3957 2.98558262152068E-4
3956 2.98558262152068E-4
3949 2.98558262152068E-4
3565 2.98558262152068E-4
10598 2.98558262152068E-4
3516 2.98558262152068E-4
9402 2.98558262152068E-4
9097 2.98558262152068E-4
401024 2.98558262152068E-4
9037 2.98558262152068E-4
8811 2.98558262152068E-4
4233 2.98558262152068E-4
3106 2.98558262152068E-4
11024 2.98558262152068E-4
11019 2.98558262152068E-4
8863 2.98558262152068E-4
3122 2.98558262152068E-4
3576 2.98558262152068E-4
8874 2.98558262152068E-4
3339 2.98558262152068E-4
3381 2.98558262152068E-4
10564 2.98558262152068E-4
2784 2.98558262152068E-4
6536 2.98558262152068E-4
22894 2.98558262152068E-4
163 2.98558262152068E-4
7021 2.98558262152068E-4
23081 2.98558262152068E-4
7052 2.98558262152068E-4
23237 2.98558262152068E-4
2335 2.98558262152068E-4
7086 2.98558262152068E-4
1553 2.98558262152068E-4
1548 2.98558262152068E-4
154215 2.98558262152068E-4
23469 2.98558262152068E-4
23493 2.98558262152068E-4
57412 2.98558262152068E-4
1644 2.98558262152068E-4
5992 2.98558262152068E-4
183 2.98558262152068E-4
1786 2.98558262152068E-4
1839 2.98558262152068E-4
1850 2.98558262152068E-4
189 2.98558262152068E-4
1756 2.98558262152068E-4
1910 2.98558262152068E-4
6715 2.98558262152068E-4
1728 2.98558262152068E-4
619501 2.98558262152068E-4
611 2.98558262152068E-4
168400 2.98558262152068E-4
5999 2.98558262152068E-4
222 2.98558262152068E-4
57306 2.98558262152068E-4
2353 2.98558262152068E-4
2596 2.98558262152068E-4
25976 2.98558262152068E-4
79811 2.98558262152068E-4
26073 2.98558262152068E-4
26245 2.98558262152068E-4
26503 2.98558262152068E-4
5368 2.98558262152068E-4
5295 2.98558262152068E-4
80731 2.98558262152068E-4
5265 2.98558262152068E-4
27255 2.98558262152068E-4
51194 2.98558262152068E-4
1269 2.98558262152068E-4
51008 2.98558262152068E-4
1398 2.98558262152068E-4
796 2.98558262152068E-4
2354 2.98558262152068E-4
5673 2.98558262152068E-4
5641 2.98558262152068E-4
7439 2.98558262152068E-4
5594 2.98558262152068E-4
7518 2.98558262152068E-4
238 2.98558262152068E-4
2570 2.98558262152068E-4
1444 2.98558262152068E-4
7803 2.98558262152068E-4
257144 2.98558262152068E-4
79068 2.98558262152068E-4
25897 2.98558262152068E-4
1432 2.98558262152068E-4
81890 2.98558262152068E-4
