2261 0.339674619088887
7157 0.24
5728 0.107032640496822
2944 0.104183219234317
10 0.0997048453020365
2952 0.0913452139617786
7515 0.0877625148159538
2068 0.0868668400294976
2950 0.0659802017259235
7517 0.0593788772860815
9 0.0449819953577892
7508 0.0430248453175525
4524 0.0421291705310963
1543 0.040934937482488
4968 0.0400392626960318
328 0.0362907630828827
7124 0.0349307295669502
1728 0.0299879969051928
6817 0.0284952055944325
2073 0.0278980890701283
1544 0.0259409390298916
595 0.0257751385625673
1029 0.0252777371605945
4193 0.0236852307275029
2067 0.0227895559410467
1571 0.0221924394167425
4548 0.0221924394167425
1956 0.0213964797526176
2074 0.0212967646302863
4683 0.0209982063681343
1565 0.0196381728522017
3569 0.0190410563278976
79612 0.0188091705155803
81539 0.0188091705155803
4312 0.0184439398035934
7422 0.0184108971310969
7040 0.0181453815414414
7518 0.0181453815414414
5743 0.0179795810741171
2072 0.0178468232792893
3553 0.0178468232792893
3557 0.0175482650171372
6648 0.0175482650171372
2876 0.0155911149769005
1545 0.0152925567147485
4436 0.0146954401904443
8626 0.0146954401904443
999 0.0146954401904443
3265 0.01452963972312
4255 0.0143968819282923
4790 0.0143968819282923
841 0.0143968819282923
2956 0.0140983236661402
4353 0.0140983236661402
5887 0.0140983236661402
7516 0.0140983236661402
7520 0.0140983236661402
4318 0.0139325231988159
7015 0.0128710479450354
3576 0.0127382901502076
5111 0.0124397318880556
3458 0.0118426153637514
3565 0.0115440571015994
5423 0.0115440571015994
2064 0.0113782566342751
1312 0.0112454988394473
355 0.0112454988394473
3586 0.0112454988394473
4314 0.0112454988394473
4843 0.0112454988394473
7364 0.0112454988394473
1026 0.0109469405772952
2052 0.0109469405772952
4292 0.0109469405772952
5591 0.0109469405772952
7298 0.0109469405772952
1576 0.0106483823151432
196 0.0106483823151432
2947 0.0106483823151432
4552 0.0106483823151432
472 0.0106483823151432
5888 0.0106483823151432
338 0.0103498240529911
3978 0.0103498240529911
5424 0.0103498240529911
7507 0.0103498240529911
8000 0.00988546532351474
1950 0.00958690706136267
4313 0.00928834879921061
6790 0.00869123227490647
7248 0.00865818960240996
4609 0.0083926740127544
7046 0.0083926740127544
8797 0.0083926740127544
27306 0.00835963134025789
1019 0.00809411575060234
142 0.00809411575060234
3558 0.00809411575060234
5468 0.00809411575060234
10550 0.00779555748845027
3845 0.00779555748845027
672 0.00779555748845027
1557 0.0074969992262982
4317 0.0074969992262982
4321 0.0074969992262982
7099 0.0074969992262982
842 0.0074969992262982
8644 0.0074969992262982
126 0.00719844096414613
1559 0.00719844096414613
2175 0.00719844096414613
356 0.00719844096414613
405 0.00719844096414613
6573 0.00719844096414613
7097 0.00719844096414613
7421 0.00719844096414613
902 0.00719844096414613
9628 0.00719844096414613
10039 0.00689988270199407
1071 0.00689988270199407
143 0.00689988270199407
1491 0.00689988270199407
1581 0.00689988270199407
1813 0.00689988270199407
2053 0.00689988270199407
2071 0.00689988270199407
2524 0.00689988270199407
3552 0.00689988270199407
3566 0.00689988270199407
3592 0.00689988270199407
3980 0.00689988270199407
4437 0.00689988270199407
4595 0.00689988270199407
5378 0.00689988270199407
5395 0.00689988270199407
54657 0.00689988270199407
5893 0.00689988270199407
5896 0.00689988270199407
59348 0.00689988270199407
641 0.00689988270199407
64241 0.00689988270199407
6470 0.00689988270199407
675 0.00689988270199407
6799 0.00689988270199407
83990 0.00689988270199407
875 0.00689988270199407
283120 0.00583840744821357
207 0.00553984918606151
367 0.00553984918606151
5243 0.00553984918606151
6462 0.00553984918606151
864 0.00524129092390944
324 0.00494273266175737
7361 0.00494273266175737
80781 0.00494273266175737
1027 0.0046441743996053
3481 0.0046441743996053
3486 0.0046441743996053
6347 0.0046441743996053
836 0.0046441743996053
1906 0.00434561613745324
397 0.00434561613745324
5347 0.00434561613745324
6556 0.00434561613745324
799 0.00434561613745324
896 0.00434561613745324
133482 0.00417981567012895
373156 0.00417981567012895
1028 0.00404705787530117
11200 0.00404705787530117
2100 0.00404705787530117
23541 0.00404705787530117
2778 0.00404705787530117
2954 0.00404705787530117
3162 0.00404705787530117
317 0.00404705787530117
4316 0.00404705787530117
4361 0.00404705787530117
5742 0.00404705787530117
729230 0.00404705787530117
8202 0.00404705787530117
846 0.00404705787530117
898 0.00404705787530117
9518 0.00404705787530117
10011 0.0037484996131491
10327 0.0037484996131491
10460 0.0037484996131491
1109 0.0037484996131491
11218 0.0037484996131491
1234 0.0037484996131491
1436 0.0037484996131491
1437 0.0037484996131491
1440 0.0037484996131491
1499 0.0037484996131491
1719 0.0037484996131491
19 0.0037484996131491
2353 0.0037484996131491
23600 0.0037484996131491
2547 0.0037484996131491
2638 0.0037484996131491
2938 0.0037484996131491
29986 0.0037484996131491
3283 0.0037484996131491
3284 0.0037484996131491
3295 0.0037484996131491
3383 0.0037484996131491
3479 0.0037484996131491
3485 0.0037484996131491
3570 0.0037484996131491
3596 0.0037484996131491
3952 0.0037484996131491
3953 0.0037484996131491
4049 0.0037484996131491
4233 0.0037484996131491
4846 0.0037484996131491
5245 0.0037484996131491
5328 0.0037484996131491
5444 0.0037484996131491
54577 0.0037484996131491
55294 0.0037484996131491
581 0.0037484996131491
598 0.0037484996131491
5981 0.0037484996131491
5997 0.0037484996131491
6352 0.0037484996131491
64127 0.0037484996131491
6647 0.0037484996131491
6794 0.0037484996131491
7014 0.0037484996131491
727897 0.0037484996131491
7965 0.0037484996131491
8490 0.0037484996131491
857 0.0037484996131491
8658 0.0037484996131491
920 0.0037484996131491
9403 0.0037484996131491
941 0.0037484996131491
942 0.0037484996131491
9540 0.0037484996131491
54474 0.00358269914582481
10000 0.00344994135099703
10101 0.00344994135099703
10111 0.00344994135099703
1020 0.00344994135099703
1021 0.00344994135099703
1022 0.00344994135099703
10257 0.00344994135099703
10318 0.00344994135099703
10347 0.00344994135099703
10587 0.00344994135099703
10714 0.00344994135099703
10721 0.00344994135099703
10797 0.00344994135099703
1081 0.00344994135099703
10840 0.00344994135099703
10848 0.00344994135099703
10849 0.00344994135099703
1111 0.00344994135099703
11201 0.00344994135099703
112483 0.00344994135099703
1136 0.00344994135099703
114614 0.00344994135099703
1161 0.00344994135099703
1232 0.00344994135099703
1244 0.00344994135099703
130540 0.00344994135099703
1378 0.00344994135099703
1401 0.00344994135099703
1477 0.00344994135099703
1493 0.00344994135099703
1508 0.00344994135099703
1512 0.00344994135099703
151393 0.00344994135099703
1524 0.00344994135099703
1535 0.00344994135099703
1536 0.00344994135099703
1548 0.00344994135099703
1551 0.00344994135099703
1553 0.00344994135099703
1577 0.00344994135099703
1586 0.00344994135099703
1588 0.00344994135099703
1591 0.00344994135099703
160140 0.00344994135099703
161882 0.00344994135099703
1636 0.00344994135099703
1643 0.00344994135099703
1733 0.00344994135099703
1812 0.00344994135099703
1815 0.00344994135099703
1949 0.00344994135099703
202052 0.00344994135099703
2022 0.00344994135099703
2099 0.00344994135099703
210 0.00344994135099703
217 0.00344994135099703
2176 0.00344994135099703
2177 0.00344994135099703
2189 0.00344994135099703
2212 0.00344994135099703
2296 0.00344994135099703
23460 0.00344994135099703
23461 0.00344994135099703
23649 0.00344994135099703
23783 0.00344994135099703
239 0.00344994135099703
240 0.00344994135099703
246 0.00344994135099703
2529 0.00344994135099703
255239 0.00344994135099703
25802 0.00344994135099703
25913 0.00344994135099703
25984 0.00344994135099703
2625 0.00344994135099703
26353 0.00344994135099703
26575 0.00344994135099703
2690 0.00344994135099703
27030 0.00344994135099703
27294 0.00344994135099703
27343 0.00344994135099703
27434 0.00344994135099703
2784 0.00344994135099703
2877 0.00344994135099703
2878 0.00344994135099703
2879 0.00344994135099703
2925 0.00344994135099703
2932 0.00344994135099703
2941 0.00344994135099703
29935 0.00344994135099703
3014 0.00344994135099703
3030 0.00344994135099703
3075 0.00344994135099703
3077 0.00344994135099703
3156 0.00344994135099703
319089 0.00344994135099703
329 0.00344994135099703
3292 0.00344994135099703
3294 0.00344994135099703
330 0.00344994135099703
3351 0.00344994135099703
3352 0.00344994135099703
336 0.00344994135099703
3364 0.00344994135099703
337 0.00344994135099703
3429 0.00344994135099703
3455 0.00344994135099703
3459 0.00344994135099703
3460 0.00344994135099703
3480 0.00344994135099703
348 0.00344994135099703
3482 0.00344994135099703
3484 0.00344994135099703
3488 0.00344994135099703
3489 0.00344994135099703
348932 0.00344994135099703
3554 0.00344994135099703
3562 0.00344994135099703
3575 0.00344994135099703
3577 0.00344994135099703
3581 0.00344994135099703
3587 0.00344994135099703
3593 0.00344994135099703
3600 0.00344994135099703
3601 0.00344994135099703
3643 0.00344994135099703
3659 0.00344994135099703
3661 0.00344994135099703
3667 0.00344994135099703
3718 0.00344994135099703
376267 0.00344994135099703
3931 0.00344994135099703
3949 0.00344994135099703
3981 0.00344994135099703
3990 0.00344994135099703
399717 0.00344994135099703
4005 0.00344994135099703
4023 0.00344994135099703
4040 0.00344994135099703
4041 0.00344994135099703
4043 0.00344994135099703
4128 0.00344994135099703
4153 0.00344994135099703
421 0.00344994135099703
4232 0.00344994135099703
4234 0.00344994135099703
4350 0.00344994135099703
4481 0.00344994135099703
4599 0.00344994135099703
4605 0.00344994135099703
4644 0.00344994135099703
4688 0.00344994135099703
4735 0.00344994135099703
4794 0.00344994135099703
4814 0.00344994135099703
482 0.00344994135099703
4835 0.00344994135099703
4863 0.00344994135099703
4948 0.00344994135099703
4985 0.00344994135099703
4988 0.00344994135099703
5027 0.00344994135099703
51179 0.00344994135099703
51214 0.00344994135099703
51426 0.00344994135099703
5167 0.00344994135099703
5241 0.00344994135099703
5292 0.00344994135099703
5300 0.00344994135099703
5320 0.00344994135099703
5425 0.00344994135099703
5426 0.00344994135099703
5427 0.00344994135099703
5428 0.00344994135099703
5429 0.00344994135099703
5430 0.00344994135099703
5431 0.00344994135099703
5432 0.00344994135099703
5433 0.00344994135099703
5434 0.00344994135099703
5435 0.00344994135099703
5437 0.00344994135099703
5439 0.00344994135099703
5440 0.00344994135099703
5442 0.00344994135099703
55135 0.00344994135099703
55662 0.00344994135099703
55892 0.00344994135099703
5648 0.00344994135099703
56924 0.00344994135099703
5741 0.00344994135099703
57491 0.00344994135099703
57644 0.00344994135099703
57705 0.00344994135099703
57758 0.00344994135099703
578 0.00344994135099703
580 0.00344994135099703
58488 0.00344994135099703
5879 0.00344994135099703
5889 0.00344994135099703
5892 0.00344994135099703
5979 0.00344994135099703
5980 0.00344994135099703
5982 0.00344994135099703
5983 0.00344994135099703
5984 0.00344994135099703
5985 0.00344994135099703
6009 0.00344994135099703
6041 0.00344994135099703
6098 0.00344994135099703
6117 0.00344994135099703
6118 0.00344994135099703
6119 0.00344994135099703
613 0.00344994135099703
6256 0.00344994135099703
6257 0.00344994135099703
635 0.00344994135099703
6401 0.00344994135099703
6414 0.00344994135099703
6441 0.00344994135099703
6504 0.00344994135099703
6513 0.00344994135099703
6517 0.00344994135099703
6522 0.00344994135099703
6531 0.00344994135099703
6608 0.00344994135099703
6649 0.00344994135099703
671 0.00344994135099703
6753 0.00344994135099703
6772 0.00344994135099703
6988 0.00344994135099703
6996 0.00344994135099703
7011 0.00344994135099703
7013 0.00344994135099703
7031 0.00344994135099703
7033 0.00344994135099703
7037 0.00344994135099703
7051 0.00344994135099703
706 0.00344994135099703
7132 0.00344994135099703
7249 0.00344994135099703
7251 0.00344994135099703
7299 0.00344994135099703
7352 0.00344994135099703
7374 0.00344994135099703
7412 0.00344994135099703
7430 0.00344994135099703
7486 0.00344994135099703
7494 0.00344994135099703
7504 0.00344994135099703
7773 0.00344994135099703
7779 0.00344994135099703
7782 0.00344994135099703
80347 0.00344994135099703
80776 0.00344994135099703
81037 0.00344994135099703
8313 0.00344994135099703
8324 0.00344994135099703
8398 0.00344994135099703
84276 0.00344994135099703
843 0.00344994135099703
8435 0.00344994135099703
8438 0.00344994135099703
847 0.00344994135099703
85004 0.00344994135099703
8643 0.00344994135099703
8647 0.00344994135099703
8660 0.00344994135099703
873 0.00344994135099703
874 0.00344994135099703
8836 0.00344994135099703
886 0.00344994135099703
890 0.00344994135099703
8930 0.00344994135099703
8932 0.00344994135099703
90324 0.00344994135099703
90634 0.00344994135099703
9156 0.00344994135099703
9252 0.00344994135099703
929 0.00344994135099703
9401 0.00344994135099703
9420 0.00344994135099703
949 0.00344994135099703
9516 0.00344994135099703
9526 0.00344994135099703
9559 0.00344994135099703
958 0.00344994135099703
975 0.00344994135099703
9782 0.00344994135099703
9821 0.00344994135099703
993 0.00344994135099703
994 0.00344994135099703
995 0.00344994135099703
9962 0.00344994135099703
9963 0.00344994135099703
9971 0.00344994135099703
10991 0.00328414088367274
145389 0.00328414088367274
1982 0.00328414088367274
3342 0.00328414088367274
3702 0.00328414088367274
6530 0.00328414088367274
6581 0.00328414088367274
11186 0.00298558262152068
2837 0.00298558262152068
8170 0.00298558262152068
1017 0.00268702435936861
2934 0.00268702435936861
5290 0.00268702435936861
2247 0.00238846609721654
2263 0.00238846609721654
331 0.00238846609721654
1620 0.00208990783506447
2146 0.00208990783506447
26 0.00208990783506447
5291 0.00208990783506447
5293 0.00208990783506447
5294 0.00208990783506447
6046 0.00208990783506447
7379 0.00208990783506447
960 0.00208990783506447
1030 0.00179134957291241
1191 0.00179134957291241
1871 0.00179134957291241
3373 0.00179134957291241
7852 0.00179134957291241
8743 0.00179134957291241
8996 0.00179134957291241
23158 0.00149279131076034
2946 0.00149279131076034
3126 0.00149279131076034
4513 0.00149279131076034
4893 0.00149279131076034
6275 0.00149279131076034
6677 0.00149279131076034
10923 0.00119423304860827
1429 0.00119423304860827
1612 0.00119423304860827
1890 0.00119423304860827
2260 0.00119423304860827
2272 0.00119423304860827
3375 0.00119423304860827
3732 0.00119423304860827
4192 0.00119423304860827
4360 0.00119423304860827
4589 0.00119423304860827
4641 0.00119423304860827
4741 0.00119423304860827
5053 0.00119423304860827
54658 0.00119423304860827
5624 0.00119423304860827
57045 0.00119423304860827
57534 0.00119423304860827
5925 0.00119423304860827
594 0.00119423304860827
596 0.00119423304860827
6080 0.00119423304860827
652995 0.00119423304860827
7161 0.00119423304860827
7291 0.00119423304860827
7424 0.00119423304860827
83478 0.00119423304860827
9111 0.00119423304860827
94081 0.00119423304860827
10573 8.95674786456203E-4
10904 8.95674786456203E-4
11197 8.95674786456203E-4
11232 8.95674786456203E-4
118429 8.95674786456203E-4
1351 8.95674786456203E-4
1371 8.95674786456203E-4
1525 8.95674786456203E-4
1869 8.95674786456203E-4
1910 8.95674786456203E-4
1995 8.95674786456203E-4
22795 8.95674786456203E-4
2335 8.95674786456203E-4
2475 8.95674786456203E-4
248 8.95674786456203E-4
2706 8.95674786456203E-4
27319 8.95674786456203E-4
28 8.95674786456203E-4
29107 8.95674786456203E-4
3036 8.95674786456203E-4
3439 8.95674786456203E-4
3447 8.95674786456203E-4
3611 8.95674786456203E-4
4288 8.95674786456203E-4
4582 8.95674786456203E-4
4869 8.95674786456203E-4
51343 8.95674786456203E-4
5371 8.95674786456203E-4
5594 8.95674786456203E-4
5646 8.95674786456203E-4
58476 8.95674786456203E-4
5915 8.95674786456203E-4
6298 8.95674786456203E-4
6422 8.95674786456203E-4
6535 8.95674786456203E-4
6563 8.95674786456203E-4
6678 8.95674786456203E-4
7376 8.95674786456203E-4
7431 8.95674786456203E-4
7913 8.95674786456203E-4
7936 8.95674786456203E-4
811 8.95674786456203E-4
84061 8.95674786456203E-4
8846 8.95674786456203E-4
8988 8.95674786456203E-4
9377 8.95674786456203E-4
9607 8.95674786456203E-4
961 8.95674786456203E-4
9699 8.95674786456203E-4
100133941 5.97116524304135E-4
100527963 5.97116524304135E-4
101243544 5.97116524304135E-4
10161 5.97116524304135E-4
10206 5.97116524304135E-4
10383 5.97116524304135E-4
10551 5.97116524304135E-4
10664 5.97116524304135E-4
10735 5.97116524304135E-4
1082 5.97116524304135E-4
10855 5.97116524304135E-4
10928 5.97116524304135E-4
10970 5.97116524304135E-4
11034 5.97116524304135E-4
11178 5.97116524304135E-4
11243 5.97116524304135E-4
1164 5.97116524304135E-4
117193 5.97116524304135E-4
128368 5.97116524304135E-4
128869 5.97116524304135E-4
133 5.97116524304135E-4
1432 5.97116524304135E-4
1509 5.97116524304135E-4
1555 5.97116524304135E-4
1580 5.97116524304135E-4
1630 5.97116524304135E-4
1755 5.97116524304135E-4
1763 5.97116524304135E-4
1786 5.97116524304135E-4
1909 5.97116524304135E-4
2017 5.97116524304135E-4
2033 5.97116524304135E-4
2065 5.97116524304135E-4
2066 5.97116524304135E-4
2194 5.97116524304135E-4
2248 5.97116524304135E-4
2249 5.97116524304135E-4
23221 5.97116524304135E-4
23671 5.97116524304135E-4
23705 5.97116524304135E-4
2597 5.97116524304135E-4
26471 5.97116524304135E-4
267004 5.97116524304135E-4
27122 5.97116524304135E-4
2720 5.97116524304135E-4
29126 5.97116524304135E-4
29914 5.97116524304135E-4
301 5.97116524304135E-4
3082 5.97116524304135E-4
3091 5.97116524304135E-4
3133 5.97116524304135E-4
3205 5.97116524304135E-4
3250 5.97116524304135E-4
3303 5.97116524304135E-4
3304 5.97116524304135E-4
3306 5.97116524304135E-4
3315 5.97116524304135E-4
3316 5.97116524304135E-4
3381 5.97116524304135E-4
339345 5.97116524304135E-4
378938 5.97116524304135E-4
3852 5.97116524304135E-4
406958 5.97116524304135E-4
406986 5.97116524304135E-4
407 5.97116524304135E-4
4282 5.97116524304135E-4
4477 5.97116524304135E-4
4485 5.97116524304135E-4
4504 5.97116524304135E-4
4597 5.97116524304135E-4
4760 5.97116524304135E-4
4771 5.97116524304135E-4
4837 5.97116524304135E-4
4860 5.97116524304135E-4
5018 5.97116524304135E-4
5080 5.97116524304135E-4
51364 5.97116524304135E-4
51393 5.97116524304135E-4
51741 5.97116524304135E-4
5308 5.97116524304135E-4
5327 5.97116524304135E-4
5340 5.97116524304135E-4
54578 5.97116524304135E-4
54739 5.97116524304135E-4
55635 5.97116524304135E-4
5573 5.97116524304135E-4
5604 5.97116524304135E-4
56413 5.97116524304135E-4
5657 5.97116524304135E-4
57007 5.97116524304135E-4
5747 5.97116524304135E-4
59345 5.97116524304135E-4
6093 5.97116524304135E-4
6121 5.97116524304135E-4
6233 5.97116524304135E-4
6240 5.97116524304135E-4
6279 5.97116524304135E-4
6280 5.97116524304135E-4
6387 5.97116524304135E-4
653108 5.97116524304135E-4
6624 5.97116524304135E-4
6659 5.97116524304135E-4
6687 5.97116524304135E-4
6690 5.97116524304135E-4
6916 5.97116524304135E-4
7001 5.97116524304135E-4
7063 5.97116524304135E-4
7078 5.97116524304135E-4
7096 5.97116524304135E-4
7173 5.97116524304135E-4
7316 5.97116524304135E-4
7334 5.97116524304135E-4
7405 5.97116524304135E-4
7584 5.97116524304135E-4
768 5.97116524304135E-4
7870 5.97116524304135E-4
8061 5.97116524304135E-4
84000 5.97116524304135E-4
8434 5.97116524304135E-4
85021 5.97116524304135E-4
8856 5.97116524304135E-4
89782 5.97116524304135E-4
93659 5.97116524304135E-4
94027 5.97116524304135E-4
94115 5.97116524304135E-4
959 5.97116524304135E-4
9970 5.97116524304135E-4
10007 2.98558262152068E-4
100187907 2.98558262152068E-4
100271694 2.98558262152068E-4
100310786 2.98558262152068E-4
10058 2.98558262152068E-4
100856809 2.98558262152068E-4
101 2.98558262152068E-4
10170 2.98558262152068E-4
10212 2.98558262152068E-4
10249 2.98558262152068E-4
10263 2.98558262152068E-4
10392 2.98558262152068E-4
1048 2.98558262152068E-4
10563 2.98558262152068E-4
10628 2.98558262152068E-4
1068 2.98558262152068E-4
10682 2.98558262152068E-4
1075 2.98558262152068E-4
10765 2.98558262152068E-4
1084 2.98558262152068E-4
1087 2.98558262152068E-4
10874 2.98558262152068E-4
11019 2.98558262152068E-4
11082 2.98558262152068E-4
11102 2.98558262152068E-4
11162 2.98558262152068E-4
1154 2.98558262152068E-4
119391 2.98558262152068E-4
121642 2.98558262152068E-4
123 2.98558262152068E-4
127617 2.98558262152068E-4
1302 2.98558262152068E-4
1433 2.98558262152068E-4
144195 2.98558262152068E-4
144811 2.98558262152068E-4
1462 2.98558262152068E-4
1495 2.98558262152068E-4
1510 2.98558262152068E-4
152503 2.98558262152068E-4
1574 2.98558262152068E-4
1594 2.98558262152068E-4
161835 2.98558262152068E-4
1678 2.98558262152068E-4
185 2.98558262152068E-4
1942 2.98558262152068E-4
1958 2.98558262152068E-4
1969 2.98558262152068E-4
1978 2.98558262152068E-4
2048 2.98558262152068E-4
2114 2.98558262152068E-4
2167 2.98558262152068E-4
2185 2.98558262152068E-4
220 2.98558262152068E-4
221120 2.98558262152068E-4
2246 2.98558262152068E-4
2271 2.98558262152068E-4
2277 2.98558262152068E-4
23013 2.98558262152068E-4
2309 2.98558262152068E-4
2316 2.98558262152068E-4
23424 2.98558262152068E-4
2354 2.98558262152068E-4
2358 2.98558262152068E-4
25805 2.98558262152068E-4
266790 2.98558262152068E-4
2694 2.98558262152068E-4
27190 2.98558262152068E-4
27250 2.98558262152068E-4
2735 2.98558262152068E-4
2810 2.98558262152068E-4
2821 2.98558262152068E-4
282616 2.98558262152068E-4
28956 2.98558262152068E-4
2896 2.98558262152068E-4
28982 2.98558262152068E-4
2908 2.98558262152068E-4
29843 2.98558262152068E-4
2990 2.98558262152068E-4
31 2.98558262152068E-4
3106 2.98558262152068E-4
3111 2.98558262152068E-4
3115 2.98558262152068E-4
3119 2.98558262152068E-4
3159 2.98558262152068E-4
3160 2.98558262152068E-4
3172 2.98558262152068E-4
3198 2.98558262152068E-4
3212 2.98558262152068E-4
3215 2.98558262152068E-4
3236 2.98558262152068E-4
3320 2.98558262152068E-4
3398 2.98558262152068E-4
3400 2.98558262152068E-4
3454 2.98558262152068E-4
3456 2.98558262152068E-4
3490 2.98558262152068E-4
3567 2.98558262152068E-4
3670 2.98558262152068E-4
3725 2.98558262152068E-4
3726 2.98558262152068E-4
3727 2.98558262152068E-4
373159 2.98558262152068E-4
375056 2.98558262152068E-4
3814 2.98558262152068E-4
3838 2.98558262152068E-4
3872 2.98558262152068E-4
3880 2.98558262152068E-4
390756 2.98558262152068E-4
390916 2.98558262152068E-4
3918 2.98558262152068E-4
3956 2.98558262152068E-4
3963 2.98558262152068E-4
4015 2.98558262152068E-4
4016 2.98558262152068E-4
406935 2.98558262152068E-4
406971 2.98558262152068E-4
407011 2.98558262152068E-4
4102 2.98558262152068E-4
4105 2.98558262152068E-4
4142 2.98558262152068E-4
4174 2.98558262152068E-4
4176 2.98558262152068E-4
4194 2.98558262152068E-4
4217 2.98558262152068E-4
4306 2.98558262152068E-4
4397 2.98558262152068E-4
4440 2.98558262152068E-4
4493 2.98558262152068E-4
450093 2.98558262152068E-4
4519 2.98558262152068E-4
4583 2.98558262152068E-4
467 2.98558262152068E-4
4698 2.98558262152068E-4
4830 2.98558262152068E-4
4904 2.98558262152068E-4
4907 2.98558262152068E-4
4978 2.98558262152068E-4
5036 2.98558262152068E-4
50604 2.98558262152068E-4
50628 2.98558262152068E-4
51150 2.98558262152068E-4
51203 2.98558262152068E-4
51547 2.98558262152068E-4
5156 2.98558262152068E-4
51639 2.98558262152068E-4
54 2.98558262152068E-4
54567 2.98558262152068E-4
5458 2.98558262152068E-4
5460 2.98558262152068E-4
54901 2.98558262152068E-4
5499 2.98558262152068E-4
55120 2.98558262152068E-4
55384 2.98558262152068E-4
5539 2.98558262152068E-4
554213 2.98558262152068E-4
558 2.98558262152068E-4
55818 2.98558262152068E-4
5598 2.98558262152068E-4
56259 2.98558262152068E-4
5654 2.98558262152068E-4
56655 2.98558262152068E-4
5670 2.98558262152068E-4
57026 2.98558262152068E-4
57186 2.98558262152068E-4
5727 2.98558262152068E-4
57410 2.98558262152068E-4
57804 2.98558262152068E-4
5829 2.98558262152068E-4
5873 2.98558262152068E-4
5894 2.98558262152068E-4
59351 2.98558262152068E-4
5987 2.98558262152068E-4
6012 2.98558262152068E-4
6051 2.98558262152068E-4
6102 2.98558262152068E-4
6198 2.98558262152068E-4
6239 2.98558262152068E-4
6241 2.98558262152068E-4
6282 2.98558262152068E-4
6319 2.98558262152068E-4
634 2.98558262152068E-4
6382 2.98558262152068E-4
6395 2.98558262152068E-4
64089 2.98558262152068E-4
6452 2.98558262152068E-4
6482 2.98558262152068E-4
6502 2.98558262152068E-4
6515 2.98558262152068E-4
653499 2.98558262152068E-4
6576 2.98558262152068E-4
664 2.98558262152068E-4
6774 2.98558262152068E-4
693167 2.98558262152068E-4
6935 2.98558262152068E-4
7055 2.98558262152068E-4
7077 2.98558262152068E-4
7150 2.98558262152068E-4
7153 2.98558262152068E-4
7186 2.98558262152068E-4
7204 2.98558262152068E-4
7272 2.98558262152068E-4
7294 2.98558262152068E-4
7403 2.98558262152068E-4
7428 2.98558262152068E-4
7442 2.98558262152068E-4
7710 2.98558262152068E-4
7743 2.98558262152068E-4
8038 2.98558262152068E-4
8045 2.98558262152068E-4
80856 2.98558262152068E-4
81470 2.98558262152068E-4
81793 2.98558262152068E-4
8201 2.98558262152068E-4
8289 2.98558262152068E-4
8320 2.98558262152068E-4
8322 2.98558262152068E-4
84171 2.98558262152068E-4
8452 2.98558262152068E-4
84557 2.98558262152068E-4
84628 2.98558262152068E-4
8651 2.98558262152068E-4
8767 2.98558262152068E-4
8837 2.98558262152068E-4
8848 2.98558262152068E-4
8900 2.98558262152068E-4
9022 2.98558262152068E-4
9055 2.98558262152068E-4
9126 2.98558262152068E-4
9138 2.98558262152068E-4
9219 2.98558262152068E-4
9332 2.98558262152068E-4
9360 2.98558262152068E-4
939 2.98558262152068E-4
9429 2.98558262152068E-4
9519 2.98558262152068E-4
9585 2.98558262152068E-4
9638 2.98558262152068E-4
9759 2.98558262152068E-4
9978 2.98558262152068E-4
