672 0.54
675 0.54
5888 0.395525029631907
4683 0.388956747864562
83990 0.347038860520357
207 0.314927913107603
2064 0.24
7157 0.24
5290 0.194310193957873
5728 0.149792557329561
580 0.149758927552222
2099 0.14
5241 0.125548885668944
472 0.124485181060658
11200 0.116424107982552
857 0.114629354845451
367 0.113384292958267
595 0.109105349270649
2263 0.107765918380142
1588 0.105078894020774
1565 0.10448177749647
2944 0.104183219234317
1312 0.103884660972165
5243 0.103586102710013
274 0.100597116524304
3479 0.100347444545908
2950 0.100301961826341
4524 0.100301961826341
1543 0.0994062870398844
1586 0.0994062870398844
1545 0.0967192626805158
2952 0.0967192626805158
7515 0.0961221461562117
1956 0.0944994135099703
7422 0.0932817613765894
7421 0.0929165306646026
6817 0.0904495391753224
10 0.0904495391753224
2068 0.0904495391753224
7040 0.0901509809131703
7517 0.0898524226510182
6648 0.0847769321944331
3569 0.0776239739498541
4193 0.0752355078526376
2100 0.0743067903936849
7124 0.0737427165418772
79728 0.0731125573450766
5743 0.070658005902867
4214 0.0652172847342951
1576 0.0623644599076022
27324 0.0623644599076022
841 0.061767343383298
7298 0.0601087516052134
4046 0.0587817607617773
3292 0.0562274941972365
1577 0.0518818780597833
1029 0.0505885169936855
7516 0.0502232862816986
1728 0.0499247280195466
2072 0.0484319367087862
3586 0.0473704614550058
6790 0.0457118696769211
4846 0.0455791118820933
3553 0.0452805536199413
1026 0.0439205201040087
1544 0.0433234035797046
3486 0.042991802645056
4968 0.040934937482488
4548 0.0389777874422513
1950 0.0375186259088293
4049 0.0368878796071869
9 0.0368878796071869
4582 0.0346658010821364
54658 0.034035054780494
8202 0.033968969435501
7508 0.0334379382561898
1559 0.0331393799940378
2073 0.0331393799940378
1636 0.0329735795267135
1027 0.0323764630024093
4313 0.0322106625350851
1557 0.0320779047402573
10111 0.0319451469454295
960 0.0315144179932914
6581 0.0313486175259671
7248 0.0313486175259671
3576 0.0311491872813046
11186 0.0311161446088081
3702 0.031050059263815
4353 0.0305851134294969
3953 0.0304193129621727
5111 0.0303532276171796
847 0.0299879969051928
2938 0.0293908803808887
3981 0.0293908803808887
5054 0.0285949207167637
999 0.0285949207167637
4609 0.0285618780442672
5294 0.0285288353717707
5291 0.0279317188474666
7153 0.027666203257811
3458 0.027433730340652
196 0.0272679298733277
4552 0.0271351720784999
3630 0.0267374857988583
4312 0.0266708133490236
2876 0.0265380555541958
126 0.0262394972920437
1555 0.0259078963573951
6462 0.0259078963573951
5617 0.0257090532175743
5893 0.0256423807677396
1111 0.0254765803004153
4318 0.0245478628414626
5293 0.0244817774964695
7046 0.024282347251807
328 0.0239837889896549
3552 0.0233866724653508
6387 0.0233536297928543
4292 0.0226237554737224
1583 0.0221924394167425
4361 0.0221924394167425
545 0.0221924394167425
6716 0.0221924394167425
3690 0.0218938811545905
3091 0.021860838482094
7015 0.021860838482094
355 0.0217280806872662
3952 0.0215292375474454
2153 0.0212967646302863
5889 0.021130964162962
3342 0.0208990783506447
2956 0.0205338476386579
5925 0.0205008049661614
4436 0.0203680471713336
3880 0.0203019618263406
4314 0.0196381728522017
3480 0.0194393297123809
6786 0.0194062870398844
7518 0.0193396145900496
3557 0.0193396145900496
5468 0.0193065719175531
7852 0.0192735292450566
2264 0.0191738141227253
8205 0.0191077287777323
2177 0.0190410563278976
2547 0.0187424980657455
142 0.0180792961964483
2688 0.0179795810741171
1594 0.0179134957291241
2147 0.0178468232792893
7520 0.0178468232792893
898 0.0173824645498129
2067 0.0173824645498129
5890 0.0170839062876609
23158 0.0170178209426679
596 0.0166195475581845
4316 0.0161882315012047
6783 0.0158896732390526
3667 0.0157238727717283
2176 0.0155911149769005
356 0.0155911149769005
2837 0.0155250296319075
8170 0.0155250296319075
5618 0.0154253145095762
5591 0.0152925567147485
4830 0.0152925567147485
3791 0.0151267562474242
2175 0.0149939984525964
6494 0.0149939984525964
2625 0.0149609557800999
185 0.0148281979852721
8856 0.0148281979852721
7486 0.0146954401904443
9497 0.0146954401904443
2052 0.0146954401904443
2784 0.0146954401904443
3123 0.0146954401904443
4790 0.0144965970506235
217 0.0143968819282923
6470 0.0143968819282923
1017 0.014231081460968
324 0.0141980387884715
2074 0.0140983236661402
2879 0.0140983236661402
1493 0.0139325231988159
51343 0.0138994805263194
8743 0.0138994805263194
2178 0.0137997654039881
354 0.0137667227314916
6696 0.013435121796843
571 0.0133354066745118
641 0.0133354066745118
100133941 0.013136563534691
2691 0.0130368484123597
3488 0.0130368484123597
4255 0.0130368484123597
5245 0.0130368484123597
6750 0.0130368484123597
6774 0.0130038057398632
412 0.0128710479450354
283120 0.0127382901502076
3077 0.0127382901502076
5444 0.0127382901502076
894 0.0127382901502076
2194 0.0127052474777111
116833 0.0125394470103868
133482 0.0125394470103868
373156 0.0125394470103868
4194 0.0122739314207313
348 0.0121411736259035
5892 0.0121411736259035
9612 0.0121411736259035
3265 0.012108130953407
9429 0.0119423304860827
59348 0.0118426153637514
6647 0.0118426153637514
6752 0.0118426153637514
7295 0.0118426153637514
7296 0.0118426153637514
125 0.0118426153637514
1571 0.0118426153637514
2739 0.0118426153637514
3484 0.0118426153637514
4862 0.0118426153637514
4437 0.0116768148964271
7161 0.0116768148964271
51720 0.0115440571015994
5423 0.0115440571015994
7014 0.0115440571015994
1647 0.0115440571015994
1789 0.0115440571015994
25913 0.0115440571015994
3119 0.0115440571015994
2272 0.0113452139617786
2188 0.0112454988394473
3294 0.0112454988394473
3485 0.0112454988394473
3973 0.0112454988394473
5469 0.0112454988394473
643714 0.0112454988394473
7507 0.0112454988394473
3481 0.0110466556996265
1032 0.0109469405772952
10587 0.0109469405772952
2033 0.0109469405772952
2947 0.0109469405772952
3565 0.0109469405772952
3673 0.0109469405772952
7013 0.0109469405772952
7272 0.0109469405772952
8658 0.0109469405772952
5594 0.0109138979047987
23541 0.0107480974374744
2189 0.0106483823151432
252983 0.0106483823151432
25828 0.0106483823151432
3106 0.0106483823151432
4522 0.0106483823151432
4537 0.0106483823151432
51738 0.0106483823151432
5424 0.0106483823151432
7504 0.0104825818478189
79612 0.0104495391753224
81539 0.0104495391753224
3084 0.0104495391753224
152110 0.0103498240529911
2071 0.0103498240529911
2692 0.0103498240529911
3978 0.0103498240529911
6502 0.0101840235856668
8648 0.0101840235856668
27306 0.0101509809131703
80781 0.00988546532351474
6528 0.00985242265101823
3725 0.00971966485619045
1019 0.00958690706136267
7078 0.00958690706136267
5340 0.00955386438886617
4513 0.00955386438886617
25 0.00928834879921061
4322 0.00928834879921061
5347 0.00928834879921061
7077 0.00928834879921061
5624 0.0092553061267141
1509 0.0092553061267141
7291 0.00912254833188632
8660 0.00898979053705854
3014 0.00898979053705854
4060 0.00898979053705854
1048 0.00895674786456203
1154 0.00895674786456203
2146 0.00895674786456203
3164 0.00895674786456203
5328 0.00895674786456203
5744 0.00895674786456203
64979 0.00895674786456203
3169 0.00882399006973425
3320 0.00882399006973425
1719 0.00869123227490647
9232 0.00869123227490647
2260 0.00852543180758218
3558 0.00852543180758218
1499 0.0083926740127544
1755 0.0083926740127544
31 0.0083926740127544
3162 0.0083926740127544
5981 0.0083926740127544
6715 0.0083926740127544
4760 0.00835963134025789
3727 0.00822687354543012
1030 0.00809411575060234
2690 0.00809411575060234
2693 0.00809411575060234
4835 0.00809411575060234
7465 0.00809411575060234
843 0.00809411575060234
896 0.00809411575060234
9635 0.00809411575060234
983 0.00809411575060234
55655 0.00806107307810583
50943 0.00792831528327805
51478 0.00792831528327805
1786 0.00792831528327805
2946 0.00792831528327805
3643 0.00792831528327805
1021 0.00779555748845027
10498 0.00779555748845027
10891 0.00779555748845027
1244 0.00779555748845027
1454 0.00779555748845027
154 0.00779555748845027
2187 0.00779555748845027
2932 0.00779555748845027
5740 0.00779555748845027
637 0.00779555748845027
8313 0.00779555748845027
8314 0.00779555748845027
65211 0.00776251481595376
216 0.00762975702112598
115761 0.0074969992262982
2237 0.0074969992262982
3579 0.0074969992262982
3596 0.0074969992262982
4085 0.0074969992262982
4321 0.0074969992262982
55862 0.0074969992262982
6799 0.0074969992262982
701 0.0074969992262982
84142 0.0074969992262982
874 0.0074969992262982
875 0.0074969992262982
8661 0.00746395655380169
10383 0.00746395655380169
3082 0.00733119875897391
3845 0.00733119875897391
51151 0.00733119875897391
6794 0.00733119875897391
7158 0.00733119875897391
8543 0.00733119875897391
9112 0.00733119875897391
54386 0.00719844096414613
5887 0.00719844096414613
6751 0.00719844096414613
6754 0.00719844096414613
7011 0.00719844096414613
712 0.00719844096414613
7366 0.00719844096414613
9611 0.00719844096414613
9700 0.00719844096414613
10257 0.00719844096414613
1031 0.00719844096414613
1453 0.00719844096414613
1813 0.00719844096414613
23076 0.00719844096414613
2936 0.00719844096414613
3107 0.00719844096414613
3483 0.00719844096414613
348980 0.00719844096414613
3566 0.00719844096414613
3675 0.00719844096414613
3691 0.00719844096414613
3980 0.00719844096414613
406938 0.00719844096414613
4751 0.00719844096414613
4926 0.00719844096414613
4250 0.00716539829164962
4904 0.00716539829164962
1022 0.00703264049682184
183 0.00703264049682184
4015 0.00703264049682184
406991 0.00703264049682184
1585 0.00689988270199407
1773 0.00689988270199407
218 0.00689988270199407
23783 0.00689988270199407
3290 0.00689988270199407
388403 0.00689988270199407
4610 0.00689988270199407
466 0.00689988270199407
51174 0.00689988270199407
5449 0.00689988270199407
54578 0.00689988270199407
55215 0.00689988270199407
57697 0.00689988270199407
6753 0.00689988270199407
6755 0.00689988270199407
6623 0.00686684002949756
7076 0.00686684002949756
7490 0.00686684002949756
84312 0.00686684002949756
25855 0.00686684002949756
10011 0.00673408223466978
27043 0.00673408223466978
2852 0.00673408223466978
5058 0.00673408223466978
7037 0.00673408223466978
5599 0.00643552397251771
7096 0.00643552397251771
85320 0.00643552397251771
8850 0.00643552397251771
8932 0.00643552397251771
2335 0.00643552397251771
3491 0.00643552397251771
2475 0.00626972350519342
54741 0.00626972350519342
7431 0.00626972350519342
54106 0.00613696571036564
6772 0.00613696571036564
9077 0.00613696571036564
4072 0.00597116524304135
4363 0.00597116524304135
23221 0.00583840744821357
28 0.00583840744821357
3383 0.00583840744821357
6513 0.00583840744821357
7979 0.00583840744821357
920 0.00583840744821357
57026 0.00567260698088929
7424 0.00567260698088929
8996 0.00567260698088929
2048 0.00567260698088929
4320 0.00567260698088929
4914 0.00567260698088929
5053 0.00567260698088929
3482 0.00553984918606151
4595 0.00553984918606151
6573 0.00553984918606151
6768 0.00553984918606151
6776 0.00553984918606151
727738 0.00537404871873722
8988 0.00537404871873722
925 0.00537404871873722
1437 0.00537404871873722
2353 0.00537404871873722
374 0.00537404871873722
4360 0.00537404871873722
1236 0.00524129092390944
3105 0.00524129092390944
4953 0.00524129092390944
5465 0.00524129092390944
56946 0.00524129092390944
5727 0.00524129092390944
6777 0.00524129092390944
6867 0.00524129092390944
6934 0.00524129092390944
7042 0.00524129092390944
7099 0.00524129092390944
799 0.00524129092390944
92304 0.00524129092390944
9365 0.00524129092390944
9370 0.00524129092390944
51014 0.00507549045658515
60500 0.00507549045658515
7251 0.00507549045658515
100302736 0.00507549045658515
353376 0.00507549045658515
3852 0.00507549045658515
5062 0.00507549045658515
10884 0.00494273266175737
1558 0.00494273266175737
1806 0.00494273266175737
4843 0.00494273266175737
55294 0.00494273266175737
5578 0.00494273266175737
6615 0.00494273266175737
6692 0.00494273266175737
6822 0.00494273266175737
7133 0.00494273266175737
7428 0.00494273266175737
873 0.00494273266175737
891 0.00494273266175737
9446 0.00494273266175737
5715 0.00477693219443308
7031 0.00477693219443308
92140 0.00477693219443308
9564 0.00477693219443308
10534 0.00477693219443308
10671 0.00477693219443308
118429 0.00477693219443308
1435 0.00477693219443308
2066 0.00477693219443308
2354 0.00477693219443308
23583 0.00477693219443308
3429 0.00477693219443308
3726 0.00477693219443308
4233 0.00477693219443308
11004 0.0046441743996053
1234 0.0046441743996053
133522 0.0046441743996053
1457 0.0046441743996053
2104 0.0046441743996053
2214 0.0046441743996053
3117 0.0046441743996053
3161 0.0046441743996053
3240 0.0046441743996053
3606 0.0046441743996053
406973 0.0046441743996053
4254 0.0046441743996053
4869 0.0046441743996053
51094 0.0046441743996053
546 0.0046441743996053
6532 0.0046441743996053
6909 0.0046441743996053
7048 0.0046441743996053
7364 0.0046441743996053
79648 0.0046441743996053
79679 0.0046441743996053
8644 0.0046441743996053
8795 0.0046441743996053
8797 0.0046441743996053
9113 0.0046441743996053
51741 0.00447837393228102
5747 0.00447837393228102
6275 0.00447837393228102
6278 0.00447837393228102
83478 0.00447837393228102
1474 0.00447837393228102
2065 0.00447837393228102
2101 0.00447837393228102
3126 0.00447837393228102
10848 0.00434561613745324
10916 0.00434561613745324
11073 0.00434561613745324
11178 0.00434561613745324
140690 0.00434561613745324
1612 0.00434561613745324
1634 0.00434561613745324
348654 0.00434561613745324
3567 0.00434561613745324
3605 0.00434561613745324
3717 0.00434561613745324
3814 0.00434561613745324
387893 0.00434561613745324
4035 0.00434561613745324
407018 0.00434561613745324
4153 0.00434561613745324
4317 0.00434561613745324
4350 0.00434561613745324
4842 0.00434561613745324
5300 0.00434561613745324
5395 0.00434561613745324
5519 0.00434561613745324
55349 0.00434561613745324
5795 0.00434561613745324
5932 0.00434561613745324
59351 0.00434561613745324
6195 0.00434561613745324
6271 0.00434561613745324
64127 0.00434561613745324
7097 0.00434561613745324
7132 0.00434561613745324
7329 0.00434561613745324
7799 0.00434561613745324
81847 0.00434561613745324
8204 0.00434561613745324
8434 0.00434561613745324
85413 0.00434561613745324
9212 0.00434561613745324
931 0.00434561613745324
9622 0.00434561613745324
5304 0.00417981567012895
573 0.00417981567012895
6240 0.00417981567012895
6714 0.00417981567012895
864 0.00417981567012895
10481 0.00417981567012895
2305 0.00417981567012895
4477 0.00417981567012895
100507436 0.00404705787530117
10142 0.00404705787530117
10403 0.00404705787530117
10499 0.00404705787530117
1063 0.00404705787530117
10631 0.00404705787530117
10721 0.00404705787530117
1147 0.00404705787530117
119391 0.00404705787530117
1353 0.00404705787530117
1442 0.00404705787530117
155 0.00404705787530117
1645 0.00404705787530117
1660 0.00404705787530117
1785 0.00404705787530117
186 0.00404705787530117
259266 0.00404705787530117
2638 0.00404705787530117
26524 0.00404705787530117
2796 0.00404705787530117
30061 0.00404705787530117
3276 0.00404705787530117
3487 0.00404705787530117
3685 0.00404705787530117
3689 0.00404705787530117
389 0.00404705787530117
406952 0.00404705787530117
4088 0.00404705787530117
4176 0.00404705787530117
4780 0.00404705787530117
482 0.00404705787530117
51426 0.00404705787530117
5187 0.00404705787530117
55135 0.00404705787530117
5730 0.00404705787530117
5742 0.00404705787530117
57504 0.00404705787530117
57509 0.00404705787530117
5891 0.00404705787530117
6041 0.00404705787530117
635 0.00404705787530117
63967 0.00404705787530117
699 0.00404705787530117
7012 0.00404705787530117
7098 0.00404705787530117
7361 0.00404705787530117
7386 0.00404705787530117
80347 0.00404705787530117
80351 0.00404705787530117
8312 0.00404705787530117
8737 0.00404705787530117
9469 0.00404705787530117
9475 0.00404705787530117
9536 0.00404705787530117
995 0.00404705787530117
9988 0.00404705787530117
5530 0.00388125740797688
5914 0.00388125740797688
5915 0.00388125740797688
7057 0.00388125740797688
79811 0.00388125740797688
8048 0.00388125740797688
8731 0.00388125740797688
1999 0.00388125740797688
2017 0.00388125740797688
2118 0.00388125740797688
23038 0.00388125740797688
2810 0.00388125740797688
4000 0.00388125740797688
10333 0.0037484996131491
10400 0.0037484996131491
10459 0.0037484996131491
10579 0.0037484996131491
1062 0.0037484996131491
10769 0.0037484996131491
1109 0.0037484996131491
11130 0.0037484996131491
11214 0.0037484996131491
11216 0.0037484996131491
116840 0.0037484996131491
1277 0.0037484996131491
1408 0.0037484996131491
151888 0.0037484996131491
1551 0.0037484996131491
1643 0.0037484996131491
1646 0.0037484996131491
164656 0.0037484996131491
1814 0.0037484996131491
2212 0.0037484996131491
22800 0.0037484996131491
241 0.0037484996131491
2524 0.0037484996131491
26574 0.0037484996131491
26799 0.0037484996131491
27030 0.0037484996131491
2778 0.0037484996131491
2817 0.0037484996131491
2939 0.0037484996131491
2948 0.0037484996131491
2949 0.0037484996131491
29899 0.0037484996131491
3002 0.0037484996131491
3066 0.0037484996131491
3295 0.0037484996131491
3508 0.0037484996131491
3655 0.0037484996131491
3693 0.0037484996131491
406910 0.0037484996131491
4155 0.0037484996131491
4171 0.0037484996131491
4172 0.0037484996131491
441911 0.0037484996131491
4487 0.0037484996131491
4540 0.0037484996131491
4586 0.0037484996131491
4588 0.0037484996131491
4792 0.0037484996131491
4853 0.0037484996131491
51085 0.0037484996131491
51199 0.0037484996131491
5225 0.0037484996131491
5447 0.0037484996131491
55055 0.0037484996131491
5518 0.0037484996131491
5520 0.0037484996131491
5529 0.0037484996131491
5601 0.0037484996131491
56288 0.0037484996131491
5649 0.0037484996131491
56647 0.0037484996131491
57118 0.0037484996131491
574501 0.0037484996131491
5980 0.0037484996131491
60 0.0037484996131491
6118 0.0037484996131491
6464 0.0037484996131491
6597 0.0037484996131491
6720 0.0037484996131491
6778 0.0037484996131491
6908 0.0037484996131491
6916 0.0037484996131491
7283 0.0037484996131491
7363 0.0037484996131491
7398 0.0037484996131491
7531 0.0037484996131491
7532 0.0037484996131491
79658 0.0037484996131491
79813 0.0037484996131491
80198 0.0037484996131491
8079 0.0037484996131491
83719 0.0037484996131491
84516 0.0037484996131491
8793 0.0037484996131491
8794 0.0037484996131491
9156 0.0037484996131491
9181 0.0037484996131491
93659 0.0037484996131491
9760 0.0037484996131491
994 0.0037484996131491
996 0.0037484996131491
56996 0.00358269914582481
6588 0.00358269914582481
84000 0.00358269914582481
8600 0.00358269914582481
89782 0.00358269914582481
1191 0.00358269914582481
22861 0.00358269914582481
2896 0.00358269914582481
3315 0.00358269914582481
3958 0.00358269914582481
4485 0.00358269914582481
100126320 0.00344994135099703
10300 0.00344994135099703
10309 0.00344994135099703
10361 0.00344994135099703
10436 0.00344994135099703
10452 0.00344994135099703
10460 0.00344994135099703
10615 0.00344994135099703
1069 0.00344994135099703
1070 0.00344994135099703
10720 0.00344994135099703
10733 0.00344994135099703
10840 0.00344994135099703
10919 0.00344994135099703
10963 0.00344994135099703
10971 0.00344994135099703
11011 0.00344994135099703
11064 0.00344994135099703
11104 0.00344994135099703
11144 0.00344994135099703
11190 0.00344994135099703
11201 0.00344994135099703
11213 0.00344994135099703
1161 0.00344994135099703
1263 0.00344994135099703
126326 0.00344994135099703
126549 0.00344994135099703
133746 0.00344994135099703
1387 0.00344994135099703
140609 0.00344994135099703
143884 0.00344994135099703
146956 0.00344994135099703
1584 0.00344994135099703
1639 0.00344994135099703
170692 0.00344994135099703
219539 0.00344994135099703
2200 0.00344994135099703
2205 0.00344994135099703
2210 0.00344994135099703
2213 0.00344994135099703
22843 0.00344994135099703
22918 0.00344994135099703
22919 0.00344994135099703
22974 0.00344994135099703
23065 0.00344994135099703
23194 0.00344994135099703
23274 0.00344994135099703
23332 0.00344994135099703
23426 0.00344994135099703
23646 0.00344994135099703
242 0.00344994135099703
2525 0.00344994135099703
252969 0.00344994135099703
26267 0.00344994135099703
26298 0.00344994135099703
27175 0.00344994135099703
27229 0.00344994135099703
2734 0.00344994135099703
2811 0.00344994135099703
2897 0.00344994135099703
2957 0.00344994135099703
2960 0.00344994135099703
2962 0.00344994135099703
29799 0.00344994135099703
3115 0.00344994135099703
3283 0.00344994135099703
3291 0.00344994135099703
3293 0.00344994135099703
3364 0.00344994135099703
3489 0.00344994135099703
3592 0.00344994135099703
3593 0.00344994135099703
3796 0.00344994135099703
3817 0.00344994135099703
3818 0.00344994135099703
3832 0.00344994135099703
3837 0.00344994135099703
387357 0.00344994135099703
3938 0.00344994135099703
406911 0.00344994135099703
406912 0.00344994135099703
406915 0.00344994135099703
406916 0.00344994135099703
406966 0.00344994135099703
406982 0.00344994135099703
407008 0.00344994135099703
407012 0.00344994135099703
407013 0.00344994135099703
407024 0.00344994135099703
407025 0.00344994135099703
407031 0.00344994135099703
407032 0.00344994135099703
4173 0.00344994135099703
4174 0.00344994135099703
4175 0.00344994135099703
4208 0.00344994135099703
4519 0.00344994135099703
4535 0.00344994135099703
4568 0.00344994135099703
4661 0.00344994135099703
4688 0.00344994135099703
4689 0.00344994135099703
4794 0.00344994135099703
50802 0.00344994135099703
5116 0.00344994135099703
51175 0.00344994135099703
51455 0.00344994135099703
51646 0.00344994135099703
5336 0.00344994135099703
5378 0.00344994135099703
5414 0.00344994135099703
5426 0.00344994135099703
5429 0.00344994135099703
54600 0.00344994135099703
54802 0.00344994135099703
54984 0.00344994135099703
55120 0.00344994135099703
55856 0.00344994135099703
56155 0.00344994135099703
56852 0.00344994135099703
56980 0.00344994135099703
57644 0.00344994135099703
57658 0.00344994135099703
57819 0.00344994135099703
5799 0.00344994135099703
5810 0.00344994135099703
585 0.00344994135099703
5884 0.00344994135099703
5886 0.00344994135099703
5902 0.00344994135099703
6117 0.00344994135099703
6119 0.00344994135099703
6346 0.00344994135099703
643664 0.00344994135099703
64421 0.00344994135099703
65057 0.00344994135099703
6531 0.00344994135099703
6574 0.00344994135099703
6595 0.00344994135099703
6628 0.00344994135099703
6795 0.00344994135099703
6820 0.00344994135099703
7036 0.00344994135099703
7143 0.00344994135099703
728642 0.00344994135099703
7415 0.00344994135099703
7533 0.00344994135099703
7923 0.00344994135099703
79661 0.00344994135099703
80129 0.00344994135099703
80724 0.00344994135099703
8110 0.00344994135099703
81858 0.00344994135099703
83540 0.00344994135099703
83593 0.00344994135099703
84126 0.00344994135099703
8438 0.00344994135099703
84445 0.00344994135099703
8495 0.00344994135099703
84962 0.00344994135099703
8506 0.00344994135099703
85445 0.00344994135099703
8556 0.00344994135099703
8875 0.00344994135099703
8881 0.00344994135099703
9111 0.00344994135099703
91754 0.00344994135099703
9184 0.00344994135099703
9379 0.00344994135099703
9473 0.00344994135099703
9493 0.00344994135099703
9496 0.00344994135099703
9793 0.00344994135099703
9806 0.00344994135099703
984 0.00344994135099703
9844 0.00344994135099703
9852 0.00344994135099703
9910 0.00344994135099703
991 0.00344994135099703
9918 0.00344994135099703
997 0.00344994135099703
9987 0.00344994135099703
51053 0.00328414088367274
55540 0.00328414088367274
5670 0.00328414088367274
6422 0.00328414088367274
7039 0.00328414088367274
7052 0.00328414088367274
768 0.00328414088367274
7764 0.00328414088367274
801 0.00328414088367274
805 0.00328414088367274
808 0.00328414088367274
836 0.00328414088367274
84260 0.00328414088367274
1084 0.00328414088367274
1087 0.00328414088367274
114614 0.00328414088367274
27319 0.00328414088367274
3381 0.00328414088367274
3934 0.00328414088367274
112476 0.00298558262152068
1890 0.00298558262152068
231 0.00298558262152068
25803 0.00298558262152068
3316 0.00298558262152068
3732 0.00298558262152068
4602 0.00298558262152068
50818 0.00298558262152068
56477 0.00298558262152068
5972 0.00298558262152068
6347 0.00298558262152068
6678 0.00298558262152068
7020 0.00298558262152068
8038 0.00298558262152068
8493 0.00298558262152068
8626 0.00298558262152068
5327 0.00268702435936861
54474 0.00268702435936861
55511 0.00268702435936861
5655 0.00268702435936861
6198 0.00268702435936861
6304 0.00268702435936861
6850 0.00268702435936861
6935 0.00268702435936861
7126 0.00268702435936861
7494 0.00268702435936861
7936 0.00268702435936861
9509 0.00268702435936861
9641 0.00268702435936861
9687 0.00268702435936861
9699 0.00268702435936861
10611 0.00268702435936861
10855 0.00268702435936861
11009 0.00268702435936861
115650 0.00268702435936861
1490 0.00268702435936861
190 0.00268702435936861
214 0.00268702435936861
2185 0.00268702435936861
2246 0.00268702435936861
2247 0.00268702435936861
2248 0.00268702435936861
2321 0.00268702435936861
29072 0.00268702435936861
29108 0.00268702435936861
3133 0.00268702435936861
3371 0.00268702435936861
4323 0.00268702435936861
4810 0.00268702435936861
10036 0.00238846609721654
10765 0.00238846609721654
118430 0.00238846609721654
1436 0.00238846609721654
1508 0.00238846609721654
1591 0.00238846609721654
1748 0.00238846609721654
182 0.00238846609721654
1869 0.00238846609721654
19 0.00238846609721654
2152 0.00238846609721654
2668 0.00238846609721654
3308 0.00238846609721654
4295 0.00238846609721654
4597 0.00238846609721654
4709 0.00238846609721654
4907 0.00238846609721654
4982 0.00238846609721654
5018 0.00238846609721654
5047 0.00238846609721654
551 0.00238846609721654
56655 0.00238846609721654
57045 0.00238846609721654
57804 0.00238846609721654
6352 0.00238846609721654
63897 0.00238846609721654
654 0.00238846609721654
6863 0.00238846609721654
6868 0.00238846609721654
7376 0.00238846609721654
7439 0.00238846609721654
79017 0.00238846609721654
79823 0.00238846609721654
8829 0.00238846609721654
889 0.00238846609721654
890 0.00238846609721654
9314 0.00238846609721654
51150 0.00208990783506447
52 0.00208990783506447
5524 0.00208990783506447
57650 0.00208990783506447
5770 0.00208990783506447
604 0.00208990783506447
6121 0.00208990783506447
6530 0.00208990783506447
6667 0.00208990783506447
688 0.00208990783506447
7357 0.00208990783506447
7405 0.00208990783506447
7432 0.00208990783506447
7528 0.00208990783506447
84168 0.00208990783506447
8838 0.00208990783506447
9058 0.00208990783506447
9134 0.00208990783506447
9360 0.00208990783506447
9368 0.00208990783506447
10058 0.00208990783506447
1033 0.00208990783506447
10457 0.00208990783506447
1051 0.00208990783506447
10970 0.00208990783506447
1351 0.00208990783506447
1368 0.00208990783506447
1440 0.00208990783506447
1523 0.00208990783506447
1630 0.00208990783506447
1756 0.00208990783506447
1969 0.00208990783506447
2103 0.00208990783506447
2252 0.00208990783506447
23411 0.00208990783506447
2494 0.00208990783506447
25800 0.00208990783506447
2597 0.00208990783506447
26073 0.00208990783506447
26871 0.00208990783506447
27086 0.00208990783506447
27352 0.00208990783506447
284111 0.00208990783506447
2934 0.00208990783506447
301 0.00208990783506447
342977 0.00208990783506447
353 0.00208990783506447
3815 0.00208990783506447
3927 0.00208990783506447
4018 0.00208990783506447
4288 0.00208990783506447
4493 0.00208990783506447
10380 0.00179134957291241
10514 0.00179134957291241
10598 0.00179134957291241
1068 0.00179134957291241
10857 0.00179134957291241
1119 0.00179134957291241
11319 0.00179134957291241
11331 0.00179134957291241
1371 0.00179134957291241
1398 0.00179134957291241
1432 0.00179134957291241
1462 0.00179134957291241
147719 0.00179134957291241
1574 0.00179134957291241
1874 0.00179134957291241
1909 0.00179134957291241
1917 0.00179134957291241
2022 0.00179134957291241
2192 0.00179134957291241
2253 0.00179134957291241
22891 0.00179134957291241
22943 0.00179134957291241
2296 0.00179134957291241
23028 0.00179134957291241
23049 0.00179134957291241
2309 0.00179134957291241
25897 0.00179134957291241
2669 0.00179134957291241
2720 0.00179134957291241
2735 0.00179134957291241
2886 0.00179134957291241
2908 0.00179134957291241
29128 0.00179134957291241
2919 0.00179134957291241
2954 0.00179134957291241
302 0.00179134957291241
30816 0.00179134957291241
3090 0.00179134957291241
3202 0.00179134957291241
3490 0.00179134957291241
3659 0.00179134957291241
3856 0.00179134957291241
4137 0.00179134957291241
4162 0.00179134957291241
474256 0.00179134957291241
4758 0.00179134957291241
4763 0.00179134957291241
4893 0.00179134957291241
5087 0.00179134957291241
5168 0.00179134957291241
5308 0.00179134957291241
54726 0.00179134957291241
55536 0.00179134957291241
5595 0.00179134957291241
5664 0.00179134957291241
56994 0.00179134957291241
57508 0.00179134957291241
5947 0.00179134957291241
5967 0.00179134957291241
5979 0.00179134957291241
6046 0.00179134957291241
617 0.00179134957291241
6277 0.00179134957291241
6382 0.00179134957291241
6404 0.00179134957291241
6469 0.00179134957291241
6591 0.00179134957291241
6646 0.00179134957291241
7022 0.00179134957291241
7145 0.00179134957291241
7345 0.00179134957291241
7965 0.00179134957291241
8045 0.00179134957291241
8061 0.00179134957291241
85348 0.00179134957291241
8558 0.00179134957291241
860 0.00179134957291241
8720 0.00179134957291241
9148 0.00179134957291241
9377 0.00179134957291241
9402 0.00179134957291241
9821 0.00179134957291241
5091 0.00149279131076034
5376 0.00149279131076034
54828 0.00149279131076034
54971 0.00149279131076034
55353 0.00149279131076034
5669 0.00149279131076034
57007 0.00149279131076034
5725 0.00149279131076034
5753 0.00149279131076034
57534 0.00149279131076034
57761 0.00149279131076034
5829 0.00149279131076034
5940 0.00149279131076034
6050 0.00149279131076034
6280 0.00149279131076034
6294 0.00149279131076034
6366 0.00149279131076034
6401 0.00149279131076034
6489 0.00149279131076034
65108 0.00149279131076034
655 0.00149279131076034
6624 0.00149279131076034
6654 0.00149279131076034
667 0.00149279131076034
682 0.00149279131076034
7026 0.00149279131076034
7033 0.00149279131076034
7227 0.00149279131076034
7474 0.00149279131076034
7832 0.00149279131076034
7903 0.00149279131076034
79068 0.00149279131076034
79947 0.00149279131076034
8021 0.00149279131076034
80316 0.00149279131076034
8091 0.00149279131076034
861 0.00149279131076034
8692 0.00149279131076034
8714 0.00149279131076034
8792 0.00149279131076034
8837 0.00149279131076034
8839 0.00149279131076034
9074 0.00149279131076034
928 0.00149279131076034
94025 0.00149279131076034
9519 0.00149279131076034
100124700 0.00149279131076034
10076 0.00149279131076034
10249 0.00149279131076034
1028 0.00149279131076034
10327 0.00149279131076034
10519 0.00149279131076034
10542 0.00149279131076034
10647 0.00149279131076034
10657 0.00149279131076034
10724 0.00149279131076034
10801 0.00149279131076034
1081 0.00149279131076034
10850 0.00149279131076034
10923 0.00149279131076034
10948 0.00149279131076034
10991 0.00149279131076034
11059 0.00149279131076034
11168 0.00149279131076034
11197 0.00149279131076034
128367 0.00149279131076034
1386 0.00149279131076034
1429 0.00149279131076034
145389 0.00149279131076034
1760 0.00149279131076034
1982 0.00149279131076034
199699 0.00149279131076034
2046 0.00149279131076034
208 0.00149279131076034
2086 0.00149279131076034
2170 0.00149279131076034
2191 0.00149279131076034
2258 0.00149279131076034
2277 0.00149279131076034
25937 0.00149279131076034
26227 0.00149279131076034
27122 0.00149279131076034
2768 0.00149279131076034
28509 0.00149279131076034
28954 0.00149279131076034
29122 0.00149279131076034
3037 0.00149279131076034
3135 0.00149279131076034
3159 0.00149279131076034
326625 0.00149279131076034
3273 0.00149279131076034
331 0.00149279131076034
3611 0.00149279131076034
3620 0.00149279131076034
3678 0.00149279131076034
390502 0.00149279131076034
3918 0.00149279131076034
3925 0.00149279131076034
4051 0.00149279131076034
405754 0.00149279131076034
4077 0.00149279131076034
4335 0.00149279131076034
4502 0.00149279131076034
4547 0.00149279131076034
4851 0.00149279131076034
50848 0.00149279131076034
1001 0.00119423304860827
100509457 0.00119423304860827
100532731 0.00119423304860827
1012 0.00119423304860827
10413 0.00119423304860827
10462 0.00119423304860827
10551 0.00119423304860827
10683 0.00119423304860827
1104 0.00119423304860827
1113 0.00119423304860827
1116 0.00119423304860827
128360 0.00119423304860827
1364 0.00119423304860827
1384 0.00119423304860827
1410 0.00119423304860827
146 0.00119423304860827
1476 0.00119423304860827
1500 0.00119423304860827
1611 0.00119423304860827
1655 0.00119423304860827
1839 0.00119423304860827
1843 0.00119423304860827
189 0.00119423304860827
1902 0.00119423304860827
1906 0.00119423304860827
1934 0.00119423304860827
1946 0.00119423304860827
1978 0.00119423304860827
2011 0.00119423304860827
2023 0.00119423304860827
213 0.00119423304860827
2149 0.00119423304860827
2150 0.00119423304860827
2167 0.00119423304860827
2173 0.00119423304860827
2261 0.00119423304860827
22822 0.00119423304860827
22930 0.00119423304860827
2303 0.00119423304860827
23136 0.00119423304860827
2319 0.00119423304860827
23550 0.00119423304860827
23600 0.00119423304860827
23705 0.00119423304860827
2487 0.00119423304860827
25830 0.00119423304860827
26479 0.00119423304860827
27152 0.00119423304860827
28956 0.00119423304860827
29089 0.00119423304860827
2922 0.00119423304860827
2971 0.00119423304860827
29944 0.00119423304860827
3065 0.00119423304860827
309 0.00119423304860827
3146 0.00119423304860827
3250 0.00119423304860827
3297 0.00119423304860827
3309 0.00119423304860827
338412 0.00119423304860827
343169 0.00119423304860827
3502 0.00119423304860827
3559 0.00119423304860827
3589 0.00119423304860827
3621 0.00119423304860827
3645 0.00119423304860827
3861 0.00119423304860827
3945 0.00119423304860827
400500 0.00119423304860827
4040 0.00119423304860827
406 0.00119423304860827
4094 0.00119423304860827
4204 0.00119423304860827
4246 0.00119423304860827
4297 0.00119423304860827
4342 0.00119423304860827
43847 0.00119423304860827
4481 0.00119423304860827
4486 0.00119423304860827
463 0.00119423304860827
467 0.00119423304860827
4803 0.00119423304860827
4855 0.00119423304860827
4858 0.00119423304860827
5020 0.00119423304860827
5026 0.00119423304860827
5037 0.00119423304860827
5055 0.00119423304860827
5071 0.00119423304860827
51147 0.00119423304860827
5170 0.00119423304860827
5175 0.00119423304860827
5216 0.00119423304860827
5250 0.00119423304860827
5329 0.00119423304860827
5371 0.00119423304860827
54583 0.00119423304860827
55859 0.00119423304860827
5653 0.00119423304860827
5714 0.00119423304860827
5741 0.00119423304860827
57447 0.00119423304860827
5764 0.00119423304860827
581 0.00119423304860827
5894 0.00119423304860827
5931 0.00119423304860827
5934 0.00119423304860827
5970 0.00119423304860827
5978 0.00119423304860827
6045 0.00119423304860827
6196 0.00119423304860827
6197 0.00119423304860827
6208 0.00119423304860827
6241 0.00119423304860827
627 0.00119423304860827
634 0.00119423304860827
6423 0.00119423304860827
64689 0.00119423304860827
64754 0.00119423304860827
648 0.00119423304860827
650 0.00119423304860827
65125 0.00119423304860827
652 0.00119423304860827
6548 0.00119423304860827
6579 0.00119423304860827
6586 0.00119423304860827
6590 0.00119423304860827
6606 0.00119423304860827
6607 0.00119423304860827
664 0.00119423304860827
6657 0.00119423304860827
6663 0.00119423304860827
6857 0.00119423304860827
6925 0.00119423304860827
7001 0.00119423304860827
706 0.00119423304860827
7069 0.00119423304860827
7163 0.00119423304860827
7173 0.00119423304860827
727897 0.00119423304860827
7356 0.00119423304860827
7412 0.00119423304860827
7433 0.00119423304860827
7480 0.00119423304860827
7495 0.00119423304860827
7534 0.00119423304860827
7538 0.00119423304860827
79513 0.00119423304860827
79971 0.00119423304860827
821 0.00119423304860827
83596 0.00119423304860827
8412 0.00119423304860827
84299 0.00119423304860827
8431 0.00119423304860827
8451 0.00119423304860827
84627 0.00119423304860827
84707 0.00119423304860827
8651 0.00119423304860827
8655 0.00119423304860827
8671 0.00119423304860827
8682 0.00119423304860827
8877 0.00119423304860827
9052 0.00119423304860827
91074 0.00119423304860827
9166 0.00119423304860827
9221 0.00119423304860827
923 0.00119423304860827
9353 0.00119423304860827
941 0.00119423304860827
947 0.00119423304860827
963 0.00119423304860827
9734 0.00119423304860827
9768 0.00119423304860827
9817 0.00119423304860827
9833 0.00119423304860827
9846 0.00119423304860827
9940 0.00119423304860827
9961 0.00119423304860827
51164 8.95674786456203E-4
5130 8.95674786456203E-4
51312 8.95674786456203E-4
5133 8.95674786456203E-4
5156 8.95674786456203E-4
5163 8.95674786456203E-4
51639 8.95674786456203E-4
51696 8.95674786456203E-4
5176 8.95674786456203E-4
5315 8.95674786456203E-4
53358 8.95674786456203E-4
5428 8.95674786456203E-4
54567 8.95674786456203E-4
54967 8.95674786456203E-4
55249 8.95674786456203E-4
55279 8.95674786456203E-4
55355 8.95674786456203E-4
5538 8.95674786456203E-4
55714 8.95674786456203E-4
55743 8.95674786456203E-4
558 8.95674786456203E-4
5585 8.95674786456203E-4
55902 8.95674786456203E-4
56259 8.95674786456203E-4
5654 8.95674786456203E-4
567 8.95674786456203E-4
56902 8.95674786456203E-4
5710 8.95674786456203E-4
57152 8.95674786456203E-4
5716 8.95674786456203E-4
57402 8.95674786456203E-4
57730 8.95674786456203E-4
5777 8.95674786456203E-4
5781 8.95674786456203E-4
5783 8.95674786456203E-4
5786 8.95674786456203E-4
57862 8.95674786456203E-4
5885 8.95674786456203E-4
59286 8.95674786456203E-4
5956 8.95674786456203E-4
5982 8.95674786456203E-4
6093 8.95674786456203E-4
6098 8.95674786456203E-4
6143 8.95674786456203E-4
6256 8.95674786456203E-4
6279 8.95674786456203E-4
6285 8.95674786456203E-4
6375 8.95674786456203E-4
638 8.95674786456203E-4
641648 8.95674786456203E-4
64174 8.95674786456203E-4
6445 8.95674786456203E-4
6518 8.95674786456203E-4
6520 8.95674786456203E-4
6622 8.95674786456203E-4
6659 8.95674786456203E-4
6745 8.95674786456203E-4
677775 8.95674786456203E-4
6781 8.95674786456203E-4
6869 8.95674786456203E-4
7009 8.95674786456203E-4
7025 8.95674786456203E-4
7032 8.95674786456203E-4
7071 8.95674786456203E-4
7168 8.95674786456203E-4
7200 8.95674786456203E-4
7294 8.95674786456203E-4
7306 8.95674786456203E-4
7337 8.95674786456203E-4
7389 8.95674786456203E-4
7536 8.95674786456203E-4
7706 8.95674786456203E-4
780 8.95674786456203E-4
79365 8.95674786456203E-4
79977 8.95674786456203E-4
80139 8.95674786456203E-4
80150 8.95674786456203E-4
80223 8.95674786456203E-4
80381 8.95674786456203E-4
811 8.95674786456203E-4
8201 8.95674786456203E-4
8289 8.95674786456203E-4
8321 8.95674786456203E-4
83987 8.95674786456203E-4
84073 8.95674786456203E-4
842 8.95674786456203E-4
84464 8.95674786456203E-4
84549 8.95674786456203E-4
846 8.95674786456203E-4
84680 8.95674786456203E-4
85004 8.95674786456203E-4
8553 8.95674786456203E-4
8570 8.95674786456203E-4
8614 8.95674786456203E-4
8630 8.95674786456203E-4
8751 8.95674786456203E-4
8805 8.95674786456203E-4
8835 8.95674786456203E-4
8878 8.95674786456203E-4
8972 8.95674786456203E-4
91056 8.95674786456203E-4
9138 8.95674786456203E-4
9139 8.95674786456203E-4
9170 8.95674786456203E-4
9223 8.95674786456203E-4
9242 8.95674786456203E-4
9332 8.95674786456203E-4
94081 8.95674786456203E-4
9445 8.95674786456203E-4
9547 8.95674786456203E-4
9582 8.95674786456203E-4
9618 8.95674786456203E-4
9628 8.95674786456203E-4
9636 8.95674786456203E-4
977 8.95674786456203E-4
9928 8.95674786456203E-4
9993 8.95674786456203E-4
100144748 8.95674786456203E-4
1013 8.95674786456203E-4
10263 8.95674786456203E-4
10286 8.95674786456203E-4
10307 8.95674786456203E-4
1036 8.95674786456203E-4
10395 8.95674786456203E-4
10397 8.95674786456203E-4
1052 8.95674786456203E-4
10565 8.95674786456203E-4
10599 8.95674786456203E-4
10642 8.95674786456203E-4
10644 8.95674786456203E-4
10663 8.95674786456203E-4
10664 8.95674786456203E-4
10682 8.95674786456203E-4
10686 8.95674786456203E-4
10755 8.95674786456203E-4
10763 8.95674786456203E-4
1080 8.95674786456203E-4
10928 8.95674786456203E-4
10979 8.95674786456203E-4
10987 8.95674786456203E-4
11093 8.95674786456203E-4
11102 8.95674786456203E-4
11156 8.95674786456203E-4
11258 8.95674786456203E-4
11261 8.95674786456203E-4
11309 8.95674786456203E-4
1302 8.95674786456203E-4
1316 8.95674786456203E-4
1326 8.95674786456203E-4
133 8.95674786456203E-4
1378 8.95674786456203E-4
1385 8.95674786456203E-4
1392 8.95674786456203E-4
140707 8.95674786456203E-4
1434 8.95674786456203E-4
1464 8.95674786456203E-4
1485 8.95674786456203E-4
152503 8.95674786456203E-4
1546 8.95674786456203E-4
1602 8.95674786456203E-4
1633 8.95674786456203E-4
1666 8.95674786456203E-4
1678 8.95674786456203E-4
168400 8.95674786456203E-4
1778 8.95674786456203E-4
1822 8.95674786456203E-4
1871 8.95674786456203E-4
1958 8.95674786456203E-4
1991 8.95674786456203E-4
2004 8.95674786456203E-4
2034 8.95674786456203E-4
203427 8.95674786456203E-4
2120 8.95674786456203E-4
2274 8.95674786456203E-4
2288 8.95674786456203E-4
22933 8.95674786456203E-4
2294 8.95674786456203E-4
2316 8.95674786456203E-4
23205 8.95674786456203E-4
23269 8.95674786456203E-4
23410 8.95674786456203E-4
2346 8.95674786456203E-4
23524 8.95674786456203E-4
23636 8.95674786456203E-4
23659 8.95674786456203E-4
23677 8.95674786456203E-4
240 8.95674786456203E-4
246100 8.95674786456203E-4
25818 8.95674786456203E-4
25875 8.95674786456203E-4
25976 8.95674786456203E-4
25996 8.95674786456203E-4
2624 8.95674786456203E-4
2641 8.95674786456203E-4
2657 8.95674786456203E-4
27036 8.95674786456203E-4
27074 8.95674786456203E-4
27161 8.95674786456203E-4
2719 8.95674786456203E-4
27257 8.95674786456203E-4
27297 8.95674786456203E-4
27303 8.95674786456203E-4
2821 8.95674786456203E-4
2833 8.95674786456203E-4
284 8.95674786456203E-4
284348 8.95674786456203E-4
29028 8.95674786456203E-4
2965 8.95674786456203E-4
3042 8.95674786456203E-4
3043 8.95674786456203E-4
3059 8.95674786456203E-4
3067 8.95674786456203E-4
310 8.95674786456203E-4
3118 8.95674786456203E-4
3120 8.95674786456203E-4
3160 8.95674786456203E-4
3172 8.95674786456203E-4
3219 8.95674786456203E-4
3248 8.95674786456203E-4
332 8.95674786456203E-4
3339 8.95674786456203E-4
335 8.95674786456203E-4
3373 8.95674786456203E-4
3376 8.95674786456203E-4
3400 8.95674786456203E-4
351 8.95674786456203E-4
3560 8.95674786456203E-4
3600 8.95674786456203E-4
3627 8.95674786456203E-4
3669 8.95674786456203E-4
3906 8.95674786456203E-4
391107 8.95674786456203E-4
3921 8.95674786456203E-4
3930 8.95674786456203E-4
3939 8.95674786456203E-4
3959 8.95674786456203E-4
4041 8.95674786456203E-4
406903 8.95674786456203E-4
406947 8.95674786456203E-4
4089 8.95674786456203E-4
4151 8.95674786456203E-4
4163 8.95674786456203E-4
4221 8.95674786456203E-4
4240 8.95674786456203E-4
4282 8.95674786456203E-4
4311 8.95674786456203E-4
4359 8.95674786456203E-4
4504 8.95674786456203E-4
4583 8.95674786456203E-4
4605 8.95674786456203E-4
4691 8.95674786456203E-4
4771 8.95674786456203E-4
4781 8.95674786456203E-4
4888 8.95674786456203E-4
4916 8.95674786456203E-4
5002 8.95674786456203E-4
50514 8.95674786456203E-4
5063 8.95674786456203E-4
5067 8.95674786456203E-4
5076 8.95674786456203E-4
50807 8.95674786456203E-4
10013 5.97116524304135E-4
100130958 5.97116524304135E-4
100271694 5.97116524304135E-4
100302172 5.97116524304135E-4
100526842 5.97116524304135E-4
100533105 5.97116524304135E-4
100653366 5.97116524304135E-4
10087 5.97116524304135E-4
101 5.97116524304135E-4
10103 5.97116524304135E-4
10120 5.97116524304135E-4
10128 5.97116524304135E-4
101669765 5.97116524304135E-4
10178 5.97116524304135E-4
10194 5.97116524304135E-4
10202 5.97116524304135E-4
10216 5.97116524304135E-4
10253 5.97116524304135E-4
10273 5.97116524304135E-4
10370 5.97116524304135E-4
10401 5.97116524304135E-4
10440 5.97116524304135E-4
10456 5.97116524304135E-4
10521 5.97116524304135E-4
10536 5.97116524304135E-4
10553 5.97116524304135E-4
10560 5.97116524304135E-4
1056 5.97116524304135E-4
10563 5.97116524304135E-4
10569 5.97116524304135E-4
10573 5.97116524304135E-4
10643 5.97116524304135E-4
10714 5.97116524304135E-4
10718 5.97116524304135E-4
1072 5.97116524304135E-4
1075 5.97116524304135E-4
10781 5.97116524304135E-4
10863 5.97116524304135E-4
10874 5.97116524304135E-4
10879 5.97116524304135E-4
10894 5.97116524304135E-4
10899 5.97116524304135E-4
10933 5.97116524304135E-4
10935 5.97116524304135E-4
10950 5.97116524304135E-4
10961 5.97116524304135E-4
10962 5.97116524304135E-4
11065 5.97116524304135E-4
11070 5.97116524304135E-4
11126 5.97116524304135E-4
11143 5.97116524304135E-4
11146 5.97116524304135E-4
11160 5.97116524304135E-4
11188 5.97116524304135E-4
1121 5.97116524304135E-4
11226 5.97116524304135E-4
112398 5.97116524304135E-4
11279 5.97116524304135E-4
11315 5.97116524304135E-4
11334 5.97116524304135E-4
114609 5.97116524304135E-4
115908 5.97116524304135E-4
116511 5.97116524304135E-4
117159 5.97116524304135E-4
1203 5.97116524304135E-4
127385 5.97116524304135E-4
1284 5.97116524304135E-4
128408 5.97116524304135E-4
129831 5.97116524304135E-4
131096 5.97116524304135E-4
1357 5.97116524304135E-4
1382 5.97116524304135E-4
138883 5.97116524304135E-4
1396 5.97116524304135E-4
139818 5.97116524304135E-4
1401 5.97116524304135E-4
1403 5.97116524304135E-4
140468 5.97116524304135E-4
140885 5.97116524304135E-4
144195 5.97116524304135E-4
1443 5.97116524304135E-4
1446 5.97116524304135E-4
145270 5.97116524304135E-4
146059 5.97116524304135E-4
1471 5.97116524304135E-4
147372 5.97116524304135E-4
1487 5.97116524304135E-4
149233 5.97116524304135E-4
1495 5.97116524304135E-4
153090 5.97116524304135E-4
154796 5.97116524304135E-4
1548 5.97116524304135E-4
158160 5.97116524304135E-4
158506 5.97116524304135E-4
1605 5.97116524304135E-4
162239 5.97116524304135E-4
1635 5.97116524304135E-4
163732 5.97116524304135E-4
1653 5.97116524304135E-4
1667 5.97116524304135E-4
1687 5.97116524304135E-4
174 5.97116524304135E-4
177 5.97116524304135E-4
1798 5.97116524304135E-4
1800 5.97116524304135E-4
1824 5.97116524304135E-4
1825 5.97116524304135E-4
1855 5.97116524304135E-4
1910 5.97116524304135E-4
1942 5.97116524304135E-4
1948 5.97116524304135E-4
1960 5.97116524304135E-4
1977 5.97116524304135E-4
2002 5.97116524304135E-4
203068 5.97116524304135E-4
2056 5.97116524304135E-4
2057 5.97116524304135E-4
2078 5.97116524304135E-4
2119 5.97116524304135E-4
2122 5.97116524304135E-4
2131 5.97116524304135E-4
2137 5.97116524304135E-4
2155 5.97116524304135E-4
2158 5.97116524304135E-4
2171 5.97116524304135E-4
2201 5.97116524304135E-4
2209 5.97116524304135E-4
2215 5.97116524304135E-4
2235 5.97116524304135E-4
2245 5.97116524304135E-4
2249 5.97116524304135E-4
2255 5.97116524304135E-4
22794 5.97116524304135E-4
22882 5.97116524304135E-4
23030 5.97116524304135E-4
23037 5.97116524304135E-4
2308 5.97116524304135E-4
23081 5.97116524304135E-4
2324 5.97116524304135E-4
23328 5.97116524304135E-4
23368 5.97116524304135E-4
23385 5.97116524304135E-4
23415 5.97116524304135E-4
23421 5.97116524304135E-4
23476 5.97116524304135E-4
23479 5.97116524304135E-4
23503 5.97116524304135E-4
23513 5.97116524304135E-4
23532 5.97116524304135E-4
23543 5.97116524304135E-4
23549 5.97116524304135E-4
2355 5.97116524304135E-4
2358 5.97116524304135E-4
23650 5.97116524304135E-4
23678 5.97116524304135E-4
238 5.97116524304135E-4
24 5.97116524304135E-4
2495 5.97116524304135E-4
2521 5.97116524304135E-4
2526 5.97116524304135E-4
2534 5.97116524304135E-4
2539 5.97116524304135E-4
2551 5.97116524304135E-4
2568 5.97116524304135E-4
25824 5.97116524304135E-4
25825 5.97116524304135E-4
25920 5.97116524304135E-4
25927 5.97116524304135E-4
26 5.97116524304135E-4
26038 5.97116524304135E-4
26085 5.97116524304135E-4
26136 5.97116524304135E-4
26246 5.97116524304135E-4
2626 5.97116524304135E-4
26284 5.97116524304135E-4
2648 5.97116524304135E-4
266790 5.97116524304135E-4
26683 5.97116524304135E-4
2674 5.97116524304135E-4
26806 5.97116524304135E-4
26994 5.97116524304135E-4
2703 5.97116524304135E-4
27075 5.97116524304135E-4
27087 5.97116524304135E-4
27102 5.97116524304135E-4
27113 5.97116524304135E-4
27151 5.97116524304135E-4
2717 5.97116524304135E-4
27243 5.97116524304135E-4
27246 5.97116524304135E-4
27250 5.97116524304135E-4
27289 5.97116524304135E-4
2729 5.97116524304135E-4
273 5.97116524304135E-4
27302 5.97116524304135E-4
2767 5.97116524304135E-4
2798 5.97116524304135E-4
285 5.97116524304135E-4
285704 5.97116524304135E-4
2875 5.97116524304135E-4
2885 5.97116524304135E-4
29086 5.97116524304135E-4
29107 5.97116524304135E-4
29117 5.97116524304135E-4
29123 5.97116524304135E-4
29126 5.97116524304135E-4
29127 5.97116524304135E-4
2935 5.97116524304135E-4
2968 5.97116524304135E-4
29780 5.97116524304135E-4
29851 5.97116524304135E-4
2995 5.97116524304135E-4
29956 5.97116524304135E-4
29968 5.97116524304135E-4
3015 5.97116524304135E-4
30818 5.97116524304135E-4
3099 5.97116524304135E-4
3140 5.97116524304135E-4
3145 5.97116524304135E-4
3156 5.97116524304135E-4
317716 5.97116524304135E-4
3205 5.97116524304135E-4
3206 5.97116524304135E-4
3217 5.97116524304135E-4
3251 5.97116524304135E-4
3275 5.97116524304135E-4
3303 5.97116524304135E-4
3304 5.97116524304135E-4
3375 5.97116524304135E-4
338 5.97116524304135E-4
339345 5.97116524304135E-4
3397 5.97116524304135E-4
3398 5.97116524304135E-4
343406 5.97116524304135E-4
3439 5.97116524304135E-4
3447 5.97116524304135E-4
345 5.97116524304135E-4
345275 5.97116524304135E-4
3456 5.97116524304135E-4
3460 5.97116524304135E-4
347598 5.97116524304135E-4
3514 5.97116524304135E-4
353299 5.97116524304135E-4
3551 5.97116524304135E-4
3562 5.97116524304135E-4
3572 5.97116524304135E-4
3574 5.97116524304135E-4
3577 5.97116524304135E-4
3646 5.97116524304135E-4
3651 5.97116524304135E-4
373 5.97116524304135E-4
3778 5.97116524304135E-4
3816 5.97116524304135E-4
3835 5.97116524304135E-4
3838 5.97116524304135E-4
3855 5.97116524304135E-4
3875 5.97116524304135E-4
387934 5.97116524304135E-4
391114 5.97116524304135E-4
394269 5.97116524304135E-4
3956 5.97116524304135E-4
3976 5.97116524304135E-4
3977 5.97116524304135E-4
4017 5.97116524304135E-4
4025 5.97116524304135E-4
406988 5.97116524304135E-4
406989 5.97116524304135E-4
406992 5.97116524304135E-4
4070 5.97116524304135E-4
407006 5.97116524304135E-4
4087 5.97116524304135E-4
4096 5.97116524304135E-4
4100 5.97116524304135E-4
410 5.97116524304135E-4
4118 5.97116524304135E-4
414899 5.97116524304135E-4
4150 5.97116524304135E-4
4192 5.97116524304135E-4
4301 5.97116524304135E-4
43849 5.97116524304135E-4
4435 5.97116524304135E-4
4478 5.97116524304135E-4
4489 5.97116524304135E-4
4494 5.97116524304135E-4
4544 5.97116524304135E-4
4580 5.97116524304135E-4
4594 5.97116524304135E-4
4627 5.97116524304135E-4
4654 5.97116524304135E-4
4680 5.97116524304135E-4
4700 5.97116524304135E-4
4739 5.97116524304135E-4
4747 5.97116524304135E-4
4782 5.97116524304135E-4
4791 5.97116524304135E-4
4804 5.97116524304135E-4
4827 5.97116524304135E-4
4854 5.97116524304135E-4
4899 5.97116524304135E-4
4919 5.97116524304135E-4
4948 5.97116524304135E-4
4988 5.97116524304135E-4
5008 5.97116524304135E-4
501 5.97116524304135E-4
5021 5.97116524304135E-4
5069 5.97116524304135E-4
5100 5.97116524304135E-4
5122 5.97116524304135E-4
5132 5.97116524304135E-4
51324 5.97116524304135E-4
51341 5.97116524304135E-4
51548 5.97116524304135E-4
5159 5.97116524304135E-4
51742 5.97116524304135E-4
51754 5.97116524304135E-4
51776 5.97116524304135E-4
5296 5.97116524304135E-4
5313 5.97116524304135E-4
5335 5.97116524304135E-4
5354 5.97116524304135E-4
5362 5.97116524304135E-4
53827 5.97116524304135E-4
54205 5.97116524304135E-4
5473 5.97116524304135E-4
5478 5.97116524304135E-4
5479 5.97116524304135E-4
54822 5.97116524304135E-4
54888 5.97116524304135E-4
54905 5.97116524304135E-4
55065 5.97116524304135E-4
55107 5.97116524304135E-4
5511 5.97116524304135E-4
55193 5.97116524304135E-4
5521 5.97116524304135E-4
55278 5.97116524304135E-4
55359 5.97116524304135E-4
5536 5.97116524304135E-4
55503 5.97116524304135E-4
5553 5.97116524304135E-4
55603 5.97116524304135E-4
5562 5.97116524304135E-4
55740 5.97116524304135E-4
55872 5.97116524304135E-4
55959 5.97116524304135E-4
56034 5.97116524304135E-4
5604 5.97116524304135E-4
5607 5.97116524304135E-4
5610 5.97116524304135E-4
5650 5.97116524304135E-4
5660 5.97116524304135E-4
56616 5.97116524304135E-4
56729 5.97116524304135E-4
57111 5.97116524304135E-4
57167 5.97116524304135E-4
572 5.97116524304135E-4
5731 5.97116524304135E-4
57332 5.97116524304135E-4
57414 5.97116524304135E-4
57459 5.97116524304135E-4
57491 5.97116524304135E-4
57506 5.97116524304135E-4
57541 5.97116524304135E-4
57591 5.97116524304135E-4
57626 5.97116524304135E-4
57805 5.97116524304135E-4
57834 5.97116524304135E-4
5792 5.97116524304135E-4
5800 5.97116524304135E-4
58155 5.97116524304135E-4
58508 5.97116524304135E-4
5881 5.97116524304135E-4
5906 5.97116524304135E-4
597 5.97116524304135E-4
5987 5.97116524304135E-4
6014 5.97116524304135E-4
6016 5.97116524304135E-4
6023 5.97116524304135E-4
6048 5.97116524304135E-4
6095 5.97116524304135E-4
6097 5.97116524304135E-4
6139 5.97116524304135E-4
6199 5.97116524304135E-4
6286 5.97116524304135E-4
6298 5.97116524304135E-4
6300 5.97116524304135E-4
6319 5.97116524304135E-4
6336 5.97116524304135E-4
6362 5.97116524304135E-4
6364 5.97116524304135E-4
6376 5.97116524304135E-4
63826 5.97116524304135E-4
6386 5.97116524304135E-4
6403 5.97116524304135E-4
64100 5.97116524304135E-4
6425 5.97116524304135E-4
64285 5.97116524304135E-4
643 5.97116524304135E-4
64321 5.97116524304135E-4
6447 5.97116524304135E-4
64478 5.97116524304135E-4
6478 5.97116524304135E-4
6482 5.97116524304135E-4
65059 5.97116524304135E-4
6508 5.97116524304135E-4
6515 5.97116524304135E-4
6541 5.97116524304135E-4
6559 5.97116524304135E-4
6566 5.97116524304135E-4
6594 5.97116524304135E-4
6598 5.97116524304135E-4
65986 5.97116524304135E-4
6649 5.97116524304135E-4
6677 5.97116524304135E-4
6697 5.97116524304135E-4
673 5.97116524304135E-4
6749 5.97116524304135E-4
6757 5.97116524304135E-4
6833 5.97116524304135E-4
6839 5.97116524304135E-4
685 5.97116524304135E-4
6886 5.97116524304135E-4
6901 5.97116524304135E-4
6926 5.97116524304135E-4
6929 5.97116524304135E-4
7027 5.97116524304135E-4
7035 5.97116524304135E-4
7043 5.97116524304135E-4
7067 5.97116524304135E-4
7068 5.97116524304135E-4
7080 5.97116524304135E-4
7083 5.97116524304135E-4
7087 5.97116524304135E-4
7122 5.97116524304135E-4
7134 5.97116524304135E-4
7149 5.97116524304135E-4
7178 5.97116524304135E-4
7184 5.97116524304135E-4
7249 5.97116524304135E-4
7268 5.97116524304135E-4
727837 5.97116524304135E-4
728239 5.97116524304135E-4
728358 5.97116524304135E-4
728378 5.97116524304135E-4
729659 5.97116524304135E-4
729759 5.97116524304135E-4
7334 5.97116524304135E-4
7351 5.97116524304135E-4
7355 5.97116524304135E-4
7368 5.97116524304135E-4
7408 5.97116524304135E-4
7430 5.97116524304135E-4
7454 5.97116524304135E-4
7471 5.97116524304135E-4
7472 5.97116524304135E-4
7498 5.97116524304135E-4
754 5.97116524304135E-4
7584 5.97116524304135E-4
771 5.97116524304135E-4
7855 5.97116524304135E-4
7913 5.97116524304135E-4
79188 5.97116524304135E-4
79447 5.97116524304135E-4
79594 5.97116524304135E-4
796 5.97116524304135E-4
79707 5.97116524304135E-4
79727 5.97116524304135E-4
8031 5.97116524304135E-4
80312 5.97116524304135E-4
80331 5.97116524304135E-4
8034 5.97116524304135E-4
8050 5.97116524304135E-4
8065 5.97116524304135E-4
80704 5.97116524304135E-4
8073 5.97116524304135E-4
80760 5.97116524304135E-4
80774 5.97116524304135E-4
8085 5.97116524304135E-4
81 5.97116524304135E-4
81037 5.97116524304135E-4
81399 5.97116524304135E-4
8144 5.97116524304135E-4
81442 5.97116524304135E-4
81448 5.97116524304135E-4
81469 5.97116524304135E-4
81557 5.97116524304135E-4
8163 5.97116524304135E-4
820 5.97116524304135E-4
8215 5.97116524304135E-4
8241 5.97116524304135E-4
8260 5.97116524304135E-4
831 5.97116524304135E-4
83394 5.97116524304135E-4
8405 5.97116524304135E-4
8408 5.97116524304135E-4
84152 5.97116524304135E-4
84417 5.97116524304135E-4
8445 5.97116524304135E-4
84557 5.97116524304135E-4
84650 5.97116524304135E-4
8473 5.97116524304135E-4
84876 5.97116524304135E-4
84959 5.97116524304135E-4
85344 5.97116524304135E-4
85453 5.97116524304135E-4
85480 5.97116524304135E-4
858 5.97116524304135E-4
863 5.97116524304135E-4
8650 5.97116524304135E-4
8745 5.97116524304135E-4
8754 5.97116524304135E-4
8784 5.97116524304135E-4
8821 5.97116524304135E-4
8826 5.97116524304135E-4
8828 5.97116524304135E-4
8840 5.97116524304135E-4
8842 5.97116524304135E-4
8851 5.97116524304135E-4
8863 5.97116524304135E-4
8864 5.97116524304135E-4
8874 5.97116524304135E-4
8914 5.97116524304135E-4
899 5.97116524304135E-4
8994 5.97116524304135E-4
9021 5.97116524304135E-4
9027 5.97116524304135E-4
9055 5.97116524304135E-4
9075 5.97116524304135E-4
9076 5.97116524304135E-4
909 5.97116524304135E-4
9092 5.97116524304135E-4
9211 5.97116524304135E-4
9235 5.97116524304135E-4
9254 5.97116524304135E-4
9260 5.97116524304135E-4
92912 5.97116524304135E-4
9308 5.97116524304135E-4
93210 5.97116524304135E-4
9372 5.97116524304135E-4
94234 5.97116524304135E-4
9462 5.97116524304135E-4
9498 5.97116524304135E-4
9510 5.97116524304135E-4
9572 5.97116524304135E-4
9575 5.97116524304135E-4
958 5.97116524304135E-4
959 5.97116524304135E-4
9607 5.97116524304135E-4
966 5.97116524304135E-4
9682 5.97116524304135E-4
970 5.97116524304135E-4
9705 5.97116524304135E-4
9757 5.97116524304135E-4
9788 5.97116524304135E-4
9825 5.97116524304135E-4
9900 5.97116524304135E-4
993 5.97116524304135E-4
9971 5.97116524304135E-4
50999 2.98558262152068E-4
51008 2.98558262152068E-4
51056 2.98558262152068E-4
51083 2.98558262152068E-4
51105 2.98558262152068E-4
51132 2.98558262152068E-4
51141 2.98558262152068E-4
51176 2.98558262152068E-4
51203 2.98558262152068E-4
51237 2.98558262152068E-4
51268 2.98558262152068E-4
51284 2.98558262152068E-4
51305 2.98558262152068E-4
51364 2.98558262152068E-4
51365 2.98558262152068E-4
51422 2.98558262152068E-4
51434 2.98558262152068E-4
51435 2.98558262152068E-4
5144 2.98558262152068E-4
51474 2.98558262152068E-4
51491 2.98558262152068E-4
51523 2.98558262152068E-4
51529 2.98558262152068E-4
51561 2.98558262152068E-4
51586 2.98558262152068E-4
51604 2.98558262152068E-4
5164 2.98558262152068E-4
51659 2.98558262152068E-4
5167 2.98558262152068E-4
5172 2.98558262152068E-4
51735 2.98558262152068E-4
5174 2.98558262152068E-4
51744 2.98558262152068E-4
5178 2.98558262152068E-4
5196 2.98558262152068E-4
5214 2.98558262152068E-4
5230 2.98558262152068E-4
5236 2.98558262152068E-4
5252 2.98558262152068E-4
5253 2.98558262152068E-4
5268 2.98558262152068E-4
5269 2.98558262152068E-4
5270 2.98558262152068E-4
5272 2.98558262152068E-4
53 2.98558262152068E-4
5310 2.98558262152068E-4
5317 2.98558262152068E-4
5330 2.98558262152068E-4
5333 2.98558262152068E-4
5337 2.98558262152068E-4
5338 2.98558262152068E-4
5341 2.98558262152068E-4
5360 2.98558262152068E-4
5361 2.98558262152068E-4
53616 2.98558262152068E-4
5366 2.98558262152068E-4
5368 2.98558262152068E-4
5409 2.98558262152068E-4
541466 2.98558262152068E-4
54443 2.98558262152068E-4
54472 2.98558262152068E-4
54498 2.98558262152068E-4
5452 2.98558262152068E-4
54556 2.98558262152068E-4
5460 2.98558262152068E-4
5464 2.98558262152068E-4
54704 2.98558262152068E-4
54732 2.98558262152068E-4
54751 2.98558262152068E-4
54790 2.98558262152068E-4
54858 2.98558262152068E-4
54874 2.98558262152068E-4
54914 2.98558262152068E-4
54933 2.98558262152068E-4
54935 2.98558262152068E-4
54936 2.98558262152068E-4
54938 2.98558262152068E-4
54959 2.98558262152068E-4
5499 2.98558262152068E-4
54997 2.98558262152068E-4
55011 2.98558262152068E-4
55034 2.98558262152068E-4
55076 2.98558262152068E-4
55083 2.98558262152068E-4
55105 2.98558262152068E-4
55119 2.98558262152068E-4
55154 2.98558262152068E-4
55170 2.98558262152068E-4
55223 2.98558262152068E-4
55272 2.98558262152068E-4
55297 2.98558262152068E-4
55308 2.98558262152068E-4
5531 2.98558262152068E-4
55333 2.98558262152068E-4
5534 2.98558262152068E-4
5537 2.98558262152068E-4
55379 2.98558262152068E-4
5540 2.98558262152068E-4
554 2.98558262152068E-4
554212 2.98558262152068E-4
55422 2.98558262152068E-4
5547 2.98558262152068E-4
5554 2.98558262152068E-4
5555 2.98558262152068E-4
55585 2.98558262152068E-4
55615 2.98558262152068E-4
5563 2.98558262152068E-4
5564 2.98558262152068E-4
55662 2.98558262152068E-4
55684 2.98558262152068E-4
5570 2.98558262152068E-4
55750 2.98558262152068E-4
55766 2.98558262152068E-4
5580 2.98558262152068E-4
55808 2.98558262152068E-4
55810 2.98558262152068E-4
5581 2.98558262152068E-4
55835 2.98558262152068E-4
55850 2.98558262152068E-4
55893 2.98558262152068E-4
55898 2.98558262152068E-4
5590 2.98558262152068E-4
5598 2.98558262152068E-4
56005 2.98558262152068E-4
56052 2.98558262152068E-4
56100 2.98558262152068E-4
56115 2.98558262152068E-4
56116 2.98558262152068E-4
56117 2.98558262152068E-4
5621 2.98558262152068E-4
5623 2.98558262152068E-4
56241 2.98558262152068E-4
56287 2.98558262152068E-4
5629 2.98558262152068E-4
563 2.98558262152068E-4
5640 2.98558262152068E-4
5657 2.98558262152068E-4
56731 2.98558262152068E-4
56848 2.98558262152068E-4
56892 2.98558262152068E-4
56904 2.98558262152068E-4
5691 2.98558262152068E-4
56911 2.98558262152068E-4
56925 2.98558262152068E-4
56937 2.98558262152068E-4
56940 2.98558262152068E-4
5700 2.98558262152068E-4
5705 2.98558262152068E-4
5706 2.98558262152068E-4
5707 2.98558262152068E-4
57105 2.98558262152068E-4
57120 2.98558262152068E-4
57126 2.98558262152068E-4
57148 2.98558262152068E-4
57165 2.98558262152068E-4
57178 2.98558262152068E-4
57181 2.98558262152068E-4
57186 2.98558262152068E-4
57214 2.98558262152068E-4
57221 2.98558262152068E-4
5723 2.98558262152068E-4
5733 2.98558262152068E-4
5734 2.98558262152068E-4
574 2.98558262152068E-4
57551 2.98558262152068E-4
57561 2.98558262152068E-4
57616 2.98558262152068E-4
57620 2.98558262152068E-4
57659 2.98558262152068E-4
5768 2.98558262152068E-4
5771 2.98558262152068E-4
5780 2.98558262152068E-4
57817 2.98558262152068E-4
5782 2.98558262152068E-4
5793 2.98558262152068E-4
5797 2.98558262152068E-4
5806 2.98558262152068E-4
5817 2.98558262152068E-4
5818 2.98558262152068E-4
5820 2.98558262152068E-4
58506 2.98558262152068E-4
5880 2.98558262152068E-4
5897 2.98558262152068E-4
5898 2.98558262152068E-4
5911 2.98558262152068E-4
5918 2.98558262152068E-4
5921 2.98558262152068E-4
5930 2.98558262152068E-4
5935 2.98558262152068E-4
59352 2.98558262152068E-4
594 2.98558262152068E-4
5962 2.98558262152068E-4
598 2.98558262152068E-4
5989 2.98558262152068E-4
599 2.98558262152068E-4
5999 2.98558262152068E-4
6012 2.98558262152068E-4
60401 2.98558262152068E-4
6047 2.98558262152068E-4
60485 2.98558262152068E-4
60672 2.98558262152068E-4
60674 2.98558262152068E-4
6080 2.98558262152068E-4
6134 2.98558262152068E-4
618 2.98558262152068E-4
6185 2.98558262152068E-4
6191 2.98558262152068E-4
619373 2.98558262152068E-4
6194 2.98558262152068E-4
622 2.98558262152068E-4
623 2.98558262152068E-4
6232 2.98558262152068E-4
6233 2.98558262152068E-4
6236 2.98558262152068E-4
6237 2.98558262152068E-4
6273 2.98558262152068E-4
6296 2.98558262152068E-4
6301 2.98558262152068E-4
633 2.98558262152068E-4
6348 2.98558262152068E-4
6351 2.98558262152068E-4
6358 2.98558262152068E-4
6360 2.98558262152068E-4
6363 2.98558262152068E-4
6383 2.98558262152068E-4
63943 2.98558262152068E-4
63978 2.98558262152068E-4
6400 2.98558262152068E-4
6405 2.98558262152068E-4
64072 2.98558262152068E-4
64083 2.98558262152068E-4
6416 2.98558262152068E-4
64236 2.98558262152068E-4
6426 2.98558262152068E-4
6430 2.98558262152068E-4
64326 2.98558262152068E-4
646 2.98558262152068E-4
6468 2.98558262152068E-4
64714 2.98558262152068E-4
64806 2.98558262152068E-4
64840 2.98558262152068E-4
64866 2.98558262152068E-4
649 2.98558262152068E-4
6493 2.98558262152068E-4
6495 2.98558262152068E-4
6504 2.98558262152068E-4
65084 2.98558262152068E-4
653 2.98558262152068E-4
653499 2.98558262152068E-4
6535 2.98558262152068E-4
654231 2.98558262152068E-4
658 2.98558262152068E-4
6608 2.98558262152068E-4
6610 2.98558262152068E-4
6611 2.98558262152068E-4
6638 2.98558262152068E-4
6640 2.98558262152068E-4
665 2.98558262152068E-4
6662 2.98558262152068E-4
6690 2.98558262152068E-4
6721 2.98558262152068E-4
6725 2.98558262152068E-4
6737 2.98558262152068E-4
6741 2.98558262152068E-4
6770 2.98558262152068E-4
6773 2.98558262152068E-4
6788 2.98558262152068E-4
680 2.98558262152068E-4
6814 2.98558262152068E-4
6818 2.98558262152068E-4
6829 2.98558262152068E-4
684 2.98558262152068E-4
686 2.98558262152068E-4
6876 2.98558262152068E-4
6885 2.98558262152068E-4
6888 2.98558262152068E-4
6890 2.98558262152068E-4
6898 2.98558262152068E-4
6900 2.98558262152068E-4
690 2.98558262152068E-4
6902 2.98558262152068E-4
6903 2.98558262152068E-4
6905 2.98558262152068E-4
692094 2.98558262152068E-4
693193 2.98558262152068E-4
6947 2.98558262152068E-4
6955 2.98558262152068E-4
6997 2.98558262152068E-4
7006 2.98558262152068E-4
7019 2.98558262152068E-4
7023 2.98558262152068E-4
7038 2.98558262152068E-4
7045 2.98558262152068E-4
7049 2.98558262152068E-4
7079 2.98558262152068E-4
7082 2.98558262152068E-4
7088 2.98558262152068E-4
7091 2.98558262152068E-4
7094 2.98558262152068E-4
7100 2.98558262152068E-4
7141 2.98558262152068E-4
7155 2.98558262152068E-4
7159 2.98558262152068E-4
7164 2.98558262152068E-4
7165 2.98558262152068E-4
7167 2.98558262152068E-4
7182 2.98558262152068E-4
7189 2.98558262152068E-4
7190 2.98558262152068E-4
720 2.98558262152068E-4
721 2.98558262152068E-4
7276 2.98558262152068E-4
727833 2.98558262152068E-4
729230 2.98558262152068E-4
7301 2.98558262152068E-4
7316 2.98558262152068E-4
7341 2.98558262152068E-4
7343 2.98558262152068E-4
7367 2.98558262152068E-4
7375 2.98558262152068E-4
7402 2.98558262152068E-4
7416 2.98558262152068E-4
7417 2.98558262152068E-4
7423 2.98558262152068E-4
7444 2.98558262152068E-4
7456 2.98558262152068E-4
7485 2.98558262152068E-4
7502 2.98558262152068E-4
7503 2.98558262152068E-4
7572 2.98558262152068E-4
770 2.98558262152068E-4
7703 2.98558262152068E-4
7786 2.98558262152068E-4
7802 2.98558262152068E-4
79004 2.98558262152068E-4
79039 2.98558262152068E-4
79054 2.98558262152068E-4
791122 2.98558262152068E-4
79184 2.98558262152068E-4
7922 2.98558262152068E-4
79299 2.98558262152068E-4
7939 2.98558262152068E-4
79697 2.98558262152068E-4
79716 2.98558262152068E-4
79719 2.98558262152068E-4
79759 2.98558262152068E-4
7982 2.98558262152068E-4
7984 2.98558262152068E-4
79843 2.98558262152068E-4
79869 2.98558262152068E-4
79923 2.98558262152068E-4
79969 2.98558262152068E-4
80119 2.98558262152068E-4
8013 2.98558262152068E-4
80216 2.98558262152068E-4
80243 2.98558262152068E-4
80306 2.98558262152068E-4
80332 2.98558262152068E-4
80725 2.98558262152068E-4
80856 2.98558262152068E-4
8086 2.98558262152068E-4
8092 2.98558262152068E-4
81030 2.98558262152068E-4
81031 2.98558262152068E-4
8115 2.98558262152068E-4
81470 2.98558262152068E-4
81502 2.98558262152068E-4
81537 2.98558262152068E-4
81544 2.98558262152068E-4
81606 2.98558262152068E-4
81671 2.98558262152068E-4
81796 2.98558262152068E-4
81839 2.98558262152068E-4
8209 2.98558262152068E-4
8243 2.98558262152068E-4
8301 2.98558262152068E-4
8317 2.98558262152068E-4
8324 2.98558262152068E-4
8325 2.98558262152068E-4
8342 2.98558262152068E-4
83439 2.98558262152068E-4
835 2.98558262152068E-4
83696 2.98558262152068E-4
83742 2.98558262152068E-4
8379 2.98558262152068E-4
83853 2.98558262152068E-4
83858 2.98558262152068E-4
83871 2.98558262152068E-4
83879 2.98558262152068E-4
83941 2.98558262152068E-4
84034 2.98558262152068E-4
84084 2.98558262152068E-4
84148 2.98558262152068E-4
84181 2.98558262152068E-4
84268 2.98558262152068E-4
8449 2.98558262152068E-4
84513 2.98558262152068E-4
84634 2.98558262152068E-4
84669 2.98558262152068E-4
8467 2.98558262152068E-4
84812 2.98558262152068E-4
84864 2.98558262152068E-4
84888 2.98558262152068E-4
84919 2.98558262152068E-4
84985 2.98558262152068E-4
8505 2.98558262152068E-4
8517 2.98558262152068E-4
8531 2.98558262152068E-4
85349 2.98558262152068E-4
8538 2.98558262152068E-4
85456 2.98558262152068E-4
85476 2.98558262152068E-4
8548 2.98558262152068E-4
8562 2.98558262152068E-4
8567 2.98558262152068E-4
8572 2.98558262152068E-4
8575 2.98558262152068E-4
862 2.98558262152068E-4
8634 2.98558262152068E-4
8645 2.98558262152068E-4
8649 2.98558262152068E-4
8685 2.98558262152068E-4
8725 2.98558262152068E-4
8726 2.98558262152068E-4
8814 2.98558262152068E-4
8815 2.98558262152068E-4
8822 2.98558262152068E-4
8836 2.98558262152068E-4
8843 2.98558262152068E-4
8852 2.98558262152068E-4
8872 2.98558262152068E-4
8896 2.98558262152068E-4
8905 2.98558262152068E-4
8926 2.98558262152068E-4
8930 2.98558262152068E-4
8976 2.98558262152068E-4
89796 2.98558262152068E-4
8991 2.98558262152068E-4
8997 2.98558262152068E-4
8999 2.98558262152068E-4
9020 2.98558262152068E-4
902 2.98558262152068E-4
9033 2.98558262152068E-4
90410 2.98558262152068E-4
9048 2.98558262152068E-4
9061 2.98558262152068E-4
90678 2.98558262152068E-4
90780 2.98558262152068E-4
9098 2.98558262152068E-4
910 2.98558262152068E-4
911 2.98558262152068E-4
91133 2.98558262152068E-4
9129 2.98558262152068E-4
9133 2.98558262152068E-4
9140 2.98558262152068E-4
9152 2.98558262152068E-4
9159 2.98558262152068E-4
9172 2.98558262152068E-4
9180 2.98558262152068E-4
91833 2.98558262152068E-4
9197 2.98558262152068E-4
91975 2.98558262152068E-4
9200 2.98558262152068E-4
92002 2.98558262152068E-4
92170 2.98558262152068E-4
9217 2.98558262152068E-4
9241 2.98558262152068E-4
9261 2.98558262152068E-4
92822 2.98558262152068E-4
93487 2.98558262152068E-4
93655 2.98558262152068E-4
9369 2.98558262152068E-4
94027 2.98558262152068E-4
94115 2.98558262152068E-4
94240 2.98558262152068E-4
943 2.98558262152068E-4
9447 2.98558262152068E-4
9448 2.98558262152068E-4
9463 2.98558262152068E-4
9518 2.98558262152068E-4
9525 2.98558262152068E-4
9527 2.98558262152068E-4
9530 2.98558262152068E-4
9531 2.98558262152068E-4
9538 2.98558262152068E-4
9542 2.98558262152068E-4
9543 2.98558262152068E-4
9555 2.98558262152068E-4
9560 2.98558262152068E-4
9576 2.98558262152068E-4
9584 2.98558262152068E-4
9588 2.98558262152068E-4
9590 2.98558262152068E-4
9610 2.98558262152068E-4
961 2.98558262152068E-4
9638 2.98558262152068E-4
968 2.98558262152068E-4
9702 2.98558262152068E-4
9722 2.98558262152068E-4
9727 2.98558262152068E-4
9730 2.98558262152068E-4
9748 2.98558262152068E-4
9754 2.98558262152068E-4
9781 2.98558262152068E-4
9837 2.98558262152068E-4
9861 2.98558262152068E-4
9879 2.98558262152068E-4
9901 2.98558262152068E-4
9902 2.98558262152068E-4
9914 2.98558262152068E-4
9915 2.98558262152068E-4
9919 2.98558262152068E-4
9922 2.98558262152068E-4
9966 2.98558262152068E-4
9970 2.98558262152068E-4
9984 2.98558262152068E-4
10000 2.98558262152068E-4
10002 2.98558262152068E-4
10007 2.98558262152068E-4
100124696 2.98558262152068E-4
100128922 2.98558262152068E-4
100187828 2.98558262152068E-4
100288966 2.98558262152068E-4
100289178 2.98558262152068E-4
100293534 2.98558262152068E-4
1003 2.98558262152068E-4
100329167 2.98558262152068E-4
10038 2.98558262152068E-4
100529063 2.98558262152068E-4
10054 2.98558262152068E-4
10055 2.98558262152068E-4
10057 2.98558262152068E-4
10059 2.98558262152068E-4
100616443 2.98558262152068E-4
100616444 2.98558262152068E-4
100775105 2.98558262152068E-4
10084 2.98558262152068E-4
100861437 2.98558262152068E-4
1009 2.98558262152068E-4
100913187 2.98558262152068E-4
100996758 2.98558262152068E-4
101243544 2.98558262152068E-4
10133 2.98558262152068E-4
10134 2.98558262152068E-4
10140 2.98558262152068E-4
10155 2.98558262152068E-4
10159 2.98558262152068E-4
10181 2.98558262152068E-4
10188 2.98558262152068E-4
10189 2.98558262152068E-4
101929857 2.98558262152068E-4
10193 2.98558262152068E-4
101930123 2.98558262152068E-4
101930400 2.98558262152068E-4
10205 2.98558262152068E-4
10208 2.98558262152068E-4
10211 2.98558262152068E-4
102157402 2.98558262152068E-4
10243 2.98558262152068E-4
10247 2.98558262152068E-4
1025 2.98558262152068E-4
10256 2.98558262152068E-4
10276 2.98558262152068E-4
10294 2.98558262152068E-4
10306 2.98558262152068E-4
10322 2.98558262152068E-4
10381 2.98558262152068E-4
10447 2.98558262152068E-4
10464 2.98558262152068E-4
10487 2.98558262152068E-4
10488 2.98558262152068E-4
10513 2.98558262152068E-4
10539 2.98558262152068E-4
10544 2.98558262152068E-4
10580 2.98558262152068E-4
1058 2.98558262152068E-4
1059 2.98558262152068E-4
10594 2.98558262152068E-4
10610 2.98558262152068E-4
10628 2.98558262152068E-4
10641 2.98558262152068E-4
10653 2.98558262152068E-4
10728 2.98558262152068E-4
1073 2.98558262152068E-4
10752 2.98558262152068E-4
10761 2.98558262152068E-4
10777 2.98558262152068E-4
10797 2.98558262152068E-4
10809 2.98558262152068E-4
10810 2.98558262152068E-4
10817 2.98558262152068E-4
10818 2.98558262152068E-4
1082 2.98558262152068E-4
10859 2.98558262152068E-4
10904 2.98558262152068E-4
10912 2.98558262152068E-4
10913 2.98558262152068E-4
10920 2.98558262152068E-4
10966 2.98558262152068E-4
10972 2.98558262152068E-4
10980 2.98558262152068E-4
11001 2.98558262152068E-4
11012 2.98558262152068E-4
11068 2.98558262152068E-4
11076 2.98558262152068E-4
11091 2.98558262152068E-4
11095 2.98558262152068E-4
11098 2.98558262152068E-4
11171 2.98558262152068E-4
1118 2.98558262152068E-4
112399 2.98558262152068E-4
112464 2.98558262152068E-4
11254 2.98558262152068E-4
112744 2.98558262152068E-4
11337 2.98558262152068E-4
113452 2.98558262152068E-4
114569 2.98558262152068E-4
114769 2.98558262152068E-4
114783 2.98558262152068E-4
114799 2.98558262152068E-4
116 2.98558262152068E-4
116179 2.98558262152068E-4
119392 2.98558262152068E-4
12 2.98558262152068E-4
1213 2.98558262152068E-4
121360 2.98558262152068E-4
1215 2.98558262152068E-4
122011 2.98558262152068E-4
124446 2.98558262152068E-4
1268 2.98558262152068E-4
1269 2.98558262152068E-4
127062 2.98558262152068E-4
127617 2.98558262152068E-4
128 2.98558262152068E-4
128209 2.98558262152068E-4
128368 2.98558262152068E-4
1287 2.98558262152068E-4
13 2.98558262152068E-4
1303 2.98558262152068E-4
1311 2.98558262152068E-4
131578 2.98558262152068E-4
134 2.98558262152068E-4
135112 2.98558262152068E-4
1360 2.98558262152068E-4
1374 2.98558262152068E-4
1376 2.98558262152068E-4
1394 2.98558262152068E-4
1395 2.98558262152068E-4
1397 2.98558262152068E-4
139728 2.98558262152068E-4
140628 2.98558262152068E-4
140683 2.98558262152068E-4
140809 2.98558262152068E-4
140821 2.98558262152068E-4
140862 2.98558262152068E-4
1420 2.98558262152068E-4
143384 2.98558262152068E-4
1445 2.98558262152068E-4
1452 2.98558262152068E-4
145957 2.98558262152068E-4
146923 2.98558262152068E-4
1470 2.98558262152068E-4
147007 2.98558262152068E-4
1473 2.98558262152068E-4
148 2.98558262152068E-4
1483 2.98558262152068E-4
149420 2.98558262152068E-4
149563 2.98558262152068E-4
149628 2.98558262152068E-4
150094 2.98558262152068E-4
150165 2.98558262152068E-4
1506 2.98558262152068E-4
151 2.98558262152068E-4
1514 2.98558262152068E-4
1535 2.98558262152068E-4
1540 2.98558262152068E-4
156 2.98558262152068E-4
157310 2.98558262152068E-4
1592 2.98558262152068E-4
1601 2.98558262152068E-4
160728 2.98558262152068E-4
1613 2.98558262152068E-4
161582 2.98558262152068E-4
1650 2.98558262152068E-4
1654 2.98558262152068E-4
165918 2.98558262152068E-4
1662 2.98558262152068E-4
1663 2.98558262152068E-4
1668 2.98558262152068E-4
166968 2.98558262152068E-4
170506 2.98558262152068E-4
171023 2.98558262152068E-4
1738 2.98558262152068E-4
1746 2.98558262152068E-4
1749 2.98558262152068E-4
175 2.98558262152068E-4
1758 2.98558262152068E-4
1795 2.98558262152068E-4
1796 2.98558262152068E-4
1803 2.98558262152068E-4
1829 2.98558262152068E-4
1846 2.98558262152068E-4
1870 2.98558262152068E-4
1892 2.98558262152068E-4
1908 2.98558262152068E-4
1915 2.98558262152068E-4
1959 2.98558262152068E-4
197 2.98558262152068E-4
1981 2.98558262152068E-4
199 2.98558262152068E-4
1994 2.98558262152068E-4
199720 2.98558262152068E-4
2001 2.98558262152068E-4
200186 2.98558262152068E-4
200315 2.98558262152068E-4
200575 2.98558262152068E-4
2006 2.98558262152068E-4
201294 2.98558262152068E-4
2020 2.98558262152068E-4
2028 2.98558262152068E-4
2030 2.98558262152068E-4
203 2.98558262152068E-4
2041 2.98558262152068E-4
2044 2.98558262152068E-4
2047 2.98558262152068E-4
2050 2.98558262152068E-4
2059 2.98558262152068E-4
206358 2.98558262152068E-4
2069 2.98558262152068E-4
2079 2.98558262152068E-4
2091 2.98558262152068E-4
2108 2.98558262152068E-4
2109 2.98558262152068E-4
2110 2.98558262152068E-4
2113 2.98558262152068E-4
2114 2.98558262152068E-4
2138 2.98558262152068E-4
2139 2.98558262152068E-4
2161 2.98558262152068E-4
2182 2.98558262152068E-4
2197 2.98558262152068E-4
2199 2.98558262152068E-4
220 2.98558262152068E-4
2202 2.98558262152068E-4
2203 2.98558262152068E-4
221037 2.98558262152068E-4
221491 2.98558262152068E-4
221914 2.98558262152068E-4
2241 2.98558262152068E-4
2243 2.98558262152068E-4
225689 2.98558262152068E-4
2268 2.98558262152068E-4
2273 2.98558262152068E-4
2275 2.98558262152068E-4
22858 2.98558262152068E-4
22868 2.98558262152068E-4
22900 2.98558262152068E-4
2295 2.98558262152068E-4
22994 2.98558262152068E-4
2304 2.98558262152068E-4
23043 2.98558262152068E-4
23047 2.98558262152068E-4
23072 2.98558262152068E-4
23077 2.98558262152068E-4
2312 2.98558262152068E-4
23152 2.98558262152068E-4
23210 2.98558262152068E-4
23219 2.98558262152068E-4
23237 2.98558262152068E-4
23263 2.98558262152068E-4
23286 2.98558262152068E-4
23317 2.98558262152068E-4
23336 2.98558262152068E-4
23365 2.98558262152068E-4
23380 2.98558262152068E-4
23451 2.98558262152068E-4
23468 2.98558262152068E-4
23471 2.98558262152068E-4
23481 2.98558262152068E-4
23493 2.98558262152068E-4
23523 2.98558262152068E-4
23552 2.98558262152068E-4
23558 2.98558262152068E-4
23560 2.98558262152068E-4
23612 2.98558262152068E-4
23619 2.98558262152068E-4
2405 2.98558262152068E-4
246778 2.98558262152068E-4
2516 2.98558262152068E-4
2549 2.98558262152068E-4
255743 2.98558262152068E-4
256933 2.98558262152068E-4
25801 2.98558262152068E-4
25805 2.98558262152068E-4
25873 2.98558262152068E-4
25898 2.98558262152068E-4
25907 2.98558262152068E-4
25932 2.98558262152068E-4
26018 2.98558262152068E-4
260425 2.98558262152068E-4
26121 2.98558262152068E-4
2617 2.98558262152068E-4
2621 2.98558262152068E-4
2622 2.98558262152068E-4
26353 2.98558262152068E-4
26471 2.98558262152068E-4
26509 2.98558262152068E-4
2651 2.98558262152068E-4
26512 2.98558262152068E-4
26579 2.98558262152068E-4
267 2.98558262152068E-4
267004 2.98558262152068E-4
26762 2.98558262152068E-4
268 2.98558262152068E-4
26959 2.98558262152068E-4
26999 2.98558262152068E-4
27032 2.98558262152068E-4
27044 2.98558262152068E-4
2706 2.98558262152068E-4
27121 2.98558262152068E-4
27132 2.98558262152068E-4
27160 2.98558262152068E-4
27259 2.98558262152068E-4
27316 2.98558262152068E-4
27338 2.98558262152068E-4
27339 2.98558262152068E-4
27342 2.98558262152068E-4
27346 2.98558262152068E-4
27347 2.98558262152068E-4
2736 2.98558262152068E-4
2737 2.98558262152068E-4
28232 2.98558262152068E-4
2827 2.98558262152068E-4
283297 2.98558262152068E-4
2840 2.98558262152068E-4
284086 2.98558262152068E-4
28421 2.98558262152068E-4
28470 2.98558262152068E-4
285489 2.98558262152068E-4
2868 2.98558262152068E-4
28755 2.98558262152068E-4
2877 2.98558262152068E-4
2878 2.98558262152068E-4
2887 2.98558262152068E-4
28985 2.98558262152068E-4
28992 2.98558262152068E-4
29110 2.98558262152068E-4
2925 2.98558262152068E-4
2933 2.98558262152068E-4
2967 2.98558262152068E-4
29763 2.98558262152068E-4
29803 2.98558262152068E-4
2984 2.98558262152068E-4
29843 2.98558262152068E-4
29904 2.98558262152068E-4
29919 2.98558262152068E-4
29943 2.98558262152068E-4
29948 2.98558262152068E-4
29950 2.98558262152068E-4
29967 2.98558262152068E-4
30008 2.98558262152068E-4
3045 2.98558262152068E-4
3064 2.98558262152068E-4
3069 2.98558262152068E-4
3075 2.98558262152068E-4
30827 2.98558262152068E-4
3083 2.98558262152068E-4
3096 2.98558262152068E-4
3113 2.98558262152068E-4
3141 2.98558262152068E-4
3155 2.98558262152068E-4
3158 2.98558262152068E-4
317754 2.98558262152068E-4
317782 2.98558262152068E-4
3197 2.98558262152068E-4
3204 2.98558262152068E-4
3212 2.98558262152068E-4
3225 2.98558262152068E-4
3226 2.98558262152068E-4
3227 2.98558262152068E-4
3236 2.98558262152068E-4
3239 2.98558262152068E-4
3241 2.98558262152068E-4
326343 2.98558262152068E-4
3267 2.98558262152068E-4
3272 2.98558262152068E-4
3280 2.98558262152068E-4
3281 2.98558262152068E-4
3306 2.98558262152068E-4
3312 2.98558262152068E-4
3324 2.98558262152068E-4
3326 2.98558262152068E-4
338324 2.98558262152068E-4
338328 2.98558262152068E-4
338340 2.98558262152068E-4
3386 2.98558262152068E-4
3394 2.98558262152068E-4
340152 2.98558262152068E-4
343170 2.98558262152068E-4
3434 2.98558262152068E-4
3459 2.98558262152068E-4
346389 2.98558262152068E-4
347 2.98558262152068E-4
347252 2.98558262152068E-4
348120 2.98558262152068E-4
348235 2.98558262152068E-4
348995 2.98558262152068E-4
3561 2.98558262152068E-4
3575 2.98558262152068E-4
360 2.98558262152068E-4
3609 2.98558262152068E-4
3614 2.98558262152068E-4
362 2.98558262152068E-4
3622 2.98558262152068E-4
3641 2.98558262152068E-4
3663 2.98558262152068E-4
3674 2.98558262152068E-4
3698 2.98558262152068E-4
3700 2.98558262152068E-4
3716 2.98558262152068E-4
3736 2.98558262152068E-4
374291 2.98558262152068E-4
375 2.98558262152068E-4
375790 2.98558262152068E-4
3760 2.98558262152068E-4
377677 2.98558262152068E-4
3780 2.98558262152068E-4
378 2.98558262152068E-4
378938 2.98558262152068E-4
3827 2.98558262152068E-4
3848 2.98558262152068E-4
3853 2.98558262152068E-4
3860 2.98558262152068E-4
3866 2.98558262152068E-4
388112 2.98558262152068E-4
388372 2.98558262152068E-4
388697 2.98558262152068E-4
389090 2.98558262152068E-4
3895 2.98558262152068E-4
3898 2.98558262152068E-4
3899 2.98558262152068E-4
3909 2.98558262152068E-4
3910 2.98558262152068E-4
3916 2.98558262152068E-4
3933 2.98558262152068E-4
3949 2.98558262152068E-4
3955 2.98558262152068E-4
3963 2.98558262152068E-4
3965 2.98558262152068E-4
398 2.98558262152068E-4
3984 2.98558262152068E-4
4004 2.98558262152068E-4
4005 2.98558262152068E-4
4012 2.98558262152068E-4
4016 2.98558262152068E-4
4023 2.98558262152068E-4
4036 2.98558262152068E-4
4047 2.98558262152068E-4
405 2.98558262152068E-4
4055 2.98558262152068E-4
406237 2.98558262152068E-4
4067 2.98558262152068E-4
406883 2.98558262152068E-4
406906 2.98558262152068E-4
406937 2.98558262152068E-4
406942 2.98558262152068E-4
406971 2.98558262152068E-4
406983 2.98558262152068E-4
406984 2.98558262152068E-4
407017 2.98558262152068E-4
407027 2.98558262152068E-4
4071 2.98558262152068E-4
4084 2.98558262152068E-4
4086 2.98558262152068E-4
409 2.98558262152068E-4
4142 2.98558262152068E-4
4143 2.98558262152068E-4
4145 2.98558262152068E-4
415 2.98558262152068E-4
4157 2.98558262152068E-4
4160 2.98558262152068E-4
4161 2.98558262152068E-4
4170 2.98558262152068E-4
4205 2.98558262152068E-4
4218 2.98558262152068E-4
4266 2.98558262152068E-4
4294 2.98558262152068E-4
4296 2.98558262152068E-4
4326 2.98558262152068E-4
4331 2.98558262152068E-4
4357 2.98558262152068E-4
440193 2.98558262152068E-4
441951 2.98558262152068E-4
442186 2.98558262152068E-4
442334 2.98558262152068E-4
442919 2.98558262152068E-4
4438 2.98558262152068E-4
445329 2.98558262152068E-4
4490 2.98558262152068E-4
4496 2.98558262152068E-4
450093 2.98558262152068E-4
4501 2.98558262152068E-4
4601 2.98558262152068E-4
4607 2.98558262152068E-4
4619 2.98558262152068E-4
4620 2.98558262152068E-4
4629 2.98558262152068E-4
4673 2.98558262152068E-4
468 2.98558262152068E-4
4684 2.98558262152068E-4
4685 2.98558262152068E-4
4693 2.98558262152068E-4
474258 2.98558262152068E-4
474259 2.98558262152068E-4
475 2.98558262152068E-4
4773 2.98558262152068E-4
4774 2.98558262152068E-4
4776 2.98558262152068E-4
4779 2.98558262152068E-4
4784 2.98558262152068E-4
4852 2.98558262152068E-4
4856 2.98558262152068E-4
4863 2.98558262152068E-4
4889 2.98558262152068E-4
49 2.98558262152068E-4
4908 2.98558262152068E-4
4909 2.98558262152068E-4
4921 2.98558262152068E-4
4925 2.98558262152068E-4
4927 2.98558262152068E-4
4929 2.98558262152068E-4
494324 2.98558262152068E-4
4951 2.98558262152068E-4
5013 2.98558262152068E-4
5034 2.98558262152068E-4
5048 2.98558262152068E-4
50507 2.98558262152068E-4
50515 2.98558262152068E-4
50619 2.98558262152068E-4
5066 2.98558262152068E-4
50852 2.98558262152068E-4
