3630 0.497673828755338
3458 0.406269723505193
3119 0.390023302054643
26191 0.367601039125946
3559 0.329324795035896
23274 0.325178022038263
3586 0.314458255567719
60468 0.31409832366614
10019 0.311544057101599
50943 0.308061073078106
114904 0.307496999226298
246778 0.307198440964146
169792 0.307198440964146
1512 0.306899882701994
5588 0.306899882701994
4938 0.305241290923909
3767 0.305241290923909
6927 0.305075490456585
6833 0.304345616137453
969 0.303449941350997
4846 0.302985582621521
3291 0.302817132748993
3240 0.302687024359369
847 0.302089907835064
5078 0.301791349572912
6556 0.30149279131076
1401 0.301194233048608
55315 0.301194233048608
3710 0.300895674786456
4842 0.300597116524304
1356 0.300298558262152
1129 0.3
6364 0.3
29949 0.3
50604 0.3
2572 0.140565582169777
5798 0.135359983323568
3481 0.113932523198816
3123 0.11054222729517
3565 0.106866840029498
3627 0.104608482321905
5799 0.103881257407977
5551 0.103748499613149
3651 0.103712807535449
6775 0.103284140883673
3382 0.103284140883673
177 0.102687024359369
1234 0.102687024359369
55340 0.10149279131076
868 0.10149279131076
3554 0.101194233048608
6402 0.100895674786456
345 0.100895674786456
836 0.100895674786456
199 0.100895674786456
355 0.100597116524304
959 0.100597116524304
356 0.100298558262152
51083 0.100298558262152
1019 0.100298558262152
952 0.100298558262152
7409 0.1
3460 0.1
8913 0.1
1869 0.1
2308 0.1
7292 0.1
153 0.1
6571 0.1
1444 0.1
54658 0.1
100506742 0.1
1843 0.1
5170 0.1
1956 0.1
1493 0.0682264866171802
3126 0.06
8718 0.06
8797 0.06
3133 0.0588159776439573
129831 0.0537404871873722
3117 0.0535357581323019
1822 0.0468736471578746
3120 0.0355284331960961
7421 0.031246252998432
7124 0.0304119518514028
2571 0.0271688018558382
64135 0.0233536297928543
2065 0.0230881142031987
3118 0.0225576701287294
1861 0.0217947531371009
100509457 0.0208990783506447
3401 0.0207306284781166
3105 0.0203350044988371
1594 0.0201335119538124
100507436 0.0192708798398527
723961 0.0190080136554011
3106 0.018709455393249
3569 0.0166782717924077
1636 0.0161221461562117
3558 0.01598673895618
920 0.0158235878940596
3115 0.0158209384888557
3898 0.0143307965832992
52 0.013136563534691
387082 0.0129681136621628
5771 0.0127382901502076
53347 0.0115440571015994
80018 0.0103498240529911
56984 0.0103498240529911
100270827 0.0103498240529911
3606 0.010112639430266
4397 0.00985242265101823
4760 0.00951552290596191
10666 0.00928834879921061
3127 0.0092553061267141
925 0.0092553061267141
169026 0.00806107307810583
59271 0.00776251481595376
4713 0.00776251481595376
3553 0.00775986541074989
3811 0.00762975702112598
6821 0.0074969992262982
10125 0.00719844096414613
10745 0.00719844096414613
132612 0.00719844096414613
84162 0.00719844096414613
7099 0.00712705680874537
644020 0.00689988270199407
100271063 0.00689988270199407
7297 0.00689988270199407
3669 0.00656828176734549
2752 0.00656828176734549
5133 0.00643552397251771
4049 0.00626972350519342
213 0.00626972350519342
3479 0.00613696571036564
629 0.00613696571036564
140805 0.00597116524304135
3383 0.00550415710836112
1791 0.00537404871873722
266629 0.00537404871873722
55532 0.00537404871873722
6891 0.00537404871873722
3575 0.00524129092390944
3107 0.00494273266175737
6890 0.00477693219443308
5468 0.0046441743996053
7054 0.0046441743996053
6387 0.00460848232190492
3593 0.00447837393228102
4710 0.00447837393228102
23541 0.00447837393228102
6231 0.00434561613745324
5967 0.00430992405975285
7097 0.00430992405975285
2669 0.00417981567012895
23771 0.00417981567012895
100293534 0.00417981567012895
721 0.00417981567012895
720 0.00417981567012895
1810 0.00417981567012895
3122 0.00404705787530117
5236 0.00404705787530117
133690 0.00404705787530117
6513 0.00401136579760079
3125 0.00388125740797688
231 0.00388125740797688
23316 0.0037484996131491
8788 0.0037484996131491
3111 0.0037484996131491
64806 0.0037484996131491
4277 0.0037484996131491
3560 0.0037484996131491
55384 0.0037484996131491
55328 0.0037484996131491
115352 0.0037484996131491
3802 0.0037484996131491
929 0.00371280753544872
1363 0.00371280753544872
2641 0.00358269914582481
729992 0.00344994135099703
29121 0.00344994135099703
2813 0.00344994135099703
8935 0.00344994135099703
80069 0.00344994135099703
94103 0.00344994135099703
60495 0.00344994135099703
4982 0.00344994135099703
25865 0.00344994135099703
3813 0.00344994135099703
387103 0.00344994135099703
388011 0.00344994135099703
55876 0.00344994135099703
5770 0.00344994135099703
5781 0.00344994135099703
58531 0.00344994135099703
5869 0.00344994135099703
440387 0.00344994135099703
64375 0.00344994135099703
4008 0.00344994135099703
55423 0.00344994135099703
399716 0.00344994135099703
3899 0.00344994135099703
389203 0.00344994135099703
388015 0.00344994135099703
7142 0.00344994135099703
54665 0.00344994135099703
10831 0.00344994135099703
100271271 0.00344994135099703
116028 0.00344994135099703
100271323 0.00344994135099703
23242 0.00344994135099703
146754 0.00344994135099703
139716 0.00344994135099703
23105 0.00344994135099703
100271600 0.00344994135099703
124626 0.00344994135099703
2355 0.00344994135099703
150577 0.00344994135099703
10906 0.00344994135099703
2249 0.00344994135099703
1017 0.00344994135099703
221895 0.00344994135099703
1236 0.00344994135099703
1735 0.00344994135099703
23566 0.00344994135099703
22979 0.00344994135099703
100271203 0.00344994135099703
6647 0.00341424927329665
9370 0.00341424927329665
7040 0.00341424927329665
6648 0.00341424927329665
2645 0.00328414088367274
326 0.00328414088367274
185 0.00328414088367274
10383 0.00328414088367274
11165 0.00328414088367274
4068 0.00328414088367274
7157 0.00311569101114458
3576 0.00311569101114458
3952 0.00298558262152068
2837 0.00298558262152068
84684 0.00298558262152068
4153 0.00298558262152068
348 0.00298558262152068
8170 0.00298558262152068
4521 0.00281713274899252
685 0.00281713274899252
183 0.00268702435936861
100775105 0.00268702435936861
8615 0.00268702435936861
8795 0.00268702435936861
3407 0.00268702435936861
3052 0.00268702435936861
57818 0.00268702435936861
10482 0.00268702435936861
7052 0.00268702435936861
3596 0.00268702435936861
2317 0.00268702435936861
5972 0.00268702435936861
6520 0.00268702435936861
217 0.00251857448684045
1565 0.00251857448684045
912 0.00251857448684045
5968 0.00251857448684045
3409 0.00238846609721654
30816 0.00238846609721654
259266 0.00238846609721654
59067 0.00238846609721654
101669765 0.00238846609721654
718 0.00238846609721654
27319 0.00238846609721654
5891 0.00238846609721654
434 0.00238846609721654
3566 0.00238846609721654
443 0.00238846609721654
83853 0.00238846609721654
9474 0.00238846609721654
348120 0.00238846609721654
51119 0.00238846609721654
29974 0.00238846609721654
10993 0.00208990783506447
6484 0.00208990783506447
6347 0.00208990783506447
405754 0.00208990783506447
1934 0.00208990783506447
2086 0.00208990783506447
6932 0.00208990783506447
7038 0.00208990783506447
3403 0.00208990783506447
940 0.00208990783506447
958 0.00208990783506447
100 0.00208990783506447
246319 0.00179134957291241
1805 0.00179134957291241
3414 0.00179134957291241
27034 0.00179134957291241
3172 0.00179134957291241
5250 0.00179134957291241
3412 0.00179134957291241
3806 0.00179134957291241
3406 0.00179134957291241
29851 0.00179134957291241
170685 0.00179134957291241
10076 0.00179134957291241
146 0.00179134957291241
5973 0.00149279131076034
6957 0.00149279131076034
5169 0.00149279131076034
80381 0.00149279131076034
1634 0.00149279131076034
5624 0.00149279131076034
3643 0.00149279131076034
2638 0.00149279131076034
9580 0.00149279131076034
3405 0.00149279131076034
326625 0.00149279131076034
5444 0.00149279131076034
4524 0.00149279131076034
4712 0.00149279131076034
5871 0.00149279131076034
5788 0.00149279131076034
3439 0.00149279131076034
4790 0.00149279131076034
4792 0.00149279131076034
29980 0.00149279131076034
324 0.00149279131076034
28 0.00149279131076034
3447 0.00149279131076034
7422 0.00149279131076034
5743 0.00119423304860827
5696 0.00119423304860827
760 0.00119423304860827
5698 0.00119423304860827
8743 0.00119423304860827
120227 0.00119423304860827
7173 0.00119423304860827
4041 0.00119423304860827
729230 0.00119423304860827
788 0.00119423304860827
4843 0.00119423304860827
1447 0.00119423304860827
472 0.00119423304860827
4504 0.00119423304860827
4695 0.00119423304860827
2688 0.00119423304860827
2833 0.00119423304860827
28639 0.00119423304860827
6976 0.00119423304860827
3667 0.00119423304860827
7076 0.00119423304860827
5443 0.00119423304860827
3803 0.00119423304860827
3930 0.00119423304860827
7126 0.00119423304860827
4513 0.00119423304860827
2305 0.00119423304860827
3040 0.00119423304860827
3402 0.00119423304860827
3039 0.00119423304860827
3308 0.00119423304860827
6241 0.00119423304860827
2944 0.00119423304860827
9771 0.00119423304860827
22861 0.00119423304860827
3258 0.00119423304860827
342977 0.00119423304860827
6563 0.00119423304860827
1717 8.95674786456203E-4
27352 8.95674786456203E-4
27189 8.95674786456203E-4
133482 8.95674786456203E-4
373156 8.95674786456203E-4
55190 8.95674786456203E-4
6240 8.95674786456203E-4
4282 8.95674786456203E-4
6120 8.95674786456203E-4
4295 8.95674786456203E-4
9021 8.95674786456203E-4
4261 8.95674786456203E-4
10279 8.95674786456203E-4
1535 8.95674786456203E-4
389472 8.95674786456203E-4
7466 8.95674786456203E-4
9451 8.95674786456203E-4
51182 8.95674786456203E-4
1591 8.95674786456203E-4
3303 8.95674786456203E-4
3304 8.95674786456203E-4
51561 8.95674786456203E-4
400156 8.95674786456203E-4
8050 8.95674786456203E-4
2739 8.95674786456203E-4
3077 8.95674786456203E-4
2108 8.95674786456203E-4
3605 8.95674786456203E-4
3265 8.95674786456203E-4
23118 8.95674786456203E-4
3109 8.95674786456203E-4
64131 8.95674786456203E-4
3408 8.95674786456203E-4
65125 8.95674786456203E-4
8651 8.95674786456203E-4
6908 8.95674786456203E-4
3410 8.95674786456203E-4
4582 8.95674786456203E-4
3002 8.95674786456203E-4
7439 8.95674786456203E-4
57498 8.95674786456203E-4
1909 8.95674786456203E-4
117143 8.95674786456203E-4
3552 8.95674786456203E-4
176 8.95674786456203E-4
50616 8.95674786456203E-4
3578 8.95674786456203E-4
3592 8.95674786456203E-4
101929876 8.95674786456203E-4
1756 8.95674786456203E-4
25941 8.95674786456203E-4
7461 5.97116524304135E-4
10950 5.97116524304135E-4
4709 5.97116524304135E-4
50674 5.97116524304135E-4
1384 5.97116524304135E-4
10212 5.97116524304135E-4
7295 5.97116524304135E-4
6514 5.97116524304135E-4
4795 5.97116524304135E-4
4852 5.97116524304135E-4
7163 5.97116524304135E-4
5122 5.97116524304135E-4
10969 5.97116524304135E-4
10244 5.97116524304135E-4
6401 5.97116524304135E-4
474168 5.97116524304135E-4
3320 5.97116524304135E-4
474200 5.97116524304135E-4
1071 5.97116524304135E-4
1390 5.97116524304135E-4
9825 5.97116524304135E-4
64132 5.97116524304135E-4
5054 5.97116524304135E-4
10855 5.97116524304135E-4
10249 5.97116524304135E-4
6403 5.97116524304135E-4
27097 5.97116524304135E-4
6352 5.97116524304135E-4
113130 5.97116524304135E-4
2625 5.97116524304135E-4
596 5.97116524304135E-4
5589 5.97116524304135E-4
6934 5.97116524304135E-4
11136 5.97116524304135E-4
6955 5.97116524304135E-4
10 5.97116524304135E-4
2539 5.97116524304135E-4
55536 5.97116524304135E-4
55937 5.97116524304135E-4
5594 5.97116524304135E-4
6925 5.97116524304135E-4
6700 5.97116524304135E-4
6696 5.97116524304135E-4
5713 5.97116524304135E-4
57044 5.97116524304135E-4
57007 5.97116524304135E-4
59272 5.97116524304135E-4
117289 5.97116524304135E-4
6657 5.97116524304135E-4
56246 5.97116524304135E-4
6622 5.97116524304135E-4
23411 5.97116524304135E-4
6249 5.97116524304135E-4
7128 5.97116524304135E-4
5310 5.97116524304135E-4
5292 5.97116524304135E-4
5265 5.97116524304135E-4
6583 5.97116524304135E-4
6582 5.97116524304135E-4
51752 5.97116524304135E-4
6581 5.97116524304135E-4
54106 5.97116524304135E-4
54414 5.97116524304135E-4
6899 5.97116524304135E-4
6139 5.97116524304135E-4
2644 5.97116524304135E-4
100125288 5.97116524304135E-4
23263 5.97116524304135E-4
127617 5.97116524304135E-4
551 5.97116524304135E-4
7082 5.97116524304135E-4
133 5.97116524304135E-4
10314 5.97116524304135E-4
5167 5.97116524304135E-4
3958 5.97116524304135E-4
3798 5.97116524304135E-4
80761 5.97116524304135E-4
3329 5.97116524304135E-4
942 5.97116524304135E-4
1666 5.97116524304135E-4
3375 5.97116524304135E-4
339345 5.97116524304135E-4
3394 5.97116524304135E-4
339541 5.97116524304135E-4
3804 5.97116524304135E-4
3306 5.97116524304135E-4
3956 5.97116524304135E-4
3932 5.97116524304135E-4
3921 5.97116524304135E-4
79813 5.97116524304135E-4
1571 5.97116524304135E-4
28567 5.97116524304135E-4
30827 5.97116524304135E-4
941 5.97116524304135E-4
3858 5.97116524304135E-4
81537 5.97116524304135E-4
8163 5.97116524304135E-4
8851 5.97116524304135E-4
29126 5.97116524304135E-4
8626 5.97116524304135E-4
3557 5.97116524304135E-4
29760 5.97116524304135E-4
100526842 5.97116524304135E-4
30009 5.97116524304135E-4
8691 5.97116524304135E-4
8772 5.97116524304135E-4
346171 5.97116524304135E-4
861 5.97116524304135E-4
1880 5.97116524304135E-4
3665 5.97116524304135E-4
3663 5.97116524304135E-4
301 5.97116524304135E-4
100132285 5.97116524304135E-4
3416 5.97116524304135E-4
3440 5.97116524304135E-4
84735 5.97116524304135E-4
28982 5.97116524304135E-4
1942 5.97116524304135E-4
19 5.97116524304135E-4
4314 5.97116524304135E-4
284 5.97116524304135E-4
1490 5.97116524304135E-4
149233 5.97116524304135E-4
27306 5.97116524304135E-4
23038 5.97116524304135E-4
4331 5.97116524304135E-4
7916 5.97116524304135E-4
3108 5.97116524304135E-4
2220 5.97116524304135E-4
28755 5.97116524304135E-4
768 5.97116524304135E-4
2729 5.97116524304135E-4
4321 5.97116524304135E-4
7919 5.97116524304135E-4
2247 5.97116524304135E-4
4040 5.97116524304135E-4
27348 5.97116524304135E-4
7952 5.97116524304135E-4
7450 5.97116524304135E-4
4018 5.97116524304135E-4
4650 5.97116524304135E-4
3087 5.97116524304135E-4
3113 5.97116524304135E-4
4023 5.97116524304135E-4
4026 5.97116524304135E-4
9181 5.97116524304135E-4
4036 5.97116524304135E-4
796 5.97116524304135E-4
27242 5.97116524304135E-4
7453 5.97116524304135E-4
4094 5.97116524304135E-4
3162 5.97116524304135E-4
1056 2.98558262152068E-4
6815 2.98558262152068E-4
6774 2.98558262152068E-4
10497 2.98558262152068E-4
10522 2.98558262152068E-4
1029 2.98558262152068E-4
100034700 2.98558262152068E-4
6839 2.98558262152068E-4
650 2.98558262152068E-4
9616 2.98558262152068E-4
6772 2.98558262152068E-4
967 2.98558262152068E-4
6605 2.98558262152068E-4
9308 2.98558262152068E-4
92799 2.98558262152068E-4
6523 2.98558262152068E-4
911 2.98558262152068E-4
9410 2.98558262152068E-4
916 2.98558262152068E-4
9242 2.98558262152068E-4
91749 2.98558262152068E-4
1066 2.98558262152068E-4
6510 2.98558262152068E-4
910 2.98558262152068E-4
100329167 2.98558262152068E-4
939 2.98558262152068E-4
9844 2.98558262152068E-4
9377 2.98558262152068E-4
962 2.98558262152068E-4
10603 2.98558262152068E-4
8909 2.98558262152068E-4
100294715 2.98558262152068E-4
931 2.98558262152068E-4
909 2.98558262152068E-4
654 2.98558262152068E-4
79837 2.98558262152068E-4
7200 2.98558262152068E-4
9466 2.98558262152068E-4
79679 2.98558262152068E-4
79680 2.98558262152068E-4
79723 2.98558262152068E-4
7161 2.98558262152068E-4
79947 2.98558262152068E-4
800 2.98558262152068E-4
80380 2.98558262152068E-4
7133 2.98558262152068E-4
7132 2.98558262152068E-4
8045 2.98558262152068E-4
9510 2.98558262152068E-4
10266 2.98558262152068E-4
9469 2.98558262152068E-4
7267 2.98558262152068E-4
6349 2.98558262152068E-4
102 2.98558262152068E-4
7352 2.98558262152068E-4
7351 2.98558262152068E-4
7350 2.98558262152068E-4
7341 2.98558262152068E-4
7307 2.98558262152068E-4
780 2.98558262152068E-4
7827 2.98558262152068E-4
7293 2.98558262152068E-4
7917 2.98558262152068E-4
10219 2.98558262152068E-4
7276 2.98558262152068E-4
80854 2.98558262152068E-4
7098 2.98558262152068E-4
7096 2.98558262152068E-4
6939 2.98558262152068E-4
943 2.98558262152068E-4
84186 2.98558262152068E-4
9429 2.98558262152068E-4
84868 2.98558262152068E-4
84991 2.98558262152068E-4
85320 2.98558262152068E-4
8639 2.98558262152068E-4
100616444 2.98558262152068E-4
100532731 2.98558262152068E-4
873 2.98558262152068E-4
6892 2.98558262152068E-4
1030 2.98558262152068E-4
6941 2.98558262152068E-4
10215 2.98558262152068E-4
9437 2.98558262152068E-4
8086 2.98558262152068E-4
80896 2.98558262152068E-4
81 2.98558262152068E-4
7078 2.98558262152068E-4
81442 2.98558262152068E-4
944 2.98558262152068E-4
8174 2.98558262152068E-4
10320 2.98558262152068E-4
8209 2.98558262152068E-4
8313 2.98558262152068E-4
7013 2.98558262152068E-4
83478 2.98558262152068E-4
100856809 2.98558262152068E-4
1043 2.98558262152068E-4
3459 2.98558262152068E-4
3567 2.98558262152068E-4
1755 2.98558262152068E-4
1747 2.98558262152068E-4
3594 2.98558262152068E-4
3595 2.98558262152068E-4
3600 2.98558262152068E-4
3604 2.98558262152068E-4
1728 2.98558262152068E-4
171558 2.98558262152068E-4
367 2.98558262152068E-4
1778 2.98558262152068E-4
3561 2.98558262152068E-4
3488 2.98558262152068E-4
3492 2.98558262152068E-4
351 2.98558262152068E-4
353 2.98558262152068E-4
354 2.98558262152068E-4
186 2.98558262152068E-4
23632 2.98558262152068E-4
182 2.98558262152068E-4
1820 2.98558262152068E-4
1806 2.98558262152068E-4
3674 2.98558262152068E-4
168537 2.98558262152068E-4
3712 2.98558262152068E-4
3875 2.98558262152068E-4
155038 2.98558262152068E-4
389692 2.98558262152068E-4
1515 2.98558262152068E-4
390714 2.98558262152068E-4
390756 2.98558262152068E-4
3949 2.98558262152068E-4
3990 2.98558262152068E-4
1514 2.98558262152068E-4
150572 2.98558262152068E-4
1581 2.98558262152068E-4
3817 2.98558262152068E-4
3718 2.98558262152068E-4
3726 2.98558262152068E-4
3741 2.98558262152068E-4
3749 2.98558262152068E-4
3753 2.98558262152068E-4
375790 2.98558262152068E-4
3784 2.98558262152068E-4
3796 2.98558262152068E-4
1650 2.98558262152068E-4
1616 2.98558262152068E-4
414062 2.98558262152068E-4
345611 2.98558262152068E-4
246 2.98558262152068E-4
279 2.98558262152068E-4
280 2.98558262152068E-4
285335 2.98558262152068E-4
285671 2.98558262152068E-4
28620 2.98558262152068E-4
28952 2.98558262152068E-4
28955 2.98558262152068E-4
29911 2.98558262152068E-4
3010 2.98558262152068E-4
3082 2.98558262152068E-4
2740 2.98558262152068E-4
26696 2.98558262152068E-4
23586 2.98558262152068E-4
2524 2.98558262152068E-4
2548 2.98558262152068E-4
25819 2.98558262152068E-4
25824 2.98558262152068E-4
2591 2.98558262152068E-4
2592 2.98558262152068E-4
260328 2.98558262152068E-4
23495 2.98558262152068E-4
2335 2.98558262152068E-4
3099 2.98558262152068E-4
3112 2.98558262152068E-4
2268 2.98558262152068E-4
2099 2.98558262152068E-4
3305 2.98558262152068E-4
3350 2.98558262152068E-4
337 2.98558262152068E-4
207 2.98558262152068E-4
2053 2.98558262152068E-4
3398 2.98558262152068E-4
3399 2.98558262152068E-4
1950 2.98558262152068E-4
3413 2.98558262152068E-4
3280 2.98558262152068E-4
3251 2.98558262152068E-4
2248 2.98558262152068E-4
3121 2.98558262152068E-4
2194 2.98558262152068E-4
2160 2.98558262152068E-4
2155 2.98558262152068E-4
2138 2.98558262152068E-4
3135 2.98558262152068E-4
314 2.98558262152068E-4
3160 2.98558262152068E-4
3234 2.98558262152068E-4
3415 2.98558262152068E-4
55243 2.98558262152068E-4
56005 2.98558262152068E-4
56244 2.98558262152068E-4
57026 2.98558262152068E-4
57126 2.98558262152068E-4
57381 2.98558262152068E-4
5744 2.98558262152068E-4
57472 2.98558262152068E-4
57554 2.98558262152068E-4
114609 2.98558262152068E-4
11331 2.98558262152068E-4
55893 2.98558262152068E-4
118460 2.98558262152068E-4
1244 2.98558262152068E-4
1233 2.98558262152068E-4
5550 2.98558262152068E-4
1232 2.98558262152068E-4
1230 2.98558262152068E-4
55540 2.98558262152068E-4
55717 2.98558262152068E-4
55748 2.98558262152068E-4
5579 2.98558262152068E-4
55829 2.98558262152068E-4
5820 2.98558262152068E-4
11274 2.98558262152068E-4
11261 2.98558262152068E-4
6281 2.98558262152068E-4
6283 2.98558262152068E-4
11096 2.98558262152068E-4
6295 2.98558262152068E-4
6341 2.98558262152068E-4
6366 2.98558262152068E-4
640 2.98558262152068E-4
64127 2.98558262152068E-4
64167 2.98558262152068E-4
648 2.98558262152068E-4
6279 2.98558262152068E-4
627 2.98558262152068E-4
51497 2.98558262152068E-4
5915 2.98558262152068E-4
5920 2.98558262152068E-4
11258 2.98558262152068E-4
5950 2.98558262152068E-4
11118 2.98558262152068E-4
6060 2.98558262152068E-4
611 2.98558262152068E-4
11113 2.98558262152068E-4
6257 2.98558262152068E-4
10758 2.98558262152068E-4
54859 2.98558262152068E-4
417 2.98558262152068E-4
4700 2.98558262152068E-4
1443 2.98558262152068E-4
1442 2.98558262152068E-4
4854 2.98558262152068E-4
4855 2.98558262152068E-4
4878 2.98558262152068E-4
4893 2.98558262152068E-4
4915 2.98558262152068E-4
1429 2.98558262152068E-4
4942 2.98558262152068E-4
467 2.98558262152068E-4
4576 2.98558262152068E-4
418 2.98558262152068E-4
4214 2.98558262152068E-4
1499 2.98558262152068E-4
4283 2.98558262152068E-4
4311 2.98558262152068E-4
4323 2.98558262152068E-4
441911 2.98558262152068E-4
442191 2.98558262152068E-4
4430 2.98558262152068E-4
4439 2.98558262152068E-4
142 2.98558262152068E-4
5047 2.98558262152068E-4
1410 2.98558262152068E-4
5243 2.98558262152068E-4
53342 2.98558262152068E-4
1351 2.98558262152068E-4
5336 2.98558262152068E-4
5354 2.98558262152068E-4
537 2.98558262152068E-4
544620 2.98558262152068E-4
54474 2.98558262152068E-4
54584 2.98558262152068E-4
134 2.98558262152068E-4
1371 2.98558262152068E-4
1378 2.98558262152068E-4
50615 2.98558262152068E-4
5068 2.98558262152068E-4
5077 2.98558262152068E-4
139818 2.98558262152068E-4
5110 2.98558262152068E-4
51284 2.98558262152068E-4
51312 2.98558262152068E-4
5132 2.98558262152068E-4
5134 2.98558262152068E-4
311 2.98558262152068E-4
54756 2.98558262152068E-4
