3569 0.308094115750602
7124 0.307198440964146
7040 0.304047057875301
3553 0.303449941350997
5741 0.300298558262152
847 0.3
2185 0.1
54 0.1
7421 0.0623618105023983
2099 0.0331036879163374
4982 0.0165812060752803
1277 0.0109469405772952
8600 0.00878564858683
1588 0.00689988270199407
2100 0.00434561613745324
3557 0.00404705787530117
7422 0.0037484996131491
50650 0.0037484996131491
4524 0.00344994135099703
4049 0.00344994135099703
4846 0.00344994135099703
367 0.00344994135099703
52 0.00344994135099703
54658 0.00344994135099703
6462 0.00344994135099703
860 0.00344994135099703
7132 0.00344994135099703
7133 0.00344994135099703
79875 0.00344994135099703
799 0.00344994135099703
3552 0.00344994135099703
348 0.00344994135099703
249 0.00344994135099703
8856 0.00344994135099703
221981 0.00344994135099703
1543 0.00344994135099703
1545 0.00344994135099703
2908 0.00344994135099703
29121 0.00344994135099703
3105 0.00344994135099703
2638 0.00344994135099703
5468 0.00344994135099703
3123 0.00344994135099703
3119 0.00344994135099703
3117 0.00344994135099703
3107 0.00344994135099703
3106 0.00344994135099703
1756 0.00328414088367274
7439 0.00328414088367274
1269 0.00311569101114458
3383 0.00281713274899252
4879 0.00281713274899252
3240 0.00251857448684045
27179 0.00251857448684045
199699 0.00119423304860827
6667 0.00119423304860827
1594 0.00119423304860827
5669 0.00119423304860827
796 8.95674786456203E-4
690 5.97116524304135E-4
5054 5.97116524304135E-4
56142 5.97116524304135E-4
27319 2.98558262152068E-4
8204 2.98558262152068E-4
5336 2.98558262152068E-4
10507 2.98558262152068E-4
10010 2.98558262152068E-4
1806 2.98558262152068E-4
5595 2.98558262152068E-4
729838 2.98558262152068E-4
728441 2.98558262152068E-4
728226 2.98558262152068E-4
2678 2.98558262152068E-4
5744 2.98558262152068E-4
632 2.98558262152068E-4
6046 2.98558262152068E-4
653590 2.98558262152068E-4
