57216 0.7
81839 0.6
4522 0.30251857448684
5077 0.30251857448684
6862 0.30251857448684
7546 0.3
6497 0.3
6347 0.3
85416 0.3
10 0.3
9620 0.3
23513 0.3
27443 0.3
51339 0.3
51738 0.3
57822 0.3
6240 0.3
5697 0.3
3458 0.3
2350 0.3
3630 0.3
2348 0.3
1544 0.3
1437 0.3
4886 0.3
635 0.3
2737 0.3
25902 0.1
4524 0.0201485958947236
4548 0.0050371489736809
6573 0.0050371489736809
10560 0.00251857448684045
7012 0.00251857448684045
6948 0.00251857448684045
4552 0.00251857448684045
5156 0.00251857448684045
6285 0.00251857448684045
