3949 0.452426626707301
338 0.351639981731492
1071 0.311174114684047
4023 0.305838407448214
348 0.305374048718737
19 0.304644174399605
5444 0.304608482321905
5445 0.300895674786456
345 0.300298558262152
3990 0.300298558262152
336 0.300298558262152
337 0.300298558262152
255738 0.0354821434975802
1917 0.0107480974374744
335 0.00371280753544872
183 0.00311569101114458
4318 0.00311569101114458
3576 0.00311569101114458
7076 0.00311569101114458
4878 0.00281713274899252
1382 0.00281713274899252
1956 0.00251857448684045
9370 0.00251857448684045
4353 0.00251857448684045
3156 0.00238846609721654
26119 0.00208990783506447
4018 0.00179134957291241
1401 0.00149279131076034
3630 0.00149279131076034
4547 0.00149279131076034
1950 0.00119423304860827
5054 0.00119423304860827
1298 8.95674786456203E-4
7941 8.95674786456203E-4
1299 8.95674786456203E-4
7124 8.95674786456203E-4
1297 8.95674786456203E-4
1311 8.95674786456203E-4
4948 8.95674786456203E-4
1636 8.95674786456203E-4
4524 8.95674786456203E-4
4035 8.95674786456203E-4
2317 8.95674786456203E-4
6513 8.95674786456203E-4
1825 8.95674786456203E-4
8682 8.95674786456203E-4
4810 8.95674786456203E-4
6334 8.95674786456203E-4
5366 5.97116524304135E-4
5669 5.97116524304135E-4
708 5.97116524304135E-4
6401 5.97116524304135E-4
6950 5.97116524304135E-4
57498 5.97116524304135E-4
3586 5.97116524304135E-4
5130 5.97116524304135E-4
374569 5.97116524304135E-4
3936 5.97116524304135E-4
6667 5.97116524304135E-4
4490 5.97116524304135E-4
3622 5.97116524304135E-4
27161 5.97116524304135E-4
1581 5.97116524304135E-4
5243 5.97116524304135E-4
241 5.97116524304135E-4
8838 5.97116524304135E-4
265 5.97116524304135E-4
3242 5.97116524304135E-4
925 5.97116524304135E-4
30813 5.97116524304135E-4
199699 5.97116524304135E-4
9197 2.98558262152068E-4
8794 2.98558262152068E-4
6043 2.98558262152068E-4
6403 2.98558262152068E-4
8743 2.98558262152068E-4
8793 2.98558262152068E-4
5660 2.98558262152068E-4
9768 2.98558262152068E-4
57110 2.98558262152068E-4
940 2.98558262152068E-4
929 2.98558262152068E-4
718 2.98558262152068E-4
57650 2.98558262152068E-4
5972 2.98558262152068E-4
8797 2.98558262152068E-4
8618 2.98558262152068E-4
8570 2.98558262152068E-4
790 2.98558262152068E-4
7391 2.98558262152068E-4
6902 2.98558262152068E-4
730249 2.98558262152068E-4
7292 2.98558262152068E-4
6925 2.98558262152068E-4
7037 2.98558262152068E-4
7133 2.98558262152068E-4
6892 2.98558262152068E-4
6721 2.98558262152068E-4
8399 2.98558262152068E-4
83987 2.98558262152068E-4
64241 2.98558262152068E-4
828 2.98558262152068E-4
821 2.98558262152068E-4
8170 2.98558262152068E-4
8086 2.98558262152068E-4
800 2.98558262152068E-4
7099 2.98558262152068E-4
10383 2.98558262152068E-4
2201 2.98558262152068E-4
22796 2.98558262152068E-4
23158 2.98558262152068E-4
23705 2.98558262152068E-4
100329167 2.98558262152068E-4
25915 2.98558262152068E-4
2638 2.98558262152068E-4
27036 2.98558262152068E-4
2837 2.98558262152068E-4
2921 2.98558262152068E-4
2169 2.98558262152068E-4
213 2.98558262152068E-4
2053 2.98558262152068E-4
10673 2.98558262152068E-4
11168 2.98558262152068E-4
115650 2.98558262152068E-4
124872 2.98558262152068E-4
147719 2.98558262152068E-4
1493 2.98558262152068E-4
1523 2.98558262152068E-4
1628 2.98558262152068E-4
185 2.98558262152068E-4
1906 2.98558262152068E-4
3059 2.98558262152068E-4
3075 2.98558262152068E-4
3077 2.98558262152068E-4
4313 2.98558262152068E-4
4695 2.98558262152068E-4
472 2.98558262152068E-4
4760 2.98558262152068E-4
4854 2.98558262152068E-4
3383 2.98558262152068E-4
5320 2.98558262152068E-4
53369 2.98558262152068E-4
54474 2.98558262152068E-4
5554 2.98558262152068E-4
4312 2.98558262152068E-4
1677 2.98558262152068E-4
3931 2.98558262152068E-4
3093 2.98558262152068E-4
328 2.98558262152068E-4
3295 2.98558262152068E-4
344 2.98558262152068E-4
350 2.98558262152068E-4
351 2.98558262152068E-4
3553 2.98558262152068E-4
3560 2.98558262152068E-4
3606 2.98558262152068E-4
3690 2.98558262152068E-4
5555 2.98558262152068E-4
