7421 0.494136445274937
5741 0.409122548331886
4041 0.356370624227409
1277 0.350544876700373
4982 0.346130525812723
7040 0.337543720365714
8600 0.322348229368093
1588 0.309979881635438
3569 0.308359631340258
799 0.308058423672902
1278 0.304942732661757
760 0.303748499613149
5443 0.303115691011145
8572 0.302817132748993
4057 0.30251857448684
9365 0.30149279131076
6648 0.300895674786456
92344 0.300597116524304
2876 0.300298558262152
7471 0.300298558262152
302 0.300298558262152
5315 0.3
5341 0.3
25796 0.3
71 0.3
338382 0.3
2023 0.3
471 0.3
6251 0.3
2934 0.3
7167 0.3
7307 0.3
2243 0.3
5034 0.3
7414 0.3
4860 0.3
7094 0.3
5019 0.3
7171 0.3
2244 0.3
5972 0.3
3418 0.3
9948 0.3
10935 0.3
3570 0.3
10576 0.3
10487 0.3
10376 0.3
5686 0.3
5683 0.3
100188853 0.3
2820 0.3
100188854 0.3
111 0.3
11343 0.3
54503 0.3
118429 0.3
2597 0.3
11315 0.3
632 0.109849773245814
3553 0.100895674786456
11213 0.100298558262152
1636 0.1
177 0.1
4609 0.1
3667 0.1
3400 0.1
1756 0.063449941350997
7439 0.06
2099 0.058868815962931
1594 0.0272989102454621
1269 0.0171783225995844
7124 0.0156141471334233
50964 0.0149226142971956
4524 0.0149226142971956
860 0.0140269395107394
50650 0.0131669568019836
5468 0.0112454988394473
1186 0.0109469405772952
8792 0.00805842367290195
1513 0.00805842367290195
5745 0.00779555748845027
2100 0.00775986541074989
367 0.00746130714859782
10312 0.00689988270199407
2638 0.0068284985465933
1576 0.00656563236214162
650 0.00652994028444123
6678 0.00626707409998955
55867 0.00626707409998955
6667 0.00597116524304135
199699 0.00567260698088929
5669 0.00567260698088929
796 0.00553984918606151
5595 0.00533570723583296
2185 0.0050371489736809
3557 0.00494273266175737
3479 0.00460848232190492
4038 0.00434561613745324
10491 0.00404705787530117
7133 0.00404705787530117
55553 0.00404705787530117
6772 0.00404705787530117
1586 0.00401136579760079
114876 0.0037484996131491
1268 0.0037484996131491
5906 0.0037484996131491
11138 0.0037484996131491
767 0.0037484996131491
9923 0.0037484996131491
56934 0.0037484996131491
9241 0.0037484996131491
55827 0.0037484996131491
6422 0.0037484996131491
157680 0.0037484996131491
501 0.0037484996131491
652 0.0037484996131491
2317 0.0037484996131491
2247 0.0037484996131491
4846 0.0037484996131491
7012 0.0037484996131491
1836 0.0037484996131491
2688 0.00371280753544872
387597 0.00344994135099703
3031 0.00344994135099703
389136 0.00344994135099703
400055 0.00344994135099703
54510 0.00344994135099703
390197 0.00344994135099703
440699 0.00344994135099703
4009 0.00344994135099703
442720 0.00344994135099703
4140 0.00344994135099703
53353 0.00344994135099703
5351 0.00344994135099703
53919 0.00344994135099703
5241 0.00344994135099703
4259 0.00344994135099703
473 0.00344994135099703
5087 0.00344994135099703
481 0.00344994135099703
5451 0.00344994135099703
51059 0.00344994135099703
9693 0.00344994135099703
8548 0.00344994135099703
84944 0.00344994135099703
8187 0.00344994135099703
79971 0.00344994135099703
8876 0.00344994135099703
79719 0.00344994135099703
79670 0.00344994135099703
79577 0.00344994135099703
9957 0.00344994135099703
7371 0.00344994135099703
8615 0.00344994135099703
8707 0.00344994135099703
8804 0.00344994135099703
9685 0.00344994135099703
9646 0.00344994135099703
9636 0.00344994135099703
952 0.00344994135099703
9465 0.00344994135099703
92342 0.00344994135099703
92241 0.00344994135099703
919 0.00344994135099703
9095 0.00344994135099703
9019 0.00344994135099703
7369 0.00344994135099703
728567 0.00344994135099703
7056 0.00344994135099703
6258 0.00344994135099703
57645 0.00344994135099703
57480 0.00344994135099703
57472 0.00344994135099703
57147 0.00344994135099703
55832 0.00344994135099703
55811 0.00344994135099703
55732 0.00344994135099703
552889 0.00344994135099703
5521 0.00344994135099703
6375 0.00344994135099703
6401 0.00344994135099703
6402 0.00344994135099703
6997 0.00344994135099703
6711 0.00344994135099703
6694 0.00344994135099703
7163 0.00344994135099703
6586 0.00344994135099703
652411 0.00344994135099703
647016 0.00344994135099703
645174 0.00344994135099703
64410 0.00344994135099703
6403 0.00344994135099703
54928 0.00344994135099703
117143 0.00344994135099703
10982 0.00344994135099703
128467 0.00344994135099703
29922 0.00344994135099703
130940 0.00344994135099703
2494 0.00344994135099703
22920 0.00344994135099703
3099 0.00344994135099703
1424 0.00344994135099703
23432 0.00344994135099703
2224 0.00344994135099703
10560 0.00344994135099703
2322 0.00344994135099703
10464 0.00344994135099703
11197 0.00344994135099703
255631 0.00344994135099703
2692 0.00344994135099703
25874 0.00344994135099703
2691 0.00344994135099703
2693 0.00344994135099703
2690 0.00344994135099703
27133 0.00344994135099703
114795 0.00344994135099703
117159 0.00344994135099703
284274 0.00344994135099703
284685 0.00344994135099703
26271 0.00344994135099703
261726 0.00344994135099703
112399 0.00344994135099703
29101 0.00344994135099703
1121 0.00344994135099703
26047 0.00344994135099703
22824 0.00344994135099703
3305 0.00344994135099703
3304 0.00344994135099703
219557 0.00344994135099703
149297 0.00344994135099703
150538 0.00344994135099703
348910 0.00344994135099703
100271429 0.00344994135099703
351143 0.00344994135099703
100270887 0.00344994135099703
100189504 0.00344994135099703
100151679 0.00344994135099703
2153 0.00344994135099703
100131033 0.00344994135099703
100129670 0.00344994135099703
1805 0.00344994135099703
375035 0.00344994135099703
220164 0.00344994135099703
3084 0.00344994135099703
223 0.00344994135099703
342808 0.00344994135099703
10223 0.00344994135099703
10130 0.00344994135099703
148870 0.00344994135099703
3552 0.00341424927329665
3672 0.00311569101114458
221981 0.00311569101114458
7367 0.00311569101114458
1543 0.00311569101114458
197 0.00311569101114458
690 0.00298558262152068
56172 0.00281713274899252
3640 0.00281713274899252
3290 0.00281713274899252
958 0.00281713274899252
6462 0.00281713274899252
79875 0.00281713274899252
3815 0.00281713274899252
3383 0.00281713274899252
146 0.00268702435936861
1471 0.00251857448684045
246 0.00251857448684045
7189 0.00251857448684045
25797 0.00251857448684045
5594 0.00251857448684045
3082 0.00251857448684045
3480 0.00251857448684045
55589 0.00251857448684045
8660 0.00251857448684045
846 0.00238846609721654
348 0.00238846609721654
3630 0.00149279131076034
4040 0.00119423304860827
5027 0.00119423304860827
1435 8.95674786456203E-4
3133 8.95674786456203E-4
138428 8.95674786456203E-4
4790 8.95674786456203E-4
56142 8.95674786456203E-4
2936 5.97116524304135E-4
3952 5.97116524304135E-4
4313 5.97116524304135E-4
348751 5.97116524304135E-4
79001 5.97116524304135E-4
6559 5.97116524304135E-4
22943 5.97116524304135E-4
56955 5.97116524304135E-4
5744 5.97116524304135E-4
4322 5.97116524304135E-4
9242 5.97116524304135E-4
4853 5.97116524304135E-4
6696 5.97116524304135E-4
126014 5.97116524304135E-4
51119 5.97116524304135E-4
8856 5.97116524304135E-4
183 5.97116524304135E-4
9056 5.97116524304135E-4
10699 5.97116524304135E-4
3077 5.97116524304135E-4
3295 5.97116524304135E-4
1628 5.97116524304135E-4
5764 5.97116524304135E-4
51312 5.97116524304135E-4
140805 5.97116524304135E-4
1545 2.98558262152068E-4
1440 2.98558262152068E-4
7296 2.98558262152068E-4
122042 2.98558262152068E-4
10058 2.98558262152068E-4
79447 2.98558262152068E-4
960 2.98558262152068E-4
1555 2.98558262152068E-4
7442 2.98558262152068E-4
3456 2.98558262152068E-4
128360 2.98558262152068E-4
847 2.98558262152068E-4
8204 2.98558262152068E-4
8821 2.98558262152068E-4
9001 2.98558262152068E-4
1306 2.98558262152068E-4
10855 2.98558262152068E-4
10586 2.98558262152068E-4
1050 2.98558262152068E-4
79068 2.98558262152068E-4
10252 2.98558262152068E-4
144125 2.98558262152068E-4
7511 2.98558262152068E-4
8655 2.98558262152068E-4
373156 2.98558262152068E-4
316 2.98558262152068E-4
3065 2.98558262152068E-4
537 2.98558262152068E-4
3034 2.98558262152068E-4
29887 2.98558262152068E-4
2959 2.98558262152068E-4
2947 2.98558262152068E-4
5465 2.98558262152068E-4
54741 2.98558262152068E-4
2920 2.98558262152068E-4
2908 2.98558262152068E-4
28982 2.98558262152068E-4
27306 2.98558262152068E-4
27190 2.98558262152068E-4
3169 2.98558262152068E-4
328 2.98558262152068E-4
3953 2.98558262152068E-4
372 2.98558262152068E-4
4043 2.98558262152068E-4
4049 2.98558262152068E-4
3562 2.98558262152068E-4
4261 2.98558262152068E-4
4495 2.98558262152068E-4
4709 2.98558262152068E-4
347148 2.98558262152068E-4
4763 2.98558262152068E-4
4858 2.98558262152068E-4
3381 2.98558262152068E-4
50507 2.98558262152068E-4
50604 2.98558262152068E-4
56246 2.98558262152068E-4
26871 2.98558262152068E-4
23030 2.98558262152068E-4
22978 2.98558262152068E-4
65266 2.98558262152068E-4
6611 2.98558262152068E-4
6647 2.98558262152068E-4
133482 2.98558262152068E-4
6659 2.98558262152068E-4
2260 2.98558262152068E-4
217 2.98558262152068E-4
2170 2.98558262152068E-4
7077 2.98558262152068E-4
7126 2.98558262152068E-4
7138 2.98558262152068E-4
171017 2.98558262152068E-4
23135 2.98558262152068E-4
23314 2.98558262152068E-4
260431 2.98558262152068E-4
2588 2.98558262152068E-4
25879 2.98558262152068E-4
57727 2.98558262152068E-4
25842 2.98558262152068E-4
6241 2.98558262152068E-4
6283 2.98558262152068E-4
6290 2.98558262152068E-4
2534 2.98558262152068E-4
2520 2.98558262152068E-4
2492 2.98558262152068E-4
249 2.98558262152068E-4
6424 2.98558262152068E-4
64324 2.98558262152068E-4
1574 2.98558262152068E-4
