11277 0.612069789470503
2213 0.440218084803905
3123 0.417373208192824
1773 0.410612690237443
712 0.40779555748845
3586 0.398038085434233
3663 0.393585393063679
2212 0.377881541323898
6775 0.372405715182467
2214 0.363020300666129
720 0.352604391268145
5133 0.350437800467272
3684 0.336686387062162
26191 0.330743552786051
3117 0.329689438643041
640 0.329523638175716
7128 0.329487946098016
5617 0.325201054194786
3569 0.324512170763762
1401 0.323578154494402
7292 0.32232519721157
55024 0.319901039036653
356 0.318372555648193
3565 0.316713963870108
57661 0.315256864637048
54899 0.314659748112744
629 0.313799765403988
7100 0.313429822986435
2113 0.312141173625903
10318 0.308691232274906
639 0.308392674012754
1380 0.308356981935054
3687 0.308094115750602
59067 0.307928315283278
64135 0.306435523972518
10320 0.304942732661757
50615 0.304942732661757
3593 0.304345616137453
1191 0.304309924059753
10019 0.304047057875301
221895 0.304047057875301
54887 0.304047057875301
121260 0.303449941350997
23274 0.303449941350997
25780 0.303449941350997
170682 0.303115691011145
64695 0.302817132748993
64805 0.30251857448684
1776 0.300597116524304
5743 0.300597116524304
1445 0.300298558262152
306 0.300298558262152
404714 0.300298558262152
7833 0.300298558262152
100188798 0.3
100188803 0.3
100188804 0.3
100190928 0.3
100196918 0.3
100322878 0.3
100379200 0.3
721 0.129386168675323
355 0.127625212369703
4067 0.10626707409999
6738 0.105672606980889
4124 0.103115691011145
5788 0.10149279131076
7124 0.101490676190434
1026 0.101194233048608
3726 0.101194233048608
23495 0.100597116524304
5468 0.100597116524304
10125 0.100298558262152
10758 0.100298558262152
149041 0.100298558262152
2033 0.100298558262152
22806 0.100298558262152
9219 0.100298558262152
1647 0.1
50619 0.1
6256 0.1
83593 0.1
1493 0.0654344483250726
1636 0.0498533438641458
3119 0.0478578523410049
4153 0.0464290840748754
1378 0.0444105603952117
7133 0.0411621115892393
3439 0.0375773501430524
920 0.0331016256159753
4049 0.0305851134294969
3133 0.0279317188474666
3606 0.0277196286816264
6347 0.0270280958453988
3447 0.026571685331534
6737 0.026400586053802
3557 0.0249738800880347
2215 0.0249024959326339
54106 0.0240094705513816
3558 0.0225193286458251
959 0.0224809871629209
10673 0.0224452950852205
3126 0.0216950380147697
919 0.0209881958521605
100293534 0.0208990783506447
3458 0.0199624126760804
3125 0.0199367311143538
6891 0.0193396145900496
8718 0.0191077287777323
83648 0.0175482650171372
596 0.0172140146772848
7148 0.0169154564151327
6696 0.0164510976856564
3127 0.0158896732390526
7421 0.0155197308214998
100507436 0.0149939984525964
717 0.0146954401904443
10 0.014659748112744
4204 0.014659748112744
1543 0.0143611898505919
3108 0.0140626315884398
718 0.0134298229864353
847 0.0134298229864353
3120 0.0133354066745118
6741 0.0129681136621628
4318 0.0124984561222787
7040 0.0121998978601266
6890 0.0121411736259035
3135 0.0121054815482031
3553 0.0121054815482031
57705 0.0112454988394473
3115 0.011079698372123
10950 0.0110466556996265
3105 0.0110440062944226
3654 0.0109112484995949
4855 0.0106483823151432
129831 0.0104495391753224
23534 0.0103498240529911
3122 0.0103498240529911
3459 0.0103141319752907
2099 0.0101483315079664
3106 0.0101483315079664
3806 0.0100155737131386
6387 0.00997988163543827
2837 0.00985242265101823
8170 0.00985242265101823
1390 0.00981408116811398
51284 0.00971966485619045
100132285 0.00971701545098658
56244 0.00971701545098658
930 0.00942110659403839
4397 0.0092553061267141
925 0.00908685625418594
6401 0.00908420684898206
2944 0.00898979053705854
6772 0.00898979053705854
55599 0.00895674786456203
7297 0.00895409845935816
3605 0.00891840638165778
3118 0.00869123227490647
811 0.00865818960240996
52 0.00852543180758218
4846 0.00835698193505402
2209 0.00819118146772973
3109 0.00809411575060234
3811 0.00809411575060234
7332 0.00809411575060234
3576 0.00805842367290195
940 0.00789262320557767
1565 0.00779555748845027
4155 0.00779555748845027
7515 0.00779555748845027
3272 0.00775986541074989
3809 0.0074969992262982
57292 0.0074969992262982
8870 0.0074969992262982
49 0.00746395655380169
970 0.00729550668127353
3107 0.00719844096414613
3803 0.00719844096414613
3804 0.00719844096414613
3810 0.00719844096414613
3813 0.00719844096414613
4439 0.00719844096414613
6499 0.00719844096414613
8859 0.00719844096414613
3603 0.00716274888644575
8741 0.00712705680874537
350 0.00703264049682184
50943 0.00699694841912146
10665 0.00689988270199407
10919 0.00689988270199407
135656 0.00689988270199407
1460 0.00689988270199407
170679 0.00689988270199407
23 0.00689988270199407
259197 0.00689988270199407
285834 0.00689988270199407
29113 0.00689988270199407
3802 0.00689988270199407
3808 0.00689988270199407
3998 0.00689988270199407
554300 0.00689988270199407
57176 0.00689988270199407
5783 0.00689988270199407
63940 0.00689988270199407
6941 0.00689988270199407
81797 0.00689988270199407
3661 0.00686419062429368
4063 0.00686419062429368
4792 0.00686419062429368
4282 0.0068284985465933
939 0.0068284985465933
142 0.00673408223466978
3460 0.00656563236214162
3566 0.00656563236214162
3710 0.00656563236214162
5027 0.00656563236214162
6403 0.00656563236214162
3665 0.00643552397251771
1786 0.00639983189481733
3559 0.00639983189481733
4795 0.00626707409998955
7529 0.00626707409998955
348 0.00623138202228917
1051 0.00596851583783748
3690 0.00596851583783748
100133941 0.0059328237601371
4524 0.00553984918606151
7185 0.00553984918606151
6520 0.00537404871873722
3552 0.00524129092390944
960 0.00524129092390944
115352 0.00520559884620906
6648 0.0050371489736809
149233 0.00494273266175737
3303 0.00494273266175737
3304 0.00494273266175737
5054 0.00494273266175737
958 0.00490704058405699
1557 0.0046441743996053
7132 0.0046441743996053
933 0.0046441743996053
29760 0.00447837393228102
10541 0.00434561613745324
3451 0.00434561613745324
3704 0.00434561613745324
3918 0.00434561613745324
4179 0.00434561613745324
4240 0.00434561613745324
64127 0.00434561613745324
713 0.00434561613745324
9374 0.00434561613745324
115650 0.00430992405975285
7157 0.00430992405975285
6622 0.00417981567012895
9825 0.00417981567012895
1302 0.00404705787530117
161357 0.00404705787530117
22914 0.00404705787530117
3111 0.00404705787530117
3440 0.00404705787530117
4277 0.00404705787530117
4299 0.00404705787530117
4843 0.00404705787530117
5618 0.00404705787530117
714 0.00404705787530117
7936 0.00404705787530117
80739 0.00404705787530117
9474 0.00404705787530117
10666 0.00401136579760079
3383 0.00401136579760079
3725 0.00401136579760079
51561 0.00401136579760079
8743 0.00401136579760079
50616 0.00388125740797688
8797 0.00388125740797688
1041 0.0037484996131491
11219 0.0037484996131491
115584 0.0037484996131491
1388 0.0037484996131491
1535 0.0037484996131491
177 0.0037484996131491
1997 0.0037484996131491
2068 0.0037484996131491
2207 0.0037484996131491
2237 0.0037484996131491
3113 0.0037484996131491
3305 0.0037484996131491
3442 0.0037484996131491
4295 0.0037484996131491
474354 0.0037484996131491
5460 0.0037484996131491
57823 0.0037484996131491
6462 0.0037484996131491
6957 0.0037484996131491
727 0.0037484996131491
7517 0.0037484996131491
7932 0.0037484996131491
9232 0.0037484996131491
2625 0.00371280753544872
2908 0.00371280753544872
30009 0.00371280753544872
3587 0.00371280753544872
1594 0.00358269914582481
27189 0.00358269914582481
3669 0.00358269914582481
100130676 0.00344994135099703
100130988 0.00344994135099703
100131609 0.00344994135099703
100189529 0.00344994135099703
100271129 0.00344994135099703
100287272 0.00344994135099703
100507679 0.00344994135099703
10107 0.00344994135099703
10211 0.00344994135099703
10255 0.00344994135099703
10471 0.00344994135099703
10537 0.00344994135099703
10554 0.00344994135099703
10866 0.00344994135099703
11074 0.00344994135099703
11118 0.00344994135099703
11120 0.00344994135099703
11181 0.00344994135099703
11270 0.00344994135099703
115509 0.00344994135099703
116511 0.00344994135099703
117283 0.00344994135099703
117532 0.00344994135099703
1192 0.00344994135099703
135644 0.00344994135099703
150221 0.00344994135099703
1586 0.00344994135099703
1616 0.00344994135099703
170680 0.00344994135099703
170954 0.00344994135099703
1797 0.00344994135099703
1843 0.00344994135099703
199 0.00344994135099703
203068 0.00344994135099703
221496 0.00344994135099703
221504 0.00344994135099703
221527 0.00344994135099703
221584 0.00344994135099703
2244 0.00344994135099703
23119 0.00344994135099703
23564 0.00344994135099703
2492 0.00344994135099703
253018 0.00344994135099703
254827 0.00344994135099703
2550 0.00344994135099703
257194 0.00344994135099703
259215 0.00344994135099703
26529 0.00344994135099703
26531 0.00344994135099703
26692 0.00344994135099703
267014 0.00344994135099703
267015 0.00344994135099703
26707 0.00344994135099703
26716 0.00344994135099703
2690 0.00344994135099703
2794 0.00344994135099703
282890 0.00344994135099703
285830 0.00344994135099703
286016 0.00344994135099703
28973 0.00344994135099703
2968 0.00344994135099703
29777 0.00344994135099703
3009 0.00344994135099703
30834 0.00344994135099703
3092 0.00344994135099703
3112 0.00344994135099703
3132 0.00344994135099703
3134 0.00344994135099703
3138 0.00344994135099703
3139 0.00344994135099703
339845 0.00344994135099703
342808 0.00344994135099703
346171 0.00344994135099703
352961 0.00344994135099703
3674 0.00344994135099703
375616 0.00344994135099703
3805 0.00344994135099703
3812 0.00344994135099703
3833 0.00344994135099703
387046 0.00344994135099703
387117 0.00344994135099703
387122 0.00344994135099703
389376 0.00344994135099703
394263 0.00344994135099703
401250 0.00344994135099703
401251 0.00344994135099703
401253 0.00344994135099703
4050 0.00344994135099703
414777 0.00344994135099703
4340 0.00344994135099703
441642 0.00344994135099703
442184 0.00344994135099703
442186 0.00344994135099703
442191 0.00344994135099703
442204 0.00344994135099703
4615 0.00344994135099703
4758 0.00344994135099703
493829 0.00344994135099703
50854 0.00344994135099703
5089 0.00344994135099703
51176 0.00344994135099703
51596 0.00344994135099703
5252 0.00344994135099703
534 0.00344994135099703
54510 0.00344994135099703
54535 0.00344994135099703
548594 0.00344994135099703
5514 0.00344994135099703
56658 0.00344994135099703
5696 0.00344994135099703
5698 0.00344994135099703
57666 0.00344994135099703
57703 0.00344994135099703
57819 0.00344994135099703
57827 0.00344994135099703
58496 0.00344994135099703
5863 0.00344994135099703
5987 0.00344994135099703
6015 0.00344994135099703
6046 0.00344994135099703
6048 0.00344994135099703
6222 0.00344994135099703
6257 0.00344994135099703
6293 0.00344994135099703
6361 0.00344994135099703
63943 0.00344994135099703
64288 0.00344994135099703
645950 0.00344994135099703
646366 0.00344994135099703
646520 0.00344994135099703
64850 0.00344994135099703
6512 0.00344994135099703
653639 0.00344994135099703
6892 0.00344994135099703
6992 0.00344994135099703
7126 0.00344994135099703
729583 0.00344994135099703
729816 0.00344994135099703
7407 0.00344994135099703
7726 0.00344994135099703
7741 0.00344994135099703
780 0.00344994135099703
79136 0.00344994135099703
7916 0.00344994135099703
7917 0.00344994135099703
7918 0.00344994135099703
7919 0.00344994135099703
7920 0.00344994135099703
7922 0.00344994135099703
7923 0.00344994135099703
7940 0.00344994135099703
79897 0.00344994135099703
79969 0.00344994135099703
80352 0.00344994135099703
80736 0.00344994135099703
80737 0.00344994135099703
80740 0.00344994135099703
80741 0.00344994135099703
80742 0.00344994135099703
80862 0.00344994135099703
80863 0.00344994135099703
80864 0.00344994135099703
81328 0.00344994135099703
81696 0.00344994135099703
8341 0.00344994135099703
84300 0.00344994135099703
8449 0.00344994135099703
84547 0.00344994135099703
84628 0.00344994135099703
8705 0.00344994135099703
8831 0.00344994135099703
89870 0.00344994135099703
9277 0.00344994135099703
9278 0.00344994135099703
9306 0.00344994135099703
9656 0.00344994135099703
9955 0.00344994135099703
103 0.00341424927329665
1236 0.00341424927329665
26762 0.00341424927329665
6647 0.00341424927329665
7852 0.00341424927329665
796 0.00341424927329665
84868 0.00341424927329665
8742 0.00341424927329665
971 0.00341424927329665
4790 0.00328414088367274
5594 0.00328414088367274
921 0.00328414088367274
100 0.00311569101114458
10859 0.00311569101114458
3437 0.00311569101114458
3952 0.00311569101114458
5055 0.00311569101114458
55340 0.00311569101114458
7422 0.00311569101114458
7535 0.00311569101114458
814 0.00311569101114458
943 0.00311569101114458
952 0.00311569101114458
3146 0.00298558262152068
10544 0.00281713274899252
11027 0.00281713274899252
114609 0.00281713274899252
170482 0.00281713274899252
1956 0.00281713274899252
1991 0.00281713274899252
27040 0.00281713274899252
3456 0.00281713274899252
3486 0.00281713274899252
3791 0.00281713274899252
4502 0.00281713274899252
4548 0.00281713274899252
4650 0.00281713274899252
5747 0.00281713274899252
6402 0.00281713274899252
7412 0.00281713274899252
836 0.00281713274899252
8434 0.00281713274899252
1791 0.00268702435936861
2048 0.00268702435936861
2153 0.00268702435936861
3438 0.00268702435936861
59271 0.00268702435936861
80381 0.00268702435936861
1082 0.00251857448684045
1244 0.00251857448684045
1906 0.00251857448684045
192343 0.00251857448684045
1943 0.00251857448684045
1994 0.00251857448684045
2321 0.00251857448684045
3688 0.00251857448684045
3738 0.00251857448684045
3934 0.00251857448684045
4058 0.00251857448684045
4363 0.00251857448684045
4489 0.00251857448684045
4735 0.00251857448684045
4803 0.00251857448684045
4851 0.00251857448684045
4946 0.00251857448684045
5069 0.00251857448684045
5184 0.00251857448684045
5281 0.00251857448684045
5577 0.00251857448684045
56729 0.00251857448684045
57817 0.00251857448684045
6285 0.00251857448684045
6614 0.00251857448684045
7056 0.00251857448684045
8714 0.00251857448684045
9 0.00251857448684045
9308 0.00251857448684045
978 0.00251857448684045
1861 0.00238846609721654
2147 0.00238846609721654
23152 0.00238846609721654
6352 0.00238846609721654
6504 0.00238846609721654
7099 0.00238846609721654
100509457 0.00208990783506447
100526842 0.00208990783506447
10383 0.00208990783506447
266629 0.00208990783506447
354 0.00208990783506447
4760 0.00208990783506447
6139 0.00208990783506447
6625 0.00208990783506447
941 0.00208990783506447
140805 0.00179134957291241
2152 0.00179134957291241
2194 0.00179134957291241
30811 0.00179134957291241
3308 0.00179134957291241
3320 0.00179134957291241
4948 0.00179134957291241
942 0.00179134957291241
1038 0.00149279131076034
10603 0.00149279131076034
112476 0.00149279131076034
1211 0.00149279131076034
1437 0.00149279131076034
1555 0.00149279131076034
2028 0.00149279131076034
2296 0.00149279131076034
23541 0.00149279131076034
2475 0.00149279131076034
27306 0.00149279131076034
29851 0.00149279131076034
3075 0.00149279131076034
368 0.00149279131076034
4061 0.00149279131076034
4068 0.00149279131076034
4353 0.00149279131076034
472 0.00149279131076034
50818 0.00149279131076034
51311 0.00149279131076034
5551 0.00149279131076034
60498 0.00149279131076034
6532 0.00149279131076034
7158 0.00149279131076034
79612 0.00149279131076034
81539 0.00149279131076034
84676 0.00149279131076034
9103 0.00149279131076034
1234 0.00119423304860827
1822 0.00119423304860827
22861 0.00119423304860827
2353 0.00119423304860827
2354 0.00119423304860827
2669 0.00119423304860827
2950 0.00119423304860827
2952 0.00119423304860827
325 0.00119423304860827
3394 0.00119423304860827
3727 0.00119423304860827
4695 0.00119423304860827
474168 0.00119423304860827
4810 0.00119423304860827
5087 0.00119423304860827
5515 0.00119423304860827
5524 0.00119423304860827
5972 0.00119423304860827
613 0.00119423304860827
6667 0.00119423304860827
6774 0.00119423304860827
6850 0.00119423304860827
7001 0.00119423304860827
7172 0.00119423304860827
8163 0.00119423304860827
841 0.00119423304860827
8651 0.00119423304860827
914 0.00119423304860827
929 0.00119423304860827
969 0.00119423304860827
10563 8.95674786456203E-4
114836 8.95674786456203E-4
1233 8.95674786456203E-4
133482 8.95674786456203E-4
138883 8.95674786456203E-4
1421 8.95674786456203E-4
1523 8.95674786456203E-4
1590 8.95674786456203E-4
1737 8.95674786456203E-4
1788 8.95674786456203E-4
1789 8.95674786456203E-4
1810 8.95674786456203E-4
183 8.95674786456203E-4
1847 8.95674786456203E-4
1959 8.95674786456203E-4
23038 8.95674786456203E-4
23524 8.95674786456203E-4
2520 8.95674786456203E-4
25819 8.95674786456203E-4
26039 8.95674786456203E-4
27178 8.95674786456203E-4
27303 8.95674786456203E-4
27348 8.95674786456203E-4
3000 8.95674786456203E-4
3059 8.95674786456203E-4
309 8.95674786456203E-4
3162 8.95674786456203E-4
3306 8.95674786456203E-4
3376 8.95674786456203E-4
3428 8.95674786456203E-4
3683 8.95674786456203E-4
373156 8.95674786456203E-4
3822 8.95674786456203E-4
3930 8.95674786456203E-4
4064 8.95674786456203E-4
406938 8.95674786456203E-4
407977 8.95674786456203E-4
4261 8.95674786456203E-4
4331 8.95674786456203E-4
4688 8.95674786456203E-4
4713 8.95674786456203E-4
4938 8.95674786456203E-4
50639 8.95674786456203E-4
5243 8.95674786456203E-4
5444 8.95674786456203E-4
54474 8.95674786456203E-4
5553 8.95674786456203E-4
55740 8.95674786456203E-4
56246 8.95674786456203E-4
5657 8.95674786456203E-4
56902 8.95674786456203E-4
5725 8.95674786456203E-4
57472 8.95674786456203E-4
5940 8.95674786456203E-4
64174 8.95674786456203E-4
6626 8.95674786456203E-4
7042 8.95674786456203E-4
7167 8.95674786456203E-4
7189 8.95674786456203E-4
7293 8.95674786456203E-4
760 8.95674786456203E-4
788 8.95674786456203E-4
84549 8.95674786456203E-4
84959 8.95674786456203E-4
861 8.95674786456203E-4
8771 8.95674786456203E-4
8856 8.95674786456203E-4
8932 8.95674786456203E-4
931 8.95674786456203E-4
10010 5.97116524304135E-4
100187828 5.97116524304135E-4
100289462 5.97116524304135E-4
100528032 5.97116524304135E-4
10148 5.97116524304135E-4
10197 5.97116524304135E-4
1022 5.97116524304135E-4
1029 5.97116524304135E-4
10461 5.97116524304135E-4
10565 5.97116524304135E-4
1109 5.97116524304135E-4
11151 5.97116524304135E-4
113130 5.97116524304135E-4
114086 5.97116524304135E-4
127074 5.97116524304135E-4
127617 5.97116524304135E-4
1385 5.97116524304135E-4
140913 5.97116524304135E-4
1465 5.97116524304135E-4
151888 5.97116524304135E-4
1589 5.97116524304135E-4
1666 5.97116524304135E-4
1673 5.97116524304135E-4
19 5.97116524304135E-4
196528 5.97116524304135E-4
199699 5.97116524304135E-4
2011 5.97116524304135E-4
2046 5.97116524304135E-4
2100 5.97116524304135E-4
2131 5.97116524304135E-4
2220 5.97116524304135E-4
2264 5.97116524304135E-4
23308 5.97116524304135E-4
23586 5.97116524304135E-4
24 5.97116524304135E-4
25939 5.97116524304135E-4
2597 5.97116524304135E-4
2621 5.97116524304135E-4
2644 5.97116524304135E-4
27161 5.97116524304135E-4
27242 5.97116524304135E-4
2833 5.97116524304135E-4
2896 5.97116524304135E-4
29126 5.97116524304135E-4
29980 5.97116524304135E-4
3002 5.97116524304135E-4
301 5.97116524304135E-4
3043 5.97116524304135E-4
3045 5.97116524304135E-4
31 5.97116524304135E-4
3350 5.97116524304135E-4
3401 5.97116524304135E-4
3434 5.97116524304135E-4
343406 5.97116524304135E-4
353 5.97116524304135E-4
3551 5.97116524304135E-4
3554 5.97116524304135E-4
3560 5.97116524304135E-4
3570 5.97116524304135E-4
3578 5.97116524304135E-4
3592 5.97116524304135E-4
3596 5.97116524304135E-4
3689 5.97116524304135E-4
375790 5.97116524304135E-4
3816 5.97116524304135E-4
3818 5.97116524304135E-4
3821 5.97116524304135E-4
3824 5.97116524304135E-4
3903 5.97116524304135E-4
391109 5.97116524304135E-4
3958 5.97116524304135E-4
4000 5.97116524304135E-4
4055 5.97116524304135E-4
4094 5.97116524304135E-4
414062 5.97116524304135E-4
4210 5.97116524304135E-4
4599 5.97116524304135E-4
4684 5.97116524304135E-4
4698 5.97116524304135E-4
4712 5.97116524304135E-4
4939 5.97116524304135E-4
4982 5.97116524304135E-4
5063 5.97116524304135E-4
5111 5.97116524304135E-4
51744 5.97116524304135E-4
5265 5.97116524304135E-4
53342 5.97116524304135E-4
5340 5.97116524304135E-4
54205 5.97116524304135E-4
5446 5.97116524304135E-4
5579 5.97116524304135E-4
5580 5.97116524304135E-4
5669 5.97116524304135E-4
567 5.97116524304135E-4
56996 5.97116524304135E-4
57506 5.97116524304135E-4
57599 5.97116524304135E-4
5818 5.97116524304135E-4
5896 5.97116524304135E-4
5897 5.97116524304135E-4
5920 5.97116524304135E-4
5966 5.97116524304135E-4
5970 5.97116524304135E-4
5973 5.97116524304135E-4
5989 5.97116524304135E-4
608 5.97116524304135E-4
627 5.97116524304135E-4
6280 5.97116524304135E-4
6349 5.97116524304135E-4
6382 5.97116524304135E-4
643 5.97116524304135E-4
64689 5.97116524304135E-4
65125 5.97116524304135E-4
6583 5.97116524304135E-4
6857 5.97116524304135E-4
7038 5.97116524304135E-4
7097 5.97116524304135E-4
7098 5.97116524304135E-4
710 5.97116524304135E-4
7173 5.97116524304135E-4
7391 5.97116524304135E-4
773 5.97116524304135E-4
7984 5.97116524304135E-4
80761 5.97116524304135E-4
81494 5.97116524304135E-4
8161 5.97116524304135E-4
820 5.97116524304135E-4
831 5.97116524304135E-4
84159 5.97116524304135E-4
843 5.97116524304135E-4
8491 5.97116524304135E-4
85349 5.97116524304135E-4
8542 5.97116524304135E-4
862 5.97116524304135E-4
8638 5.97116524304135E-4
8717 5.97116524304135E-4
8764 5.97116524304135E-4
8784 5.97116524304135E-4
8795 5.97116524304135E-4
8809 5.97116524304135E-4
8851 5.97116524304135E-4
8914 5.97116524304135E-4
8930 5.97116524304135E-4
8988 5.97116524304135E-4
963 5.97116524304135E-4
9641 5.97116524304135E-4
9699 5.97116524304135E-4
9771 5.97116524304135E-4
10007 2.98558262152068E-4
100422876 2.98558262152068E-4
100616443 2.98558262152068E-4
10087 2.98558262152068E-4
100996758 2.98558262152068E-4
10134 2.98558262152068E-4
10209 2.98558262152068E-4
1021 2.98558262152068E-4
10219 2.98558262152068E-4
1027 2.98558262152068E-4
1028 2.98558262152068E-4
10376 2.98558262152068E-4
104 2.98558262152068E-4
10482 2.98558262152068E-4
10678 2.98558262152068E-4
10803 2.98558262152068E-4
10877 2.98558262152068E-4
10878 2.98558262152068E-4
10928 2.98558262152068E-4
10971 2.98558262152068E-4
10993 2.98558262152068E-4
11006 2.98558262152068E-4
11024 2.98558262152068E-4
11057 2.98558262152068E-4
11122 2.98558262152068E-4
11168 2.98558262152068E-4
11184 2.98558262152068E-4
121504 2.98558262152068E-4
1232 2.98558262152068E-4
1238 2.98558262152068E-4
124626 2.98558262152068E-4
127069 2.98558262152068E-4
128367 2.98558262152068E-4
133 2.98558262152068E-4
1387 2.98558262152068E-4
1394 2.98558262152068E-4
1420 2.98558262152068E-4
1435 2.98558262152068E-4
144125 2.98558262152068E-4
1482 2.98558262152068E-4
1541 2.98558262152068E-4
1571 2.98558262152068E-4
1604 2.98558262152068E-4
163702 2.98558262152068E-4
1667 2.98558262152068E-4
1756 2.98558262152068E-4
1917 2.98558262152068E-4
192677 2.98558262152068E-4
192679 2.98558262152068E-4
1978 2.98558262152068E-4
1979 2.98558262152068E-4
20 2.98558262152068E-4
200424 2.98558262152068E-4
200575 2.98558262152068E-4
2023 2.98558262152068E-4
2086 2.98558262152068E-4
2146 2.98558262152068E-4
215 2.98558262152068E-4
2182 2.98558262152068E-4
2204 2.98558262152068E-4
2271 2.98558262152068E-4
2308 2.98558262152068E-4
23090 2.98558262152068E-4
2309 2.98558262152068E-4
23135 2.98558262152068E-4
2317 2.98558262152068E-4
2335 2.98558262152068E-4
23468 2.98558262152068E-4
23517 2.98558262152068E-4
2357 2.98558262152068E-4
246319 2.98558262152068E-4
246778 2.98558262152068E-4
2533 2.98558262152068E-4
2571 2.98558262152068E-4
25953 2.98558262152068E-4
26188 2.98558262152068E-4
2645 2.98558262152068E-4
26479 2.98558262152068E-4
26614 2.98558262152068E-4
268 2.98558262152068E-4
27034 2.98558262152068E-4
27036 2.98558262152068E-4
27190 2.98558262152068E-4
27250 2.98558262152068E-4
27352 2.98558262152068E-4
2739 2.98558262152068E-4
2768 2.98558262152068E-4
2778 2.98558262152068E-4
2811 2.98558262152068E-4
2821 2.98558262152068E-4
282618 2.98558262152068E-4
282849 2.98558262152068E-4
28514 2.98558262152068E-4
29108 2.98558262152068E-4
2933 2.98558262152068E-4
30008 2.98558262152068E-4
3010 2.98558262152068E-4
302 2.98558262152068E-4
3054 2.98558262152068E-4
3063 2.98558262152068E-4
3065 2.98558262152068E-4
3078 2.98558262152068E-4
30816 2.98558262152068E-4
3082 2.98558262152068E-4
3142 2.98558262152068E-4
3150 2.98558262152068E-4
3240 2.98558262152068E-4
326 2.98558262152068E-4
3265 2.98558262152068E-4
3267 2.98558262152068E-4
3326 2.98558262152068E-4
3360 2.98558262152068E-4
3382 2.98558262152068E-4
3386 2.98558262152068E-4
3397 2.98558262152068E-4
3399 2.98558262152068E-4
340348 2.98558262152068E-4
340719 2.98558262152068E-4
343413 2.98558262152068E-4
347734 2.98558262152068E-4
353144 2.98558262152068E-4
3627 2.98558262152068E-4
3630 2.98558262152068E-4
367 2.98558262152068E-4
3827 2.98558262152068E-4
387082 2.98558262152068E-4
3897 2.98558262152068E-4
3899 2.98558262152068E-4
390036 2.98558262152068E-4
391195 2.98558262152068E-4
393 2.98558262152068E-4
3938 2.98558262152068E-4
3973 2.98558262152068E-4
401992 2.98558262152068E-4
401993 2.98558262152068E-4
404677 2.98558262152068E-4
4060 2.98558262152068E-4
4069 2.98558262152068E-4
406940 2.98558262152068E-4
406947 2.98558262152068E-4
406991 2.98558262152068E-4
4137 2.98558262152068E-4
4303 2.98558262152068E-4
4358 2.98558262152068E-4
4508 2.98558262152068E-4
4512 2.98558262152068E-4
4536 2.98558262152068E-4
4567 2.98558262152068E-4
462 2.98558262152068E-4
4627 2.98558262152068E-4
4683 2.98558262152068E-4
4691 2.98558262152068E-4
4710 2.98558262152068E-4
4724 2.98558262152068E-4
4783 2.98558262152068E-4
4842 2.98558262152068E-4
4879 2.98558262152068E-4
4914 2.98558262152068E-4
4928 2.98558262152068E-4
497258 2.98558262152068E-4
5028 2.98558262152068E-4
50486 2.98558262152068E-4
5053 2.98558262152068E-4
50604 2.98558262152068E-4
50941 2.98558262152068E-4
50999 2.98558262152068E-4
51119 2.98558262152068E-4
51251 2.98558262152068E-4
5132 2.98558262152068E-4
5140 2.98558262152068E-4
51637 2.98558262152068E-4
51655 2.98558262152068E-4
51703 2.98558262152068E-4
5175 2.98558262152068E-4
5230 2.98558262152068E-4
5290 2.98558262152068E-4
5291 2.98558262152068E-4
5293 2.98558262152068E-4
5294 2.98558262152068E-4
5313 2.98558262152068E-4
5319 2.98558262152068E-4
5320 2.98558262152068E-4
53347 2.98558262152068E-4
5359 2.98558262152068E-4
54472 2.98558262152068E-4
5450 2.98558262152068E-4
5464 2.98558262152068E-4
5478 2.98558262152068E-4
55128 2.98558262152068E-4
55254 2.98558262152068E-4
55332 2.98558262152068E-4
5540 2.98558262152068E-4
554 2.98558262152068E-4
554313 2.98558262152068E-4
55655 2.98558262152068E-4
55893 2.98558262152068E-4
5610 2.98558262152068E-4
5621 2.98558262152068E-4
5625 2.98558262152068E-4
5644 2.98558262152068E-4
56934 2.98558262152068E-4
57007 2.98558262152068E-4
5716 2.98558262152068E-4
5742 2.98558262152068E-4
57498 2.98558262152068E-4
5777 2.98558262152068E-4
57794 2.98558262152068E-4
5903 2.98558262152068E-4
5921 2.98558262152068E-4
59269 2.98558262152068E-4
594 2.98558262152068E-4
5950 2.98558262152068E-4
597 2.98558262152068E-4
5979 2.98558262152068E-4
6080 2.98558262152068E-4
6223 2.98558262152068E-4
6240 2.98558262152068E-4
6251 2.98558262152068E-4
6279 2.98558262152068E-4
6311 2.98558262152068E-4
633 2.98558262152068E-4
6358 2.98558262152068E-4
63826 2.98558262152068E-4
64221 2.98558262152068E-4
643036 2.98558262152068E-4
6441 2.98558262152068E-4
65056 2.98558262152068E-4
652070 2.98558262152068E-4
6631 2.98558262152068E-4
6749 2.98558262152068E-4
6773 2.98558262152068E-4
6786 2.98558262152068E-4
682 2.98558262152068E-4
6839 2.98558262152068E-4
6868 2.98558262152068E-4
6925 2.98558262152068E-4
6935 2.98558262152068E-4
7037 2.98558262152068E-4
7076 2.98558262152068E-4
7087 2.98558262152068E-4
7145 2.98558262152068E-4
7150 2.98558262152068E-4
7184 2.98558262152068E-4
7186 2.98558262152068E-4
7217 2.98558262152068E-4
7220 2.98558262152068E-4
728358 2.98558262152068E-4
729230 2.98558262152068E-4
7294 2.98558262152068E-4
7299 2.98558262152068E-4
7301 2.98558262152068E-4
7305 2.98558262152068E-4
7306 2.98558262152068E-4
7351 2.98558262152068E-4
7356 2.98558262152068E-4
7439 2.98558262152068E-4
7528 2.98558262152068E-4
7802 2.98558262152068E-4
780904 2.98558262152068E-4
7850 2.98558262152068E-4
79295 2.98558262152068E-4
79297 2.98558262152068E-4
79626 2.98558262152068E-4
801 2.98558262152068E-4
80380 2.98558262152068E-4
8050 2.98558262152068E-4
805 2.98558262152068E-4
808 2.98558262152068E-4
81030 2.98558262152068E-4
81492 2.98558262152068E-4
81567 2.98558262152068E-4
8205 2.98558262152068E-4
8260 2.98558262152068E-4
8269 2.98558262152068E-4
8294 2.98558262152068E-4
8349 2.98558262152068E-4
8359 2.98558262152068E-4
8360 2.98558262152068E-4
8361 2.98558262152068E-4
8362 2.98558262152068E-4
8363 2.98558262152068E-4
8364 2.98558262152068E-4
8365 2.98558262152068E-4
8366 2.98558262152068E-4
8367 2.98558262152068E-4
8368 2.98558262152068E-4
8370 2.98558262152068E-4
8398 2.98558262152068E-4
84083 2.98558262152068E-4
84126 2.98558262152068E-4
84268 2.98558262152068E-4
8431 2.98558262152068E-4
84337 2.98558262152068E-4
8519 2.98558262152068E-4
85318 2.98558262152068E-4
8539 2.98558262152068E-4
8570 2.98558262152068E-4
8575 2.98558262152068E-4
8615 2.98558262152068E-4
8661 2.98558262152068E-4
867 2.98558262152068E-4
8720 2.98558262152068E-4
8737 2.98558262152068E-4
8767 2.98558262152068E-4
8788 2.98558262152068E-4
8842 2.98558262152068E-4
8893 2.98558262152068E-4
8996 2.98558262152068E-4
9191 2.98558262152068E-4
92170 2.98558262152068E-4
9282 2.98558262152068E-4
9360 2.98558262152068E-4
9436 2.98558262152068E-4
9446 2.98558262152068E-4
945 2.98558262152068E-4
947 2.98558262152068E-4
9527 2.98558262152068E-4
9555 2.98558262152068E-4
962 2.98558262152068E-4
965 2.98558262152068E-4
972 2.98558262152068E-4
9730 2.98558262152068E-4
