23414 0.701791349572912
182 0.609586907061363
1482 0.607928315283278
2657 0.600895674786456
2626 0.305205598846209
2627 0.301194233048608
2702 0.100597116524304
10370 0.100298558262152
27130 0.1
1767 0.1
1911 0.1
23493 0.1
4908 0.1
2253 0.1
6899 0.00613696571036564
4879 0.0050371489736809
4851 0.00344994135099703
348 0.00311569101114458
2200 0.00281713274899252
1535 0.00281713274899252
2697 0.00251857448684045
51119 0.00208990783506447
10993 0.00208990783506447
7276 0.00179134957291241
3918 0.00149279131076034
1437 0.00149279131076034
5542 0.00119423304860827
57817 0.00119423304860827
7422 8.95674786456203E-4
57057 8.95674786456203E-4
9421 8.95674786456203E-4
5728 8.95674786456203E-4
1714 8.95674786456203E-4
3717 8.95674786456203E-4
2332 5.97116524304135E-4
4524 5.97116524304135E-4
472 5.97116524304135E-4
56998 5.97116524304135E-4
5243 5.97116524304135E-4
5345 5.97116524304135E-4
207 5.97116524304135E-4
2638 5.97116524304135E-4
54113 5.97116524304135E-4
3091 5.97116524304135E-4
595 5.97116524304135E-4
54729 5.97116524304135E-4
6648 5.97116524304135E-4
6647 5.97116524304135E-4
7446 5.97116524304135E-4
10749 5.97116524304135E-4
7290 5.97116524304135E-4
11186 5.97116524304135E-4
1410 5.97116524304135E-4
10344 5.97116524304135E-4
55 2.98558262152068E-4
5290 2.98558262152068E-4
844 2.98558262152068E-4
5319 2.98558262152068E-4
5320 2.98558262152068E-4
8731 2.98558262152068E-4
864 2.98558262152068E-4
55636 2.98558262152068E-4
5350 2.98558262152068E-4
847 2.98558262152068E-4
862 2.98558262152068E-4
861 2.98558262152068E-4
85344 2.98558262152068E-4
5373 2.98558262152068E-4
5268 2.98558262152068E-4
5530 2.98558262152068E-4
9628 2.98558262152068E-4
4869 2.98558262152068E-4
962 2.98558262152068E-4
9557 2.98558262152068E-4
4988 2.98558262152068E-4
5034 2.98558262152068E-4
5047 2.98558262152068E-4
9429 2.98558262152068E-4
51763 2.98558262152068E-4
5211 2.98558262152068E-4
5217 2.98558262152068E-4
5230 2.98558262152068E-4
93655 2.98558262152068E-4
5251 2.98558262152068E-4
5580 2.98558262152068E-4
5687 2.98558262152068E-4
842 2.98558262152068E-4
7262 2.98558262152068E-4
672 2.98558262152068E-4
673 2.98558262152068E-4
7353 2.98558262152068E-4
728419 2.98558262152068E-4
728405 2.98558262152068E-4
6774 2.98558262152068E-4
728400 2.98558262152068E-4
728393 2.98558262152068E-4
728379 2.98558262152068E-4
6927 2.98558262152068E-4
728373 2.98558262152068E-4
7052 2.98558262152068E-4
7186 2.98558262152068E-4
7750 2.98558262152068E-4
79811 2.98558262152068E-4
668 2.98558262152068E-4
5701 2.98558262152068E-4
8398 2.98558262152068E-4
8170 2.98558262152068E-4
5718 2.98558262152068E-4
811 2.98558262152068E-4
5921 2.98558262152068E-4
80332 2.98558262152068E-4
6175 2.98558262152068E-4
6277 2.98558262152068E-4
64127 2.98558262152068E-4
64220 2.98558262152068E-4
6484 2.98558262152068E-4
6588 2.98558262152068E-4
7982 2.98558262152068E-4
728369 2.98558262152068E-4
4830 2.98558262152068E-4
2837 2.98558262152068E-4
202 2.98558262152068E-4
2006 2.98558262152068E-4
1956 2.98558262152068E-4
1950 2.98558262152068E-4
1869 2.98558262152068E-4
181 2.98558262152068E-4
1791 2.98558262152068E-4
1778 2.98558262152068E-4
2131 2.98558262152068E-4
2146 2.98558262152068E-4
217 2.98558262152068E-4
2741 2.98558262152068E-4
2678 2.98558262152068E-4
2670 2.98558262152068E-4
2517 2.98558262152068E-4
2477 2.98558262152068E-4
2335 2.98558262152068E-4
231 2.98558262152068E-4
10010 2.98558262152068E-4
1728 2.98558262152068E-4
1636 2.98558262152068E-4
1628 2.98558262152068E-4
10950 2.98558262152068E-4
10891 2.98558262152068E-4
10752 2.98558262152068E-4
10673 2.98558262152068E-4
10627 2.98558262152068E-4
10591 2.98558262152068E-4
1048 2.98558262152068E-4
10249 2.98558262152068E-4
11258 2.98558262152068E-4
11261 2.98558262152068E-4
11331 2.98558262152068E-4
1565 2.98558262152068E-4
1499 2.98558262152068E-4
1440 2.98558262152068E-4
1384 2.98558262152068E-4
1360 2.98558262152068E-4
1292 2.98558262152068E-4
1244 2.98558262152068E-4
116985 2.98558262152068E-4
101 2.98558262152068E-4
2923 2.98558262152068E-4
4683 2.98558262152068E-4
391627 2.98558262152068E-4
3817 2.98558262152068E-4
3796 2.98558262152068E-4
3795 2.98558262152068E-4
377630 2.98558262152068E-4
3741 2.98558262152068E-4
3680 2.98558262152068E-4
3670 2.98558262152068E-4
4035 2.98558262152068E-4
4057 2.98558262152068E-4
410 2.98558262152068E-4
4635 2.98558262152068E-4
4353 2.98558262152068E-4
4322 2.98558262152068E-4
4318 2.98558262152068E-4
4314 2.98558262152068E-4
4313 2.98558262152068E-4
4312 2.98558262152068E-4
4233 2.98558262152068E-4
3664 2.98558262152068E-4
3593 2.98558262152068E-4
3592 2.98558262152068E-4
3037 2.98558262152068E-4
302 2.98558262152068E-4
29967 2.98558262152068E-4
29911 2.98558262152068E-4
2956 2.98558262152068E-4
2952 2.98558262152068E-4
2950 2.98558262152068E-4
2944 2.98558262152068E-4
3043 2.98558262152068E-4
30816 2.98558262152068E-4
3099 2.98558262152068E-4
3569 2.98558262152068E-4
3553 2.98558262152068E-4
3552 2.98558262152068E-4
354 2.98558262152068E-4
3447 2.98558262152068E-4
3439 2.98558262152068E-4
3295 2.98558262152068E-4
3198 2.98558262152068E-4
2938 2.98558262152068E-4
