332 0.417630021407883
1029 0.411174114684047
3553 0.402694694369546
999 0.39617512632045
7157 0.394457810308142
4524 0.386651880584347
5743 0.353691322698182
3557 0.348978051829009
7124 0.34423946111748
7298 0.325759829236186
2950 0.323516780854975
864 0.32253706199194
2064 0.32104427068118
595 0.319791313398348
8000 0.313166956801984
2068 0.312868398539832
1890 0.312592872434202
1636 0.312235589937827
3845 0.31130422307367
1956 0.310969972733818
3576 0.310648382315143
2067 0.310648382315143
5054 0.30878564858683
3162 0.308487090324678
3486 0.308487090324678
2272 0.307854281722673
5621 0.307555723460521
5594 0.307555723460521
7517 0.306899882701994
1316 0.305968515837837
4089 0.305968515837837
1786 0.305968515837837
2520 0.305932823760137
960 0.305634265497985
83998 0.305335707235833
55743 0.305335707235833
7291 0.305037148973681
5595 0.305037148973681
3725 0.305037148973681
387 0.305037148973681
2263 0.305037148973681
7372 0.305037148973681
5468 0.305037148973681
4233 0.303712807535449
51196 0.303449941350997
328 0.303449941350997
26137 0.303449941350997
11200 0.303449941350997
196 0.302817132748993
54739 0.302817132748993
5793 0.302817132748993
116135 0.302817132748993
5328 0.30251857448684
1839 0.30251857448684
329 0.30251857448684
131566 0.30251857448684
1027 0.30251857448684
1365 0.30251857448684
6138 0.30251857448684
5245 0.30251857448684
1000 0.30251857448684
54474 0.30251857448684
5290 0.30251857448684
1789 0.30251857448684
51741 0.30251857448684
8190 0.30251857448684
29108 0.30251857448684
5655 0.30251857448684
4595 0.30251857448684
1806 0.30251857448684
1026 0.30251857448684
6648 0.30251857448684
3814 0.30251857448684
56287 0.300597116524304
4609 0.300597116524304
324 0.300597116524304
3659 0.300298558262152
5918 0.300298558262152
79633 0.300298558262152
5915 0.300298558262152
335 0.300298558262152
84654 0.300298558262152
4719 0.3
8530 0.3
5055 0.3
8644 0.3
50813 0.3
4502 0.3
4487 0.3
8516 0.3
84790 0.3
4297 0.3
5036 0.3
5080 0.3
501 0.3
4723 0.3
4846 0.3
4599 0.3
4695 0.3
3199 0.3
79852 0.3
857 0.3
4869 0.3
8611 0.3
4907 0.3
4291 0.3
8660 0.3
4139 0.3
3384 0.3
3350 0.3
9212 0.3
3329 0.3
9277 0.3
3315 0.3
3312 0.3
9725 0.3
3191 0.3
9788 0.3
308 0.3
29894 0.3
29777 0.3
9805 0.3
28998 0.3
3400 0.3
3420 0.3
9136 0.3
8744 0.3
4074 0.3
3992 0.3
3958 0.3
3570 0.3
3856 0.3
374 0.3
8802 0.3
3678 0.3
3621 0.3
8857 0.3
5564 0.3
8991 0.3
90338 0.3
3490 0.3
28973 0.3
7056 0.3
627 0.3
6257 0.3
6231 0.3
6227 0.3
6223 0.3
760 0.3
6194 0.3
6141 0.3
6137 0.3
6095 0.3
5997 0.3
7730 0.3
5950 0.3
5947 0.3
59340 0.3
637 0.3
645 0.3
64963 0.3
7078 0.3
7039 0.3
7022 0.3
70 0.3
6926 0.3
6721 0.3
6700 0.3
664 0.3
6628 0.3
6615 0.3
655 0.3
7170 0.3
759 0.3
6506 0.3
650 0.3
84527 0.3
5886 0.3
58508 0.3
841 0.3
843 0.3
53635 0.3
5325 0.3
5265 0.3
5223 0.3
84364 0.3
6209 0.3
51728 0.3
5160 0.3
51594 0.3
51501 0.3
51292 0.3
84634 0.3
51042 0.3
8289 0.3
5478 0.3
5480 0.3
79187 0.3
5792 0.3
57610 0.3
56915 0.3
80324 0.3
80328 0.3
5599 0.3
8148 0.3
81605 0.3
5579 0.3
8189 0.3
55739 0.3
5550 0.3
5524 0.3
5518 0.3
51035 0.3
27339 0.3
25824 0.3
213 0.3
27034 0.3
11197 0.3
240 0.3
2203 0.3
10330 0.3
1182 0.3
1032 0.3
1201 0.3
26135 0.3
10528 0.3
10468 0.3
186 0.3
1152 0.3
1674 0.3
1075 0.3
1798 0.3
10574 0.3
1647 0.3
2149 0.3
2534 0.3
26585 0.3
220 0.3
2266 0.3
123 0.3
23246 0.3
27131 0.3
2023 0.3
154 0.3
2286 0.3
27145 0.3
229 0.3
153 0.3
1469 0.3
23201 0.3
125997 0.3
1917 0.3
1019 0.3
1548 0.3
1892 0.3
10148 0.3
10131 0.3
1915 0.3
1642 0.3
4318 0.115111446921043
4313 0.112592872434202
5967 0.110372856209514
10628 0.1
6678 0.1
7422 0.0647326795874009
2944 0.0580392265214678
2952 0.0439409028553276
7515 0.0326366797816572
3586 0.0291867384306601
1571 0.0282553715665035
4790 0.0235985372457206
5728 0.0229657286437161
3091 0.0213785210210322
6774 0.0204471541568757
10 0.0197682812418256
7040 0.0182041057756645
5243 0.0169741806493559
4843 0.0163413720473513
4292 0.0160428137851993
7424 0.0154100051831948
30834 0.0151114469210427
1499 0.0151114469210427
1045 0.0151114469210427
3569 0.0119013395979746
4582 0.0110056648115184
4968 0.0110056648115184
356 0.0110056648115184
11156 0.0106714144716659
1543 0.0103498240529911
7015 0.0100742979473618
5225 0.0100742979473618
1364 0.0100742979473618
836 0.0100742979473618
4085 0.0100742979473618
4153 0.00848709032467793
3480 0.00848709032467793
7077 0.00848709032467793
355 0.00848709032467793
7852 0.00815283998482548
207 0.00815283998482548
1869 0.00785428172267341
6753 0.00785428172267341
6696 0.00785428172267341
4436 0.00755572346052135
5268 0.00755572346052135
285 0.00755572346052135
4316 0.00755572346052135
5329 0.00755572346052135
6469 0.00755572346052135
887 0.00755572346052135
5970 0.00755572346052135
7472 0.00755572346052135
4586 0.00755572346052135
84152 0.00755572346052135
463 0.00755572346052135
3164 0.00755572346052135
7099 0.00689988270199407
3565 0.00689988270199407
7031 0.00652994028444123
4193 0.00626707409998955
3558 0.00596851583783748
6352 0.00596851583783748
7097 0.00596851583783748
7518 0.00596851583783748
3304 0.00596851583783748
7054 0.00596851583783748
2706 0.00596851583783748
1788 0.00596851583783748
672 0.00596851583783748
5742 0.00596851583783748
3880 0.00563426549798503
10855 0.00563426549798503
5320 0.00533570723583296
673 0.00533570723583296
2048 0.00533570723583296
7032 0.00533570723583296
3119 0.00533570723583296
4585 0.00533570723583296
4804 0.0050371489736809
51738 0.0050371489736809
4100 0.0050371489736809
6657 0.0050371489736809
5460 0.0050371489736809
596 0.0050371489736809
192343 0.0050371489736809
4830 0.0050371489736809
57019 0.0050371489736809
2065 0.0050371489736809
4323 0.0050371489736809
581 0.0050371489736809
22914 0.0050371489736809
6387 0.0050371489736809
7479 0.0050371489736809
7799 0.0050371489736809
3952 0.0050371489736809
3065 0.0050371489736809
839 0.0050371489736809
2146 0.0050371489736809
6667 0.0050371489736809
8837 0.0050371489736809
8771 0.0050371489736809
2321 0.0050371489736809
2348 0.0050371489736809
3606 0.0050371489736809
94241 0.0050371489736809
6401 0.0050371489736809
928 0.0050371489736809
3552 0.0050371489736809
9370 0.0050371489736809
406991 0.0050371489736809
3815 0.0046441743996053
4583 0.00404705787530117
3481 0.0037484996131491
7161 0.0037484996131491
5423 0.0037484996131491
217 0.0037484996131491
2073 0.00344994135099703
9156 0.00344994135099703
2938 0.00344994135099703
347730 0.00344994135099703
9962 0.00344994135099703
729230 0.00344994135099703
51146 0.00344994135099703
929 0.00344994135099703
2878 0.00344994135099703
1105 0.00344994135099703
2052 0.00344994135099703
7753 0.00344994135099703
1889 0.00344994135099703
84868 0.00344994135099703
54106 0.00344994135099703
9963 0.00344994135099703
3292 0.00344994135099703
10587 0.00344994135099703
53336 0.00344994135099703
5562 0.00344994135099703
3484 0.00344994135099703
1462 0.00344994135099703
1586 0.00344994135099703
5891 0.00344994135099703
1565 0.00344994135099703
125 0.00344994135099703
1545 0.00344994135099703
126 0.00344994135099703
1312 0.00344994135099703
6462 0.00344994135099703
64127 0.00344994135099703
406938 0.00344994135099703
1535 0.00344994135099703
63951 0.00344994135099703
149233 0.00344994135099703
407018 0.00344994135099703
6817 0.00344994135099703
1588 0.00344994135099703
3630 0.00344994135099703
4552 0.00344994135099703
119391 0.00344994135099703
23643 0.00344994135099703
4588 0.00344994135099703
4610 0.00344994135099703
1048 0.00341424927329665
6934 0.00311569101114458
3572 0.00311569101114458
6790 0.00311569101114458
947 0.00311569101114458
5310 0.00281713274899252
578 0.00281713274899252
5654 0.00281713274899252
9518 0.00281713274899252
9770 0.00281713274899252
6277 0.00281713274899252
1673 0.00281713274899252
7057 0.00281713274899252
85453 0.00281713274899252
6867 0.00281713274899252
1236 0.00281713274899252
8745 0.00281713274899252
6596 0.00281713274899252
9141 0.00281713274899252
55679 0.00281713274899252
5727 0.00281713274899252
51715 0.00281713274899252
5111 0.00281713274899252
2923 0.00281713274899252
3309 0.00281713274899252
3265 0.00281713274899252
2904 0.00281713274899252
2252 0.00281713274899252
2099 0.00281713274899252
367 0.00281713274899252
7076 0.00251857448684045
2547 0.00251857448684045
7159 0.00251857448684045
3516 0.00251857448684045
7153 0.00251857448684045
11186 0.00251857448684045
7046 0.00251857448684045
7048 0.00251857448684045
3592 0.00251857448684045
23705 0.00251857448684045
2487 0.00251857448684045
2475 0.00251857448684045
2494 0.00251857448684045
348 0.00251857448684045
7280 0.00251857448684045
1602 0.00251857448684045
3383 0.00251857448684045
7545 0.00251857448684045
7525 0.00251857448684045
25920 0.00251857448684045
3397 0.00251857448684045
7498 0.00251857448684045
7482 0.00251857448684045
3399 0.00251857448684045
7474 0.00251857448684045
25865 0.00251857448684045
7428 0.00251857448684045
3426 0.00251857448684045
11004 0.00251857448684045
3460 0.00251857448684045
3593 0.00251857448684045
23671 0.00251857448684045
3959 0.00251857448684045
3757 0.00251857448684045
3791 0.00251857448684045
2335 0.00251857448684045
2324 0.00251857448684045
23221 0.00251857448684045
6690 0.00251857448684045
3875 0.00251857448684045
389 0.00251857448684045
390 0.00251857448684045
124872 0.00251857448684045
3921 0.00251857448684045
3953 0.00251857448684045
6590 0.00251857448684045
131 0.00251857448684045
3756 0.00251857448684045
3741 0.00251857448684045
3638 0.00251857448684045
3651 0.00251857448684045
3654 0.00251857448684045
7014 0.00251857448684045
7013 0.00251857448684045
7010 0.00251857448684045
23604 0.00251857448684045
6997 0.00251857448684045
3688 0.00251857448684045
1215 0.00251857448684045
6863 0.00251857448684045
3710 0.00251857448684045
6794 0.00251857448684045
102 0.00251857448684045
6782 0.00251857448684045
23213 0.00251857448684045
7855 0.00251857448684045
2735 0.00251857448684045
10095 0.00251857448684045
9271 0.00251857448684045
919 0.00251857448684045
27122 0.00251857448684045
27101 0.00251857448684045
27087 0.00251857448684045
10188 0.00251857448684045
8945 0.00251857448684045
894 0.00251857448684045
890 0.00251857448684045
8842 0.00251857448684045
8772 0.00251857448684045
310 0.00251857448684045
8739 0.00251857448684045
2935 0.00251857448684045
2932 0.00251857448684045
9314 0.00251857448684045
284 0.00251857448684045
991 0.00251857448684045
27294 0.00251857448684045
10016 0.00251857448684045
9775 0.00251857448684045
28991 0.00251857448684045
100506658 0.00251857448684045
959 0.00251857448684045
9590 0.00251857448684045
9537 0.00251857448684045
9506 0.00251857448684045
941 0.00251857448684045
9349 0.00251857448684045
93210 0.00251857448684045
8678 0.00251857448684045
865 0.00251857448684045
861 0.00251857448684045
3294 0.00251857448684045
835 0.00251857448684045
6522 0.00251857448684045
8277 0.00251857448684045
26277 0.00251857448684045
2627 0.00251857448684045
10631 0.00251857448684045
8091 0.00251857448684045
80781 0.00251857448684045
2626 0.00251857448684045
80177 0.00251857448684045
10788 0.00251857448684045
2625 0.00251857448684045
79661 0.00251857448684045
83658 0.00251857448684045
26354 0.00251857448684045
10553 0.00251857448684045
8600 0.00251857448684045
10395 0.00251857448684045
317 0.00251857448684045
8519 0.00251857448684045
10402 0.00251857448684045
84951 0.00251857448684045
8493 0.00251857448684045
10419 0.00251857448684045
3248 0.00251857448684045
3491 0.00251857448684045
8431 0.00251857448684045
84299 0.00251857448684045
10550 0.00251857448684045
840 0.00251857448684045
79602 0.00251857448684045
50802 0.00251857448684045
55143 0.00251857448684045
4312 0.00251857448684045
1843 0.00251857448684045
4319 0.00251857448684045
183 0.00251857448684045
5925 0.00251857448684045
1557 0.00251857448684045
55353 0.00251857448684045
2152 0.00251857448684045
4320 0.00251857448684045
54984 0.00251857448684045
54822 0.00251857448684045
2277 0.00251857448684045
6128 0.00251857448684045
5451 0.00251857448684045
4170 0.00251857448684045
6035 0.00251857448684045
4978 0.00251857448684045
5976 0.00251857448684045
185 0.00251857448684045
4249 0.00251857448684045
4282 0.00251857448684045
4288 0.00251857448684045
4353 0.00251857448684045
4361 0.00251857448684045
4363 0.00251857448684045
1612 0.00251857448684045
57379 0.00251857448684045
2191 0.00251857448684045
56475 0.00251857448684045
4549 0.00251857448684045
5653 0.00251857448684045
2192 0.00251857448684045
56888 0.00251857448684045
572 0.00251857448684045
5716 0.00251857448684045
1649 0.00251857448684045
168400 0.00251857448684045
5591 0.00251857448684045
43849 0.00251857448684045
5803 0.00251857448684045
444 0.00251857448684045
55665 0.00251857448684045
474 0.00251857448684045
5786 0.00251857448684045
2273 0.00251857448684045
4734 0.00251857448684045
171221 0.00251857448684045
5578 0.00251857448684045
1630 0.00251857448684045
137075 0.00251857448684045
4049 0.00251857448684045
6402 0.00251857448684045
406948 0.00251857448684045
406950 0.00251857448684045
6392 0.00251857448684045
2353 0.00251857448684045
6382 0.00251857448684045
5294 0.00251857448684045
6374 0.00251857448684045
22906 0.00251857448684045
1942 0.00251857448684045
6422 0.00251857448684045
1947 0.00251857448684045
1994 0.00251857448684045
1969 0.00251857448684045
6477 0.00251857448684045
201163 0.00251857448684045
1950 0.00251857448684045
1948 0.00251857448684045
4015 0.00251857448684045
140628 0.00251857448684045
2021 0.00251857448684045
643834 0.00251857448684045
5307 0.00251857448684045
6367 0.00251857448684045
6361 0.00251857448684045
6232 0.00251857448684045
1454 0.00251857448684045
623 0.00251857448684045
4088 0.00251857448684045
4102 0.00251857448684045
1490 0.00251857448684045
6207 0.00251857448684045
4118 0.00251857448684045
53827 0.00251857448684045
152404 0.00251857448684045
624 0.00251857448684045
1453 0.00251857448684045
407014 0.00251857448684045
6347 0.00251857448684045
634 0.00251857448684045
6282 0.00251857448684045
51237 0.00251857448684045
51208 0.00251857448684045
51094 0.00251857448684045
5336 0.00251857448684045
5347 0.00251857448684045
1432 0.00251857448684045
1525 0.00251857448684045
5156 0.00119423304860827
8731 8.95674786456203E-4
4597 8.95674786456203E-4
3342 8.95674786456203E-4
79811 8.95674786456203E-4
10879 5.97116524304135E-4
10923 5.97116524304135E-4
4827 5.97116524304135E-4
3429 5.97116524304135E-4
5062 5.97116524304135E-4
7175 5.97116524304135E-4
353376 5.97116524304135E-4
1030 5.97116524304135E-4
10128 5.97116524304135E-4
925 5.97116524304135E-4
51014 5.97116524304135E-4
10573 5.97116524304135E-4
6925 5.97116524304135E-4
29107 5.97116524304135E-4
100302736 5.97116524304135E-4
10534 5.97116524304135E-4
5624 5.97116524304135E-4
5715 5.97116524304135E-4
10671 5.97116524304135E-4
26040 5.97116524304135E-4
6528 2.98558262152068E-4
3702 2.98558262152068E-4
5670 2.98558262152068E-4
81839 2.98558262152068E-4
4072 2.98558262152068E-4
2251 2.98558262152068E-4
6275 2.98558262152068E-4
6996 2.98558262152068E-4
4640 2.98558262152068E-4
1084 2.98558262152068E-4
50943 2.98558262152068E-4
6751 2.98558262152068E-4
2069 2.98558262152068E-4
3589 2.98558262152068E-4
29919 2.98558262152068E-4
54345 2.98558262152068E-4
1421 2.98558262152068E-4
6722 2.98558262152068E-4
51201 2.98558262152068E-4
397 2.98558262152068E-4
6581 2.98558262152068E-4
6608 2.98558262152068E-4
5230 2.98558262152068E-4
56999 2.98558262152068E-4
9657 2.98558262152068E-4
5241 2.98558262152068E-4
3934 2.98558262152068E-4
390502 2.98558262152068E-4
6520 2.98558262152068E-4
64208 2.98558262152068E-4
51343 2.98558262152068E-4
51339 2.98558262152068E-4
29072 2.98558262152068E-4
1326 2.98558262152068E-4
1111 2.98558262152068E-4
54498 2.98558262152068E-4
545 2.98558262152068E-4
326625 2.98558262152068E-4
7295 2.98558262152068E-4
10399 2.98558262152068E-4
7412 2.98558262152068E-4
4842 2.98558262152068E-4
2185 2.98558262152068E-4
27022 2.98558262152068E-4
159989 2.98558262152068E-4
26999 2.98558262152068E-4
472 2.98558262152068E-4
4513 2.98558262152068E-4
8437 2.98558262152068E-4
57575 2.98558262152068E-4
1087 2.98558262152068E-4
10863 2.98558262152068E-4
1687 2.98558262152068E-4
11149 2.98558262152068E-4
10392 2.98558262152068E-4
3066 2.98558262152068E-4
307 2.98558262152068E-4
7070 2.98558262152068E-4
27086 2.98558262152068E-4
406973 2.98558262152068E-4
1874 2.98558262152068E-4
2100 2.98558262152068E-4
3106 2.98558262152068E-4
796 2.98558262152068E-4
4192 2.98558262152068E-4
83478 2.98558262152068E-4
7114 2.98558262152068E-4
3111 2.98558262152068E-4
430 2.98558262152068E-4
3133 2.98558262152068E-4
10370 2.98558262152068E-4
84168 2.98558262152068E-4
