5979 0.86440660284863
6390 0.653921371595608
7428 0.639534500183289
6392 0.636681675356596
4763 0.309385414516338
55654 0.303582699145825
23095 0.303414249273297
1113 0.302687024359369
4149 0.30149279131076
2668 0.301194233048608
1755 0.1
6391 0.0092553061267141
10993 0.00835963134025789
10157 0.00835963134025789
1757 0.00835963134025789
113675 0.00835963134025789
133 0.00746395655380169
796 0.00537404871873722
51738 0.0050371489736809
7015 0.00401136579760079
8453 0.0037484996131491
3925 0.00371280753544872
7857 0.00341424927329665
7157 0.00328414088367274
5443 0.00328414088367274
2056 0.00311569101114458
7054 0.00298558262152068
2064 0.00281713274899252
3480 0.00281713274899252
185 0.00281713274899252
186 0.00281713274899252
51083 0.00281713274899252
2057 0.00281713274899252
7799 0.00281713274899252
8811 0.00251857448684045
332 0.00251857448684045
114131 0.00251857448684045
1031 0.00251857448684045
7248 0.00238846609721654
4852 0.00238846609721654
4803 0.00238846609721654
3342 0.00238846609721654
4914 0.00208990783506447
4489 0.00208990783506447
7422 0.00179134957291241
6750 0.00179134957291241
4221 0.00179134957291241
5728 0.00149279131076034
2034 0.00149279131076034
6389 0.00149279131076034
5409 0.00149279131076034
5792 0.00119423304860827
1621 0.00119423304860827
1029 0.00119423304860827
54949 0.00119423304860827
116 0.00119423304860827
1392 0.00119423304860827
6855 8.95674786456203E-4
5096 8.95674786456203E-4
3481 8.95674786456203E-4
5663 8.95674786456203E-4
5095 8.95674786456203E-4
5972 8.95674786456203E-4
5179 8.95674786456203E-4
1363 8.95674786456203E-4
10911 8.95674786456203E-4
54583 8.95674786456203E-4
1644 8.95674786456203E-4
353 8.95674786456203E-4
2026 8.95674786456203E-4
6283 8.95674786456203E-4
338399 8.95674786456203E-4
23336 8.95674786456203E-4
5311 5.97116524304135E-4
112399 5.97116524304135E-4
51014 5.97116524304135E-4
8535 5.97116524304135E-4
6581 5.97116524304135E-4
353376 5.97116524304135E-4
57534 5.97116524304135E-4
118429 5.97116524304135E-4
23621 5.97116524304135E-4
5715 5.97116524304135E-4
100302736 5.97116524304135E-4
10671 5.97116524304135E-4
7124 5.97116524304135E-4
7350 5.97116524304135E-4
7433 5.97116524304135E-4
8929 5.97116524304135E-4
10249 5.97116524304135E-4
10400 5.97116524304135E-4
10534 5.97116524304135E-4
5967 5.97116524304135E-4
5949 5.97116524304135E-4
11186 5.97116524304135E-4
7052 5.97116524304135E-4
5167 5.97116524304135E-4
1910 5.97116524304135E-4
3872 5.97116524304135E-4
3854 5.97116524304135E-4
949 5.97116524304135E-4
3791 5.97116524304135E-4
3702 5.97116524304135E-4
1384 5.97116524304135E-4
847 5.97116524304135E-4
3429 5.97116524304135E-4
1027 5.97116524304135E-4
2837 5.97116524304135E-4
2744 5.97116524304135E-4
1165 5.97116524304135E-4
2641 5.97116524304135E-4
1421 5.97116524304135E-4
1869 5.97116524304135E-4
595 5.97116524304135E-4
570 5.97116524304135E-4
5122 5.97116524304135E-4
5062 5.97116524304135E-4
183 5.97116524304135E-4
4609 5.97116524304135E-4
472 5.97116524304135E-4
4436 5.97116524304135E-4
5126 5.97116524304135E-4
3815 5.97116524304135E-4
2475 5.97116524304135E-4
4288 5.97116524304135E-4
4342 5.97116524304135E-4
22862 2.98558262152068E-4
728378 2.98558262152068E-4
146 2.98558262152068E-4
338412 2.98558262152068E-4
178 2.98558262152068E-4
2014 2.98558262152068E-4
1778 2.98558262152068E-4
11331 2.98558262152068E-4
11261 2.98558262152068E-4
1909 2.98558262152068E-4
11258 2.98558262152068E-4
652 2.98558262152068E-4
79924 2.98558262152068E-4
1636 2.98558262152068E-4
10755 2.98558262152068E-4
23286 2.98558262152068E-4
1032 2.98558262152068E-4
23583 2.98558262152068E-4
94081 2.98558262152068E-4
85300 2.98558262152068E-4
83593 2.98558262152068E-4
57822 2.98558262152068E-4
627 2.98558262152068E-4
57332 2.98558262152068E-4
57045 2.98558262152068E-4
57007 2.98558262152068E-4
841 2.98558262152068E-4
871 2.98558262152068E-4
51561 2.98558262152068E-4
51129 2.98558262152068E-4
51094 2.98558262152068E-4
5664 2.98558262152068E-4
1022 2.98558262152068E-4
29072 2.98558262152068E-4
112398 2.98558262152068E-4
5173 2.98558262152068E-4
6198 2.98558262152068E-4
6199 2.98558262152068E-4
5132 2.98558262152068E-4
6344 2.98558262152068E-4
6387 2.98558262152068E-4
3725 2.98558262152068E-4
3661 2.98558262152068E-4
5294 2.98558262152068E-4
6616 2.98558262152068E-4
6046 2.98558262152068E-4
4029 2.98558262152068E-4
4084 2.98558262152068E-4
5250 2.98558262152068E-4
5290 2.98558262152068E-4
5291 2.98558262152068E-4
5293 2.98558262152068E-4
4613 2.98558262152068E-4
5457 2.98558262152068E-4
5741 2.98558262152068E-4
4201 2.98558262152068E-4
5925 2.98558262152068E-4
3479 2.98558262152068E-4
6770 2.98558262152068E-4
6923 2.98558262152068E-4
2335 2.98558262152068E-4
7832 2.98558262152068E-4
2321 2.98558262152068E-4
2305 2.98558262152068E-4
2271 2.98558262152068E-4
2253 2.98558262152068E-4
8829 2.98558262152068E-4
2158 2.98558262152068E-4
10076 2.98558262152068E-4
7528 2.98558262152068E-4
31 2.98558262152068E-4
2626 2.98558262152068E-4
6924 2.98558262152068E-4
6928 2.98558262152068E-4
3091 2.98558262152068E-4
7031 2.98558262152068E-4
3090 2.98558262152068E-4
3078 2.98558262152068E-4
3064 2.98558262152068E-4
2990 2.98558262152068E-4
7411 2.98558262152068E-4
10120 2.98558262152068E-4
