1636 0.451114249362589
7124 0.426956711689998
3674 0.412235589937827
4843 0.404309924059753
2833 0.400298558262152
4524 0.39427957530511
2153 0.364094797560459
2147 0.342882077006751
5144 0.337329567899512
3569 0.333188093712287
3690 0.3316696208398
5327 0.323578154494402
3557 0.313394130908735
4018 0.313059880568882
3383 0.31027843989759
335 0.308487090324678
1906 0.305932823760137
3553 0.305932823760137
5743 0.305205598846209
9734 0.304942732661757
79001 0.304644174399605
7040 0.303712807535449
7941 0.30149279131076
6647 0.301194233048608
7351 0.300298558262152
213 0.300298558262152
5563 0.3
196743 0.3
54498 0.3
5328 0.3
3659 0.3
3360 0.3
3685 0.3
4846 0.141782260270066
241 0.123243904154549
4313 0.107461307148598
3479 0.107127056808745
177 0.105932823760137
2053 0.105634265497985
285 0.104345616137453
4318 0.104179815670129
3156 0.103748499613149
6285 0.103115691011145
3606 0.102817132748993
3976 0.102817132748993
3717 0.102817132748993
4842 0.101194233048608
836 0.101194233048608
4803 0.100597116524304
186 0.100597116524304
284 0.100298558262152
3791 0.100298558262152
8654 0.100298558262152
7076 0.100298558262152
4282 0.100298558262152
1464 0.100298558262152
652 0.1
429 0.1
2066 0.1
1909 0.1
4886 0.1
6714 0.1
6357 0.1
80762 0.1
960 0.1
2674 0.1
347 0.1
5580 0.1
2908 0.1
2920 0.1
115677 0.1
7039 0.1
831 0.1
23327 0.1
5156 0.1
835 0.1
348 0.064248163492076
5054 0.0428463849290506
5444 0.0347522691784483
1401 0.0281152526609059
2244 0.0225854139908181
185 0.017142630521884
183 0.016415405607956
2811 0.0156855312888241
929 0.0140626315884398
4854 0.0136009222641673
1361 0.0134298229864353
4878 0.0130011563346593
3673 0.0121998978601266
6403 0.0121642057824263
2266 0.0106714144716659
5445 0.00938276511113413
7450 0.00925265672151022
1535 0.00874995650912962
1282 0.00865818960240996
2162 0.00848709032467793
154 0.00845139824697755
118 0.00835698193505402
4879 0.00785428172267341
2157 0.00755572346052135
5340 0.00716539829164962
1284 0.00716539829164962
7412 0.00686419062429368
328 0.00656563236214162
4314 0.00643552397251771
4552 0.00626707409998955
338 0.00623138202228917
5468 0.0059328237601371
2243 0.0059328237601371
4023 0.00583840744821357
2155 0.00580271537051319
5972 0.00537404871873722
3356 0.00533570723583296
8858 0.00533570723583296
6401 0.00524129092390944
5742 0.00524129092390944
2099 0.00524129092390944
116519 0.00520559884620906
3630 0.00520559884620906
5555 0.00507549045658515
5554 0.00507549045658515
5660 0.00507549045658515
5583 0.00494273266175737
627 0.00477693219443308
4855 0.00477693219443308
4815 0.0046441743996053
7422 0.00447837393228102
5308 0.00434561613745324
10544 0.00434561613745324
350 0.00404705787530117
6916 0.00404705787530117
4312 0.00404705787530117
3689 0.00404705787530117
2022 0.00404705787530117
2784 0.00404705787530117
2169 0.00404705787530117
240 0.00404705787530117
5687 0.0037484996131491
3552 0.0037484996131491
1278 0.0037484996131491
8048 0.0037484996131491
4548 0.0037484996131491
187 0.0037484996131491
64805 0.0037484996131491
7157 0.00371280753544872
12 0.00371280753544872
1440 0.00371280753544872
2152 0.00371280753544872
5320 0.00371280753544872
2621 0.00371280753544872
1523 0.00344994135099703
79173 0.00344994135099703
150290 0.00344994135099703
10562 0.00344994135099703
118611 0.00344994135099703
647167 0.00344994135099703
387612 0.00344994135099703
390856 0.00344994135099703
63827 0.00344994135099703
653361 0.00344994135099703
80333 0.00344994135099703
64927 0.00344994135099703
10802 0.00344994135099703
3613 0.00344994135099703
23245 0.00344994135099703
57526 0.00344994135099703
89822 0.00344994135099703
3694 0.00344994135099703
251 0.00344994135099703
8938 0.00344994135099703
4249 0.00344994135099703
459 0.00344994135099703
441250 0.00344994135099703
221178 0.00344994135099703
285423 0.00344994135099703
29887 0.00344994135099703
6710 0.00344994135099703
664 0.00344994135099703
64215 0.00344994135099703
100288517 0.00344994135099703
138881 0.00344994135099703
64102 0.00344994135099703
340990 0.00344994135099703
130507 0.00344994135099703
8418 0.00344994135099703
222894 0.00344994135099703
2313 0.00344994135099703
391845 0.00344994135099703
729909 0.00344994135099703
645859 0.00344994135099703
100130396 0.00344994135099703
202 0.00344994135099703
442426 0.00344994135099703
100271164 0.00344994135099703
5095 0.00344994135099703
1666 0.00341424927329665
3162 0.00341424927329665
4852 0.00341424927329665
3146 0.00341424927329665
3565 0.00341424927329665
7515 0.00341424927329665
8529 0.00341424927329665
351 0.00328414088367274
3769 0.00328414088367274
7137 0.00311569101114458
133 0.00311569101114458
142 0.00311569101114458
255738 0.00311569101114458
1524 0.00311569101114458
721 0.00281713274899252
6404 0.00281713274899252
718 0.00281713274899252
2068 0.00281713274899252
9927 0.00281713274899252
197 0.00281713274899252
55829 0.00281713274899252
2149 0.00281713274899252
4056 0.00281713274899252
9446 0.00281713274899252
3303 0.00281713274899252
10267 0.00281713274899252
5617 0.00281713274899252
6532 0.00268702435936861
4709 0.00268702435936861
7126 0.00268702435936861
8740 0.00251857448684045
7139 0.00251857448684045
727 0.00251857448684045
1441 0.00251857448684045
5695 0.00251857448684045
41 0.00251857448684045
3570 0.00251857448684045
56413 0.00251857448684045
2815 0.00251857448684045
1241 0.00251857448684045
3486 0.00251857448684045
2668 0.00238846609721654
2717 0.00238846609721654
7099 0.00208990783506447
342977 0.00208990783506447
9242 0.00208990783506447
4397 0.00208990783506447
51312 0.00208990783506447
140913 0.00179134957291241
875 0.00179134957291241
55349 0.00179134957291241
1465 0.00179134957291241
3586 0.00179134957291241
55536 0.00179134957291241
4566 0.00179134957291241
4567 0.00149279131076034
7056 0.00149279131076034
4049 0.00149279131076034
6347 0.00149279131076034
4540 0.00149279131076034
404677 0.00149279131076034
6462 0.00149279131076034
3949 0.00149279131076034
5624 0.00149279131076034
2837 0.00149279131076034
1121 0.00149279131076034
8170 0.00149279131076034
1437 0.00149279131076034
1585 0.00149279131076034
19 0.00149279131076034
6546 0.00119423304860827
5243 0.00119423304860827
6367 0.00119423304860827
3576 0.00119423304860827
5319 0.00119423304860827
948 0.00119423304860827
4185 0.00119423304860827
5428 0.00119423304860827
27306 0.00119423304860827
11093 0.00119423304860827
54535 0.00119423304860827
9360 0.00119423304860827
50848 0.00119423304860827
189 0.00119423304860827
8398 0.00119423304860827
4695 0.00119423304860827
3918 0.00119423304860827
8991 0.00119423304860827
1557 0.00119423304860827
83882 0.00119423304860827
1471 0.00119423304860827
1917 0.00119423304860827
410 0.00119423304860827
10855 0.00119423304860827
54821 0.00119423304860827
2944 0.00119423304860827
324 0.00119423304860827
3077 0.00119423304860827
5978 0.00119423304860827
5891 8.95674786456203E-4
462 8.95674786456203E-4
217 8.95674786456203E-4
844 8.95674786456203E-4
5663 8.95674786456203E-4
6833 8.95674786456203E-4
125 8.95674786456203E-4
5047 8.95674786456203E-4
221458 8.95674786456203E-4
374569 8.95674786456203E-4
23038 8.95674786456203E-4
4000 8.95674786456203E-4
2056 8.95674786456203E-4
4858 8.95674786456203E-4
101669765 8.95674786456203E-4
23209 8.95674786456203E-4
5740 8.95674786456203E-4
1543 8.95674786456203E-4
6868 8.95674786456203E-4
463 8.95674786456203E-4
4908 8.95674786456203E-4
3123 8.95674786456203E-4
1071 8.95674786456203E-4
27319 8.95674786456203E-4
953 8.95674786456203E-4
6648 8.95674786456203E-4
4359 8.95674786456203E-4
1130 8.95674786456203E-4
4306 8.95674786456203E-4
958 8.95674786456203E-4
1950 8.95674786456203E-4
6352 8.95674786456203E-4
3133 8.95674786456203E-4
2878 8.95674786456203E-4
361 8.95674786456203E-4
6240 8.95674786456203E-4
6261 8.95674786456203E-4
862 5.97116524304135E-4
474221 5.97116524304135E-4
1755 5.97116524304135E-4
4790 5.97116524304135E-4
4760 5.97116524304135E-4
192142 5.97116524304135E-4
2006 5.97116524304135E-4
8742 5.97116524304135E-4
4512 5.97116524304135E-4
590 5.97116524304135E-4
59 5.97116524304135E-4
655 5.97116524304135E-4
441933 5.97116524304135E-4
100289462 5.97116524304135E-4
8718 5.97116524304135E-4
4353 5.97116524304135E-4
1677 5.97116524304135E-4
1673 5.97116524304135E-4
1628 5.97116524304135E-4
124872 5.97116524304135E-4
9370 5.97116524304135E-4
1234 5.97116524304135E-4
6387 5.97116524304135E-4
5167 5.97116524304135E-4
10383 5.97116524304135E-4
9639 5.97116524304135E-4
6241 5.97116524304135E-4
11315 5.97116524304135E-4
9616 5.97116524304135E-4
6295 5.97116524304135E-4
58157 5.97116524304135E-4
9607 5.97116524304135E-4
1109 5.97116524304135E-4
5550 5.97116524304135E-4
5465 5.97116524304135E-4
51206 5.97116524304135E-4
126 5.97116524304135E-4
8988 5.97116524304135E-4
596 5.97116524304135E-4
1579 5.97116524304135E-4
57120 5.97116524304135E-4
1577 5.97116524304135E-4
6520 5.97116524304135E-4
156 5.97116524304135E-4
10200 5.97116524304135E-4
4883 5.97116524304135E-4
4885 5.97116524304135E-4
56729 5.97116524304135E-4
4953 5.97116524304135E-4
497258 5.97116524304135E-4
133482 5.97116524304135E-4
10327 5.97116524304135E-4
1038 5.97116524304135E-4
54751 5.97116524304135E-4
25939 5.97116524304135E-4
3483 5.97116524304135E-4
8266 5.97116524304135E-4
3605 5.97116524304135E-4
28 5.97116524304135E-4
7292 5.97116524304135E-4
7052 5.97116524304135E-4
3316 5.97116524304135E-4
391110 5.97116524304135E-4
2317 5.97116524304135E-4
23158 5.97116524304135E-4
79068 5.97116524304135E-4
3934 5.97116524304135E-4
2346 5.97116524304135E-4
355 5.97116524304135E-4
760 5.97116524304135E-4
301 5.97116524304135E-4
2952 5.97116524304135E-4
8131 5.97116524304135E-4
790 5.97116524304135E-4
788 5.97116524304135E-4
805 5.97116524304135E-4
7852 5.97116524304135E-4
2904 5.97116524304135E-4
29072 5.97116524304135E-4
808 5.97116524304135E-4
2539 5.97116524304135E-4
26191 5.97116524304135E-4
23771 5.97116524304135E-4
8080 5.97116524304135E-4
7097 5.97116524304135E-4
373156 5.97116524304135E-4
2638 5.97116524304135E-4
6948 5.97116524304135E-4
842 5.97116524304135E-4
729230 5.97116524304135E-4
3566 5.97116524304135E-4
3091 5.97116524304135E-4
730249 5.97116524304135E-4
4217 5.97116524304135E-4
800 5.97116524304135E-4
3164 5.97116524304135E-4
2688 5.97116524304135E-4
6654 5.97116524304135E-4
31 5.97116524304135E-4
846 5.97116524304135E-4
6649 5.97116524304135E-4
43 5.97116524304135E-4
407977 5.97116524304135E-4
801 5.97116524304135E-4
3295 5.97116524304135E-4
22915 5.97116524304135E-4
3315 5.97116524304135E-4
401637 5.97116524304135E-4
3308 5.97116524304135E-4
6915 5.97116524304135E-4
3075 5.97116524304135E-4
22989 5.97116524304135E-4
4048 5.97116524304135E-4
80310 5.97116524304135E-4
4055 5.97116524304135E-4
3082 5.97116524304135E-4
7916 2.98558262152068E-4
6296 2.98558262152068E-4
79176 2.98558262152068E-4
9560 2.98558262152068E-4
6271 2.98558262152068E-4
6272 2.98558262152068E-4
6280 2.98558262152068E-4
6279 2.98558262152068E-4
9510 2.98558262152068E-4
7873 2.98558262152068E-4
9704 2.98558262152068E-4
5982 2.98558262152068E-4
961 2.98558262152068E-4
9961 2.98558262152068E-4
738 2.98558262152068E-4
597 2.98558262152068E-4
59272 2.98558262152068E-4
9971 2.98558262152068E-4
999 2.98558262152068E-4
7374 2.98558262152068E-4
6036 2.98558262152068E-4
6048 2.98558262152068E-4
60495 2.98558262152068E-4
780 2.98558262152068E-4
7190 2.98558262152068E-4
773 2.98558262152068E-4
7704 2.98558262152068E-4
7200 2.98558262152068E-4
9620 2.98558262152068E-4
6098 2.98558262152068E-4
968 2.98558262152068E-4
7421 2.98558262152068E-4
60498 2.98558262152068E-4
58496 2.98558262152068E-4
84867 2.98558262152068E-4
6863 2.98558262152068E-4
8851 2.98558262152068E-4
890 2.98558262152068E-4
89766 2.98558262152068E-4
7009 2.98558262152068E-4
839 2.98558262152068E-4
7010 2.98558262152068E-4
7013 2.98558262152068E-4
83886 2.98558262152068E-4
7049 2.98558262152068E-4
7057 2.98558262152068E-4
8997 2.98558262152068E-4
8406 2.98558262152068E-4
841 2.98558262152068E-4
8842 2.98558262152068E-4
8626 2.98558262152068E-4
867 2.98558262152068E-4
6594 2.98558262152068E-4
6667 2.98558262152068E-4
8673 2.98558262152068E-4
84516 2.98558262152068E-4
6696 2.98558262152068E-4
6558 2.98558262152068E-4
6744 2.98558262152068E-4
6772 2.98558262152068E-4
8743 2.98558262152068E-4
6855 2.98558262152068E-4
9027 2.98558262152068E-4
9139 2.98558262152068E-4
6402 2.98558262152068E-4
7084 2.98558262152068E-4
64478 2.98558262152068E-4
80761 2.98558262152068E-4
94 2.98558262152068E-4
80739 2.98558262152068E-4
637 2.98558262152068E-4
6366 2.98558262152068E-4
9429 2.98558262152068E-4
6351 2.98558262152068E-4
947 2.98558262152068E-4
6336 2.98558262152068E-4
7078 2.98558262152068E-4
9208 2.98558262152068E-4
64084 2.98558262152068E-4
6470 2.98558262152068E-4
8215 2.98558262152068E-4
64644 2.98558262152068E-4
7350 2.98558262152068E-4
91653 2.98558262152068E-4
64221 2.98558262152068E-4
8184 2.98558262152068E-4
6418 2.98558262152068E-4
6414 2.98558262152068E-4
81448 2.98558262152068E-4
9197 2.98558262152068E-4
7077 2.98558262152068E-4
6331 2.98558262152068E-4
58191 2.98558262152068E-4
2161 2.98558262152068E-4
25824 2.98558262152068E-4
2590 2.98558262152068E-4
259197 2.98558262152068E-4
259296 2.98558262152068E-4
25978 2.98558262152068E-4
260402 2.98558262152068E-4
2624 2.98558262152068E-4
26245 2.98558262152068E-4
2626 2.98558262152068E-4
2628 2.98558262152068E-4
2644 2.98558262152068E-4
23761 2.98558262152068E-4
23576 2.98558262152068E-4
23564 2.98558262152068E-4
2194 2.98558262152068E-4
219899 2.98558262152068E-4
2220 2.98558262152068E-4
2246 2.98558262152068E-4
2260 2.98558262152068E-4
22883 2.98558262152068E-4
23095 2.98558262152068E-4
23105 2.98558262152068E-4
23312 2.98558262152068E-4
23395 2.98558262152068E-4
23495 2.98558262152068E-4
2646 2.98558262152068E-4
26768 2.98558262152068E-4
2946 2.98558262152068E-4
302 2.98558262152068E-4
3026 2.98558262152068E-4
3039 2.98558262152068E-4
3040 2.98558262152068E-4
3064 2.98558262152068E-4
3078 2.98558262152068E-4
3084 2.98558262152068E-4
3105 2.98558262152068E-4
3115 2.98558262152068E-4
3126 2.98558262152068E-4
2936 2.98558262152068E-4
2903 2.98558262152068E-4
2879 2.98558262152068E-4
2677 2.98558262152068E-4
268 2.98558262152068E-4
2690 2.98558262152068E-4
26952 2.98558262152068E-4
27074 2.98558262152068E-4
27190 2.98558262152068E-4
27350 2.98558262152068E-4
2804 2.98558262152068E-4
284217 2.98558262152068E-4
2868 2.98558262152068E-4
2876 2.98558262152068E-4
3240 2.98558262152068E-4
10006 2.98558262152068E-4
1116 2.98558262152068E-4
11183 2.98558262152068E-4
11277 2.98558262152068E-4
113130 2.98558262152068E-4
113451 2.98558262152068E-4
115 2.98558262152068E-4
116 2.98558262152068E-4
1237 2.98558262152068E-4
128368 2.98558262152068E-4
128372 2.98558262152068E-4
129831 2.98558262152068E-4
11076 2.98558262152068E-4
10825 2.98558262152068E-4
10732 2.98558262152068E-4
10019 2.98558262152068E-4
10194 2.98558262152068E-4
1020 2.98558262152068E-4
1027 2.98558262152068E-4
1029 2.98558262152068E-4
1030 2.98558262152068E-4
10392 2.98558262152068E-4
10468 2.98558262152068E-4
1052 2.98558262152068E-4
10580 2.98558262152068E-4
10614 2.98558262152068E-4
1316 2.98558262152068E-4
1431 2.98558262152068E-4
1910 2.98558262152068E-4
1946 2.98558262152068E-4
1958 2.98558262152068E-4
1991 2.98558262152068E-4
199699 2.98558262152068E-4
1999 2.98558262152068E-4
2 2.98558262152068E-4
2004 2.98558262152068E-4
2026 2.98558262152068E-4
2073 2.98558262152068E-4
2100 2.98558262152068E-4
1901 2.98558262152068E-4
190 2.98558262152068E-4
1855 2.98558262152068E-4
147040 2.98558262152068E-4
147719 2.98558262152068E-4
150483 2.98558262152068E-4
153 2.98558262152068E-4
1576 2.98558262152068E-4
1594 2.98558262152068E-4
1659 2.98558262152068E-4
171513 2.98558262152068E-4
1728 2.98558262152068E-4
1761 2.98558262152068E-4
1827 2.98558262152068E-4
2146 2.98558262152068E-4
3257 2.98558262152068E-4
4882 2.98558262152068E-4
51085 2.98558262152068E-4
51162 2.98558262152068E-4
51599 2.98558262152068E-4
51703 2.98558262152068E-4
5269 2.98558262152068E-4
5290 2.98558262152068E-4
5291 2.98558262152068E-4
5293 2.98558262152068E-4
5294 2.98558262152068E-4
339345 2.98558262152068E-4
5321 2.98558262152068E-4
5104 2.98558262152068E-4
50652 2.98558262152068E-4
50604 2.98558262152068E-4
4891 2.98558262152068E-4
4899 2.98558262152068E-4
4915 2.98558262152068E-4
4922 2.98558262152068E-4
494336 2.98558262152068E-4
4968 2.98558262152068E-4
4973 2.98558262152068E-4
4974 2.98558262152068E-4
5029 2.98558262152068E-4
5034 2.98558262152068E-4
5055 2.98558262152068E-4
5346 2.98558262152068E-4
5354 2.98558262152068E-4
5641 2.98558262152068E-4
5653 2.98558262152068E-4
5662 2.98558262152068E-4
5669 2.98558262152068E-4
57026 2.98558262152068E-4
5715 2.98558262152068E-4
5731 2.98558262152068E-4
57338 2.98558262152068E-4
5744 2.98558262152068E-4
57823 2.98558262152068E-4
5786 2.98558262152068E-4
5627 2.98558262152068E-4
5621 2.98558262152068E-4
5599 2.98558262152068E-4
5371 2.98558262152068E-4
5376 2.98558262152068E-4
5409 2.98558262152068E-4
5411 2.98558262152068E-4
5446 2.98558262152068E-4
54658 2.98558262152068E-4
54704 2.98558262152068E-4
54732 2.98558262152068E-4
54808 2.98558262152068E-4
55687 2.98558262152068E-4
5592 2.98558262152068E-4
581 2.98558262152068E-4
3269 2.98558262152068E-4
367 2.98558262152068E-4
3682 2.98558262152068E-4
3778 2.98558262152068E-4
3851 2.98558262152068E-4
388372 2.98558262152068E-4
3887 2.98558262152068E-4
3892 2.98558262152068E-4
391191 2.98558262152068E-4
391195 2.98558262152068E-4
3921 2.98558262152068E-4
3936 2.98558262152068E-4
3654 2.98558262152068E-4
3627 2.98558262152068E-4
3592 2.98558262152068E-4
3272 2.98558262152068E-4
327657 2.98558262152068E-4
3329 2.98558262152068E-4
3376 2.98558262152068E-4
3401 2.98558262152068E-4
340719 2.98558262152068E-4
3423 2.98558262152068E-4
343170 2.98558262152068E-4
347734 2.98558262152068E-4
356 2.98558262152068E-4
3567 2.98558262152068E-4
3952 2.98558262152068E-4
3984 2.98558262152068E-4
4316 2.98558262152068E-4
4319 2.98558262152068E-4
4321 2.98558262152068E-4
4331 2.98558262152068E-4
4502 2.98558262152068E-4
4577 2.98558262152068E-4
4580 2.98558262152068E-4
472 2.98558262152068E-4
4851 2.98558262152068E-4
4860 2.98558262152068E-4
4877 2.98558262152068E-4
4296 2.98558262152068E-4
4287 2.98558262152068E-4
100048912 2.98558262152068E-4
401262 2.98558262152068E-4
401992 2.98558262152068E-4
4035 2.98558262152068E-4
4045 2.98558262152068E-4
406993 2.98558262152068E-4
4099 2.98558262152068E-4
414 2.98558262152068E-4
4143 2.98558262152068E-4
4153 2.98558262152068E-4
4155 2.98558262152068E-4
4194 2.98558262152068E-4
4881 2.98558262152068E-4
