6532 0.0316802184606157
627 0.0122408887482348
3356 0.00882399006973425
3350 0.00776251481595376
121278 0.00656828176734549
4128 0.00567260698088929
5243 0.00553984918606151
3358 0.00524129092390944
1312 0.00417981567012895
1392 0.00417981567012895
3351 0.00404705787530117
7166 0.00388125740797688
27185 0.00388125740797688
9968 0.0037484996131491
1395 0.0037484996131491
1129 0.0037484996131491
1393 0.0037484996131491
2558 0.00344994135099703
28954 0.00328414088367274
1636 0.00298558262152068
2908 0.00298558262152068
1565 0.00238846609721654
2984 0.00238846609721654
348 0.00238846609721654
6770 0.00238846609721654
6999 0.00238846609721654
92002 0.00238846609721654
6530 0.00238846609721654
667 0.00208990783506447
2289 0.00208990783506447
100379198 0.00179134957291241
1385 0.00179134957291241
5027 0.00179134957291241
431708 0.00149279131076034
2784 0.00149279131076034
1814 0.00149279131076034
1268 0.00149279131076034
4915 0.00119423304860827
7124 0.00119423304860827
3240 0.00119423304860827
4852 0.00119423304860827
1437 0.00119423304860827
27319 0.00119423304860827
27445 0.00119423304860827
2571 0.00119423304860827
3918 0.00119423304860827
497258 0.00119423304860827
3304 8.95674786456203E-4
7200 8.95674786456203E-4
3569 8.95674786456203E-4
474256 8.95674786456203E-4
775 8.95674786456203E-4
7012 8.95674786456203E-4
6531 8.95674786456203E-4
3303 8.95674786456203E-4
9575 8.95674786456203E-4
5443 8.95674786456203E-4
55117 8.95674786456203E-4
2149 8.95674786456203E-4
1978 8.95674786456203E-4
267012 8.95674786456203E-4
2099 8.95674786456203E-4
1748 8.95674786456203E-4
474257 5.97116524304135E-4
472 5.97116524304135E-4
4524 5.97116524304135E-4
1557 5.97116524304135E-4
4306 5.97116524304135E-4
6947 5.97116524304135E-4
4129 5.97116524304135E-4
1621 5.97116524304135E-4
124935 5.97116524304135E-4
113 5.97116524304135E-4
671 5.97116524304135E-4
1394 5.97116524304135E-4
56117 5.97116524304135E-4
56925 5.97116524304135E-4
55238 5.97116524304135E-4
551 5.97116524304135E-4
1559 5.97116524304135E-4
5173 5.97116524304135E-4
51728 5.97116524304135E-4
6303 5.97116524304135E-4
5141 5.97116524304135E-4
5021 5.97116524304135E-4
4988 5.97116524304135E-4
153 5.97116524304135E-4
56144 5.97116524304135E-4
3630 5.97116524304135E-4
23040 5.97116524304135E-4
2332 5.97116524304135E-4
3308 5.97116524304135E-4
501 5.97116524304135E-4
9177 5.97116524304135E-4
317 5.97116524304135E-4
10522 5.97116524304135E-4
3002 5.97116524304135E-4
288 5.97116524304135E-4
10611 5.97116524304135E-4
3552 5.97116524304135E-4
3553 5.97116524304135E-4
1109 5.97116524304135E-4
3485 5.97116524304135E-4
2166 5.97116524304135E-4
3586 5.97116524304135E-4
3458 5.97116524304135E-4
10306 2.98558262152068E-4
154 2.98558262152068E-4
5625 2.98558262152068E-4
125 2.98558262152068E-4
9632 2.98558262152068E-4
9641 2.98558262152068E-4
5978 2.98558262152068E-4
9771 2.98558262152068E-4
10270 2.98558262152068E-4
7054 2.98558262152068E-4
111 2.98558262152068E-4
140947 2.98558262152068E-4
79104 2.98558262152068E-4
8001 2.98558262152068E-4
7276 2.98558262152068E-4
150 2.98558262152068E-4
15 2.98558262152068E-4
9048 2.98558262152068E-4
6444 2.98558262152068E-4
6403 2.98558262152068E-4
7349 2.98558262152068E-4
5579 2.98558262152068E-4
3558 2.98558262152068E-4
282706 2.98558262152068E-4
100303453 2.98558262152068E-4
340533 2.98558262152068E-4
340451 2.98558262152068E-4
22904 2.98558262152068E-4
23263 2.98558262152068E-4
2477 2.98558262152068E-4
2644 2.98558262152068E-4
3052 2.98558262152068E-4
266727 2.98558262152068E-4
2932 2.98558262152068E-4
2668 2.98558262152068E-4
2900 2.98558262152068E-4
3930 2.98558262152068E-4
4036 2.98558262152068E-4
404684 2.98558262152068E-4
5542 2.98558262152068E-4
2033 2.98558262152068E-4
5225 2.98558262152068E-4
51593 2.98558262152068E-4
51083 2.98558262152068E-4
2643 2.98558262152068E-4
4986 2.98558262152068E-4
1813 2.98558262152068E-4
4923 2.98558262152068E-4
1956 2.98558262152068E-4
4908 2.98558262152068E-4
2890 2.98558262152068E-4
4240 2.98558262152068E-4
4094 2.98558262152068E-4
27152 2.98558262152068E-4
