3914 0.317109587849388
3909 0.310411197692418
3918 0.308489739729882
1308 0.0113452139617786
27319 0.00567260698088929
3910 0.00507549045658515
1934 0.00328414088367274
3911 0.00251857448684045
7453 0.00208990783506447
3691 0.00208990783506447
128408 0.00179134957291241
10381 0.00149279131076034
10717 0.00149279131076034
5726 5.97116524304135E-4
5979 5.97116524304135E-4
6899 5.97116524304135E-4
5727 5.97116524304135E-4
8030 5.97116524304135E-4
1081 5.97116524304135E-4
1113 5.97116524304135E-4
2158 5.97116524304135E-4
3576 2.98558262152068E-4
3655 2.98558262152068E-4
1294 2.98558262152068E-4
667 2.98558262152068E-4
3915 2.98558262152068E-4
3675 2.98558262152068E-4
3898 2.98558262152068E-4
