2784 0.00719844096414613
3356 0.00583840744821357
5663 0.00417981567012895
348 0.00417981567012895
6532 0.00388125740797688
675 0.00358269914582481
2177 0.00358269914582481
4862 0.00341424927329665
351 0.00179134957291241
1815 0.00119423304860827
5664 0.00119423304860827
3416 5.97116524304135E-4
3569 5.97116524304135E-4
338399 5.97116524304135E-4
4311 5.97116524304135E-4
94233 5.97116524304135E-4
5621 5.97116524304135E-4
2937 5.97116524304135E-4
27319 5.97116524304135E-4
8863 5.97116524304135E-4
1934 5.97116524304135E-4
8754 2.98558262152068E-4
84570 2.98558262152068E-4
8301 2.98558262152068E-4
79665 2.98558262152068E-4
5981 2.98558262152068E-4
7124 2.98558262152068E-4
6573 2.98558262152068E-4
6484 2.98558262152068E-4
4524 2.98558262152068E-4
11168 2.98558262152068E-4
120892 2.98558262152068E-4
1378 2.98558262152068E-4
1634 2.98558262152068E-4
19 2.98558262152068E-4
2263 2.98558262152068E-4
23569 2.98558262152068E-4
23583 2.98558262152068E-4
25825 2.98558262152068E-4
3358 2.98558262152068E-4
347 2.98558262152068E-4
1636 2.98558262152068E-4
3643 2.98558262152068E-4
4312 2.98558262152068E-4
10439 2.98558262152068E-4
