5156 0.307461307148598
5110 0.306565632362142
5444 0.303748499613149
1072 0.302817132748993
5077 0.30149279131076
6347 0.300298558262152
5130 0.300298558262152
25828 0.300298558262152
57216 0.300298558262152
1119 0.300298558262152
2263 0.3
4524 0.0498533438641458
4552 0.020294013610729
4548 0.0178111312015889
875 0.0146954401904443
1719 0.0140626315884398
9 0.0128327064621312
4522 0.0106483823151432
6573 0.0100155737131386
4837 0.00971701545098658
635 0.00779555748845027
7298 0.00779555748845027
4144 0.00689988270199407
191 0.00689988270199407
6470 0.00689988270199407
4846 0.00656563236214162
80199 0.00477693219443308
2348 0.00404705787530117
5981 0.00404705787530117
8029 0.00404705787530117
2350 0.0037484996131491
23743 0.0037484996131491
2346 0.0037484996131491
1787 0.0037484996131491
1757 0.0037484996131491
10797 0.0037484996131491
10840 0.0037484996131491
10 0.0037484996131491
51805 0.00344994135099703
8731 0.00344994135099703
4255 0.00344994135099703
8836 0.00344994135099703
4143 0.00344994135099703
8092 0.00344994135099703
4842 0.00344994135099703
471 0.00344994135099703
7020 0.00344994135099703
6948 0.00344994135099703
4843 0.00344994135099703
3276 0.00344994135099703
3275 0.00344994135099703
2593 0.00344994135099703
2618 0.00344994135099703
2356 0.00344994135099703
2352 0.00344994135099703
1387 0.00344994135099703
10841 0.00344994135099703
23463 0.00344994135099703
2033 0.00344994135099703
1788 0.00344994135099703
1491 0.00344994135099703
1786 0.00344994135099703
262 0.00344994135099703
27232 0.00344994135099703
27430 0.00344994135099703
10588 0.00344994135099703
10370 0.00344994135099703
275 0.00344994135099703
10498 0.00344994135099703
1592 0.00341424927329665
3953 0.00311569101114458
672 0.00281713274899252
7351 0.00281713274899252
1244 0.00281713274899252
3720 0.00251857448684045
6513 0.00251857448684045
5578 0.00251857448684045
652 0.00251857448684045
5579 0.00251857448684045
3098 0.00251857448684045
4709 0.00149279131076034
7126 0.00149279131076034
1791 8.95674786456203E-4
6530 5.97116524304135E-4
10991 5.97116524304135E-4
649 5.97116524304135E-4
6899 5.97116524304135E-4
145389 5.97116524304135E-4
23770 5.97116524304135E-4
5075 5.97116524304135E-4
1982 5.97116524304135E-4
54741 5.97116524304135E-4
54858 5.97116524304135E-4
5547 5.97116524304135E-4
4012 2.98558262152068E-4
4001 2.98558262152068E-4
7547 2.98558262152068E-4
389090 2.98558262152068E-4
81839 2.98558262152068E-4
8456 2.98558262152068E-4
10580 2.98558262152068E-4
3606 2.98558262152068E-4
10487 2.98558262152068E-4
3596 2.98558262152068E-4
26257 2.98558262152068E-4
115584 2.98558262152068E-4
28 2.98558262152068E-4
174 2.98558262152068E-4
1483 2.98558262152068E-4
5269 2.98558262152068E-4
51477 2.98558262152068E-4
2262 2.98558262152068E-4
6576 2.98558262152068E-4
6658 2.98558262152068E-4
4901 2.98558262152068E-4
23476 2.98558262152068E-4
55630 2.98558262152068E-4
9200 2.98558262152068E-4
