4846 0.411511014429103
183 0.360839213029187
185 0.32468062063629
118 0.311345213961779
2784 0.30865818960241
4843 0.304644174399605
5740 0.300895674786456
6401 0.300597116524304
1889 0.300597116524304
51320 0.300298558262152
481 0.300298558262152
8490 0.300298558262152
50986 0.3
1577 0.3
117191 0.3
387575 0.3
444980 0.3
100188321 0.3
100188825 0.3
100188807 0.3
100188808 0.3
2006 0.101194233048608
1636 0.0367557089172008
5972 0.031050059263815
3630 0.0164207044183637
1585 0.0133023640020153
27319 0.00567260698088929
4760 0.00507549045658515
189 0.00507549045658515
10383 0.00507549045658515
65125 0.0046441743996053
3291 0.00447837393228102
5468 0.00434561613745324
1812 0.00434561613745324
154 0.00417981567012895
4878 0.00417981567012895
472 0.00388125740797688
9197 0.00388125740797688
6462 0.00358269914582481
4524 0.00358269914582481
3295 0.00328414088367274
1628 0.00328414088367274
2638 0.00328414088367274
54535 0.00328414088367274
8991 0.00328414088367274
2868 0.00298558262152068
153 0.00298558262152068
6559 0.00268702435936861
1906 0.00238846609721654
3643 0.00238846609721654
3827 0.00238846609721654
65266 0.00208990783506447
59272 0.00179134957291241
1113 0.00179134957291241
3569 0.00179134957291241
3952 0.00179134957291241
4023 0.00179134957291241
348 0.00179134957291241
6277 0.00179134957291241
23209 0.00149279131076034
6060 0.00149279131076034
27347 0.00149279131076034
624 0.00149279131076034
3240 0.00149279131076034
6366 0.00149279131076034
3123 0.00149279131076034
146 0.00149279131076034
1584 0.00119423304860827
2642 0.00119423304860827
147040 0.00119423304860827
1188 0.00119423304860827
23327 0.00119423304860827
5054 0.00119423304860827
1909 0.00119423304860827
7124 0.00119423304860827
133 0.00119423304860827
7422 0.00119423304860827
796 0.00119423304860827
186 0.00119423304860827
5997 8.95674786456203E-4
51752 8.95674786456203E-4
6012 8.95674786456203E-4
5770 8.95674786456203E-4
114548 8.95674786456203E-4
217 8.95674786456203E-4
3162 8.95674786456203E-4
3949 8.95674786456203E-4
4018 8.95674786456203E-4
4800 8.95674786456203E-4
54741 8.95674786456203E-4
54997 8.95674786456203E-4
3816 8.95674786456203E-4
3953 8.95674786456203E-4
27306 8.95674786456203E-4
4879 8.95674786456203E-4
4881 8.95674786456203E-4
1401 8.95674786456203E-4
9001 8.95674786456203E-4
1559 8.95674786456203E-4
155 8.95674786456203E-4
1535 8.95674786456203E-4
342977 8.95674786456203E-4
328 8.95674786456203E-4
7040 8.95674786456203E-4
7054 8.95674786456203E-4
7133 8.95674786456203E-4
7248 8.95674786456203E-4
338 8.95674786456203E-4
1579 8.95674786456203E-4
490 8.95674786456203E-4
847 8.95674786456203E-4
1785 8.95674786456203E-4
4852 5.97116524304135E-4
5409 5.97116524304135E-4
7222 5.97116524304135E-4
2952 5.97116524304135E-4
718 5.97116524304135E-4
760 5.97116524304135E-4
4842 5.97116524304135E-4
187 5.97116524304135E-4
4801 5.97116524304135E-4
148 5.97116524304135E-4
8170 5.97116524304135E-4
6546 5.97116524304135E-4
6283 5.97116524304135E-4
7809 5.97116524304135E-4
491 5.97116524304135E-4
6261 5.97116524304135E-4
480 5.97116524304135E-4
552 5.97116524304135E-4
476 5.97116524304135E-4
9975 5.97116524304135E-4
10911 5.97116524304135E-4
11117 5.97116524304135E-4
633 5.97116524304135E-4
9927 5.97116524304135E-4
5340 5.97116524304135E-4
5327 5.97116524304135E-4
9771 5.97116524304135E-4
4883 5.97116524304135E-4
4882 5.97116524304135E-4
6296 5.97116524304135E-4
2837 5.97116524304135E-4
3356 5.97116524304135E-4
3308 5.97116524304135E-4
3283 5.97116524304135E-4
285335 5.97116524304135E-4
1934 5.97116524304135E-4
3125 5.97116524304135E-4
2011 5.97116524304135E-4
1384 5.97116524304135E-4
133482 5.97116524304135E-4
119 5.97116524304135E-4
135 5.97116524304135E-4
373156 5.97116524304135E-4
3458 5.97116524304135E-4
1565 5.97116524304135E-4
948 5.97116524304135E-4
151 5.97116524304135E-4
1621 5.97116524304135E-4
1573 5.97116524304135E-4
3757 5.97116524304135E-4
4306 5.97116524304135E-4
3667 5.97116524304135E-4
4318 5.97116524304135E-4
1666 5.97116524304135E-4
1791 5.97116524304135E-4
8542 2.98558262152068E-4
8129 2.98558262152068E-4
7980 2.98558262152068E-4
134 2.98558262152068E-4
10567 2.98558262152068E-4
10203 2.98558262152068E-4
10162 2.98558262152068E-4
152503 2.98558262152068E-4
9718 2.98558262152068E-4
9518 2.98558262152068E-4
8529 2.98558262152068E-4
8909 2.98558262152068E-4
100996758 2.98558262152068E-4
26 2.98558262152068E-4
36 2.98558262152068E-4
100 2.98558262152068E-4
9139 2.98558262152068E-4
9170 2.98558262152068E-4
283 2.98558262152068E-4
9365 2.98558262152068E-4
9768 2.98558262152068E-4
133308 2.98558262152068E-4
10249 2.98558262152068E-4
64132 2.98558262152068E-4
64131 2.98558262152068E-4
10599 2.98558262152068E-4
57105 2.98558262152068E-4
23493 2.98558262152068E-4
23771 2.98558262152068E-4
57492 2.98558262152068E-4
213 2.98558262152068E-4
57007 2.98558262152068E-4
55503 2.98558262152068E-4
55238 2.98558262152068E-4
54808 2.98558262152068E-4
28463 2.98558262152068E-4
28964 2.98558262152068E-4
64167 2.98558262152068E-4
23038 2.98558262152068E-4
239 2.98558262152068E-4
10400 2.98558262152068E-4
124935 2.98558262152068E-4
118460 2.98558262152068E-4
118429 2.98558262152068E-4
116285 2.98558262152068E-4
10663 2.98558262152068E-4
401992 2.98558262152068E-4
81502 2.98558262152068E-4
10682 2.98558262152068E-4
79068 2.98558262152068E-4
79041 2.98558262152068E-4
147 2.98558262152068E-4
11132 2.98558262152068E-4
51802 2.98558262152068E-4
4547 2.98558262152068E-4
1041 2.98558262152068E-4
3284 2.98558262152068E-4
1312 2.98558262152068E-4
3126 2.98558262152068E-4
3115 2.98558262152068E-4
3106 2.98558262152068E-4
3105 2.98558262152068E-4
3082 2.98558262152068E-4
3480 2.98558262152068E-4
2771 2.98558262152068E-4
3636 2.98558262152068E-4
776 2.98558262152068E-4
4287 2.98558262152068E-4
4049 2.98558262152068E-4
801 2.98558262152068E-4
805 2.98558262152068E-4
3818 2.98558262152068E-4
3762 2.98558262152068E-4
808 2.98558262152068E-4
2981 2.98558262152068E-4
2908 2.98558262152068E-4
2281 2.98558262152068E-4
2200 2.98558262152068E-4
2170 2.98558262152068E-4
2028 2.98558262152068E-4
2023 2.98558262152068E-4
1910 2.98558262152068E-4
1907 2.98558262152068E-4
25 2.98558262152068E-4
2316 2.98558262152068E-4
2489 2.98558262152068E-4
2492 2.98558262152068E-4
2879 2.98558262152068E-4
2878 2.98558262152068E-4
2876 2.98558262152068E-4
1392 2.98558262152068E-4
2778 2.98558262152068E-4
2720 2.98558262152068E-4
2645 2.98558262152068E-4
1489 2.98558262152068E-4
1820 2.98558262152068E-4
7453 2.98558262152068E-4
462 2.98558262152068E-4
6557 2.98558262152068E-4
6550 2.98558262152068E-4
6548 2.98558262152068E-4
6541 2.98558262152068E-4
6536 2.98558262152068E-4
6519 2.98558262152068E-4
6446 2.98558262152068E-4
6642 2.98558262152068E-4
6649 2.98558262152068E-4
6696 2.98558262152068E-4
7448 2.98558262152068E-4
7439 2.98558262152068E-4
7424 2.98558262152068E-4
7293 2.98558262152068E-4
7201 2.98558262152068E-4
7173 2.98558262152068E-4
7003 2.98558262152068E-4
6754 2.98558262152068E-4
6403 2.98558262152068E-4
6347 2.98558262152068E-4
5122 2.98558262152068E-4
5029 2.98558262152068E-4
4973 2.98558262152068E-4
680 2.98558262152068E-4
4858 2.98558262152068E-4
775 2.98558262152068E-4
4744 2.98558262152068E-4
4710 2.98558262152068E-4
5464 2.98558262152068E-4
5540 2.98558262152068E-4
5578 2.98558262152068E-4
6337 2.98558262152068E-4
6336 2.98558262152068E-4
6281 2.98558262152068E-4
492 2.98558262152068E-4
6036 2.98558262152068E-4
5973 2.98558262152068E-4
5741 2.98558262152068E-4
623 2.98558262152068E-4
4548 2.98558262152068E-4
