7048 0.300298558262152
7157 0.0343342001474878
217 0.0125394470103868
2944 0.00703264049682184
1956 0.00686684002949756
125 0.00656828176734549
1543 0.00643552397251771
595 0.00597116524304135
2952 0.00583840744821357
2950 0.00524129092390944
1029 0.00507549045658515
2052 0.0046441743996053
3105 0.00434561613745324
2272 0.00388125740797688
3106 0.0037484996131491
2064 0.00358269914582481
5743 0.00358269914582481
4524 0.00358269914582481
7422 0.00358269914582481
84651 0.00298558262152068
1571 0.00268702435936861
324 0.00238846609721654
84417 0.00238846609721654
58531 0.00238846609721654
1048 0.00208990783506447
2067 0.00208990783506447
6535 0.00208990783506447
811 0.00208990783506447
799 0.00208990783506447
339967 0.00208990783506447
7515 0.00208990783506447
1950 0.00179134957291241
3126 0.00149279131076034
4313 0.00149279131076034
4193 0.00149279131076034
1728 0.00149279131076034
1026 0.00149279131076034
2068 0.00149279131076034
10327 0.00149279131076034
79651 0.00149279131076034
118429 0.00149279131076034
4316 0.00149279131076034
1030 0.00149279131076034
133482 0.00119423304860827
126 0.00119423304860827
3569 0.00119423304860827
246100 0.00119423304860827
4312 0.00119423304860827
3481 0.00119423304860827
7149 0.00119423304860827
1401 0.00119423304860827
1485 0.00119423304860827
6275 0.00119423304860827
56996 0.00119423304860827
373156 0.00119423304860827
10855 8.95674786456203E-4
4485 8.95674786456203E-4
3576 8.95674786456203E-4
2837 8.95674786456203E-4
51196 8.95674786456203E-4
4477 8.95674786456203E-4
89782 8.95674786456203E-4
3091 8.95674786456203E-4
5111 8.95674786456203E-4
57045 8.95674786456203E-4
27306 8.95674786456203E-4
3702 8.95674786456203E-4
2247 8.95674786456203E-4
925 8.95674786456203E-4
7424 8.95674786456203E-4
84000 8.95674786456203E-4
5728 8.95674786456203E-4
5915 8.95674786456203E-4
6581 8.95674786456203E-4
5347 8.95674786456203E-4
675 8.95674786456203E-4
8170 8.95674786456203E-4
1806 8.95674786456203E-4
7248 8.95674786456203E-4
1540 8.95674786456203E-4
7508 5.97116524304135E-4
7012 5.97116524304135E-4
6790 5.97116524304135E-4
6774 5.97116524304135E-4
6707 5.97116524304135E-4
7980 5.97116524304135E-4
7053 5.97116524304135E-4
11162 5.97116524304135E-4
3579 5.97116524304135E-4
3586 5.97116524304135E-4
3592 5.97116524304135E-4
3593 5.97116524304135E-4
7161 5.97116524304135E-4
7480 5.97116524304135E-4
22943 5.97116524304135E-4
11186 5.97116524304135E-4
3868 5.97116524304135E-4
7376 5.97116524304135E-4
5468 5.97116524304135E-4
6520 5.97116524304135E-4
4968 5.97116524304135E-4
5037 5.97116524304135E-4
5624 5.97116524304135E-4
5130 5.97116524304135E-4
5170 5.97116524304135E-4
5243 5.97116524304135E-4
10383 5.97116524304135E-4
10397 5.97116524304135E-4
4953 5.97116524304135E-4
4835 5.97116524304135E-4
4790 5.97116524304135E-4
10923 5.97116524304135E-4
6346 5.97116524304135E-4
6298 5.97116524304135E-4
8553 5.97116524304135E-4
5747 5.97116524304135E-4
10573 5.97116524304135E-4
4582 5.97116524304135E-4
4760 5.97116524304135E-4
5290 5.97116524304135E-4
1525 5.97116524304135E-4
843 5.97116524304135E-4
4255 5.97116524304135E-4
672 5.97116524304135E-4
2475 5.97116524304135E-4
246778 5.97116524304135E-4
2521 5.97116524304135E-4
2778 5.97116524304135E-4
64321 5.97116524304135E-4
356 5.97116524304135E-4
2070 5.97116524304135E-4
2022 5.97116524304135E-4
1045 5.97116524304135E-4
999 5.97116524304135E-4
1611 5.97116524304135E-4
941 5.97116524304135E-4
1612 5.97116524304135E-4
920 5.97116524304135E-4
1958 5.97116524304135E-4
83478 5.97116524304135E-4
2919 5.97116524304135E-4
551 5.97116524304135E-4
91833 5.97116524304135E-4
3342 5.97116524304135E-4
284 5.97116524304135E-4
301 5.97116524304135E-4
3553 5.97116524304135E-4
3557 5.97116524304135E-4
27338 5.97116524304135E-4
367 5.97116524304135E-4
50514 5.97116524304135E-4
29107 5.97116524304135E-4
7415 2.98558262152068E-4
199699 2.98558262152068E-4
8614 2.98558262152068E-4
149233 2.98558262152068E-4
7405 2.98558262152068E-4
8425 2.98558262152068E-4
8573 2.98558262152068E-4
100124700 2.98558262152068E-4
8453 2.98558262152068E-4
93655 2.98558262152068E-4
7421 2.98558262152068E-4
7982 2.98558262152068E-4
7507 2.98558262152068E-4
283120 2.98558262152068E-4
7852 2.98558262152068E-4
266629 2.98558262152068E-4
406933 2.98558262152068E-4
7428 2.98558262152068E-4
441911 2.98558262152068E-4
7517 2.98558262152068E-4
7802 2.98558262152068E-4
442918 2.98558262152068E-4
7486 2.98558262152068E-4
653108 2.98558262152068E-4
727837 2.98558262152068E-4
140690 2.98558262152068E-4
8615 2.98558262152068E-4
8626 2.98558262152068E-4
55553 2.98558262152068E-4
55353 2.98558262152068E-4
55278 2.98558262152068E-4
51310 2.98558262152068E-4
50999 2.98558262152068E-4
50943 2.98558262152068E-4
56904 2.98558262152068E-4
29991 2.98558262152068E-4
10970 2.98558262152068E-4
10984 2.98558262152068E-4
29967 2.98558262152068E-4
29126 2.98558262152068E-4
11201 2.98558262152068E-4
11339 2.98558262152068E-4
23541 2.98558262152068E-4
23569 2.98558262152068E-4
26696 2.98558262152068E-4
10482 2.98558262152068E-4
55901 2.98558262152068E-4
56164 2.98558262152068E-4
100126794 2.98558262152068E-4
80380 2.98558262152068E-4
8877 2.98558262152068E-4
9235 2.98558262152068E-4
9446 2.98558262152068E-4
9527 2.98558262152068E-4
9768 2.98558262152068E-4
9970 2.98558262152068E-4
10134 2.98558262152068E-4
10206 2.98558262152068E-4
80331 2.98558262152068E-4
79679 2.98558262152068E-4
79633 2.98558262152068E-4
64083 2.98558262152068E-4
57379 2.98558262152068E-4
56999 2.98558262152068E-4
56616 2.98558262152068E-4
26524 2.98558262152068E-4
3265 2.98558262152068E-4
2317 2.98558262152068E-4
2303 2.98558262152068E-4
2294 2.98558262152068E-4
2263 2.98558262152068E-4
2258 2.98558262152068E-4
2194 2.98558262152068E-4
2125 2.98558262152068E-4
2072 2.98558262152068E-4
1977 2.98558262152068E-4
1937 2.98558262152068E-4
1824 2.98558262152068E-4
2353 2.98558262152068E-4
2354 2.98558262152068E-4
3161 2.98558262152068E-4
3133 2.98558262152068E-4
3082 2.98558262152068E-4
3081 2.98558262152068E-4
3068 2.98558262152068E-4
2934 2.98558262152068E-4
2922 2.98558262152068E-4
2908 2.98558262152068E-4
2886 2.98558262152068E-4
2863 2.98558262152068E-4
2487 2.98558262152068E-4
1636 2.98558262152068E-4
1594 2.98558262152068E-4
654 2.98558262152068E-4
594 2.98558262152068E-4
558 2.98558262152068E-4
472 2.98558262152068E-4
407 2.98558262152068E-4
355 2.98558262152068E-4
302 2.98558262152068E-4
247 2.98558262152068E-4
246 2.98558262152068E-4
240 2.98558262152068E-4
239 2.98558262152068E-4
846 2.98558262152068E-4
947 2.98558262152068E-4
1591 2.98558262152068E-4
1548 2.98558262152068E-4
1545 2.98558262152068E-4
1514 2.98558262152068E-4
1476 2.98558262152068E-4
1432 2.98558262152068E-4
1272 2.98558262152068E-4
1087 2.98558262152068E-4
1084 2.98558262152068E-4
1028 2.98558262152068E-4
968 2.98558262152068E-4
25 2.98558262152068E-4
3458 2.98558262152068E-4
7350 2.98558262152068E-4
6667 2.98558262152068E-4
6624 2.98558262152068E-4
6502 2.98558262152068E-4
6400 2.98558262152068E-4
6280 2.98558262152068E-4
6198 2.98558262152068E-4
6121 2.98558262152068E-4
6080 2.98558262152068E-4
5930 2.98558262152068E-4
5887 2.98558262152068E-4
5716 2.98558262152068E-4
6687 2.98558262152068E-4
6696 2.98558262152068E-4
7298 2.98558262152068E-4
7294 2.98558262152068E-4
7291 2.98558262152068E-4
7124 2.98558262152068E-4
7076 2.98558262152068E-4
7070 2.98558262152068E-4
6891 2.98558262152068E-4
6863 2.98558262152068E-4
6817 2.98558262152068E-4
6794 2.98558262152068E-4
6757 2.98558262152068E-4
5696 2.98558262152068E-4
5670 2.98558262152068E-4
3958 2.98558262152068E-4
3934 2.98558262152068E-4
3848 2.98558262152068E-4
3835 2.98558262152068E-4
3727 2.98558262152068E-4
3726 2.98558262152068E-4
3725 2.98558262152068E-4
3669 2.98558262152068E-4
3559 2.98558262152068E-4
3486 2.98558262152068E-4
3480 2.98558262152068E-4
4089 2.98558262152068E-4
4436 2.98558262152068E-4
5669 2.98558262152068E-4
5649 2.98558262152068E-4
5610 2.98558262152068E-4
5573 2.98558262152068E-4
5493 2.98558262152068E-4
5313 2.98558262152068E-4
5300 2.98558262152068E-4
5291 2.98558262152068E-4
4585 2.98558262152068E-4
4548 2.98558262152068E-4
4547 2.98558262152068E-4
3479 2.98558262152068E-4
