1298 0.60779555748845
1299 0.303748499613149
54829 0.3
1301 0.3
7058 0.3
4318 0.3
8483 0.3
3630 0.00149279131076034
8718 8.95674786456203E-4
7124 8.95674786456203E-4
176 8.95674786456203E-4
3569 5.97116524304135E-4
59271 5.97116524304135E-4
3712 5.97116524304135E-4
4713 5.97116524304135E-4
7421 2.98558262152068E-4
836 2.98558262152068E-4
8772 2.98558262152068E-4
8797 2.98558262152068E-4
7078 2.98558262152068E-4
7076 2.98558262152068E-4
650 2.98558262152068E-4
11096 2.98558262152068E-4
3605 2.98558262152068E-4
3458 2.98558262152068E-4
3133 2.98558262152068E-4
3126 2.98558262152068E-4
1594 2.98558262152068E-4
9510 2.98558262152068E-4
