1499 0.303712807535449
5111 0.300597116524304
7039 0.3
7157 0.00832128985735364
3481 0.0075940649434256
324 0.00567260698088929
5624 0.00417981567012895
2719 0.00401136579760079
5324 0.00371280753544872
11186 0.00341424927329665
1027 0.00311569101114458
8651 0.00311569101114458
595 0.00311569101114458
4353 0.00281713274899252
1050 0.00281713274899252
6469 0.00281713274899252
28514 0.00251857448684045
356 0.00251857448684045
1051 0.00251857448684045
283120 0.00238846609721654
174 0.00208990783506447
3569 0.00208990783506447
7389 0.00149279131076034
1728 0.00149279131076034
23158 0.00149279131076034
5243 0.00149279131076034
3880 0.00119423304860827
3082 0.00119423304860827
8313 0.00119423304860827
847 8.95674786456203E-4
10249 8.95674786456203E-4
2752 8.95674786456203E-4
3342 8.95674786456203E-4
3630 8.95674786456203E-4
1384 8.95674786456203E-4
3339 5.97116524304135E-4
4495 5.97116524304135E-4
7066 5.97116524304135E-4
332 5.97116524304135E-4
373156 5.97116524304135E-4
6906 5.97116524304135E-4
866 5.97116524304135E-4
133482 5.97116524304135E-4
8788 5.97116524304135E-4
5002 5.97116524304135E-4
7726 5.97116524304135E-4
2056 5.97116524304135E-4
1029 5.97116524304135E-4
213 5.97116524304135E-4
7124 5.97116524304135E-4
2335 5.97116524304135E-4
3485 5.97116524304135E-4
5347 2.98558262152068E-4
5967 2.98558262152068E-4
54206 2.98558262152068E-4
540 2.98558262152068E-4
5294 2.98558262152068E-4
6173 2.98558262152068E-4
5727 2.98558262152068E-4
54984 2.98558262152068E-4
55697 2.98558262152068E-4
5705 2.98558262152068E-4
5715 2.98558262152068E-4
570 2.98558262152068E-4
574449 2.98558262152068E-4
5783 2.98558262152068E-4
56994 2.98558262152068E-4
56242 2.98558262152068E-4
5599 2.98558262152068E-4
6239 2.98558262152068E-4
6240 2.98558262152068E-4
6317 2.98558262152068E-4
79969 2.98558262152068E-4
999 2.98558262152068E-4
80319 2.98558262152068E-4
80818 2.98558262152068E-4
8209 2.98558262152068E-4
8312 2.98558262152068E-4
834 2.98558262152068E-4
83999 2.98558262152068E-4
85407 2.98558262152068E-4
9075 2.98558262152068E-4
9076 2.98558262152068E-4
79947 2.98558262152068E-4
7786 2.98558262152068E-4
7433 2.98558262152068E-4
64399 2.98558262152068E-4
6502 2.98558262152068E-4
728378 2.98558262152068E-4
6533 2.98558262152068E-4
6579 2.98558262152068E-4
6898 2.98558262152068E-4
6927 2.98558262152068E-4
7020 2.98558262152068E-4
7276 2.98558262152068E-4
7295 2.98558262152068E-4
7335 2.98558262152068E-4
983 2.98558262152068E-4
100302736 2.98558262152068E-4
1613 2.98558262152068E-4
183 2.98558262152068E-4
1956 2.98558262152068E-4
2057 2.98558262152068E-4
207 2.98558262152068E-4
2167 2.98558262152068E-4
2290 2.98558262152068E-4
23049 2.98558262152068E-4
23361 2.98558262152068E-4
2690 2.98558262152068E-4
2720 2.98558262152068E-4
27239 2.98558262152068E-4
2735 2.98558262152068E-4
1555 2.98558262152068E-4
148266 2.98558262152068E-4
12 2.98558262152068E-4
100996949 2.98558262152068E-4
1026 2.98558262152068E-4
1028 2.98558262152068E-4
1030 2.98558262152068E-4
1031 2.98558262152068E-4
1033 2.98558262152068E-4
1036 2.98558262152068E-4
10518 2.98558262152068E-4
10519 2.98558262152068E-4
10534 2.98558262152068E-4
10671 2.98558262152068E-4
1109 2.98558262152068E-4
11151 2.98558262152068E-4
2737 2.98558262152068E-4
284390 2.98558262152068E-4
4609 2.98558262152068E-4
4778 2.98558262152068E-4
4835 2.98558262152068E-4
5062 2.98558262152068E-4
5068 2.98558262152068E-4
50937 2.98558262152068E-4
51014 2.98558262152068E-4
51343 2.98558262152068E-4
5168 2.98558262152068E-4
5176 2.98558262152068E-4
5265 2.98558262152068E-4
5290 2.98558262152068E-4
5291 2.98558262152068E-4
4597 2.98558262152068E-4
4494 2.98558262152068E-4
4435 2.98558262152068E-4
2971 2.98558262152068E-4
3172 2.98558262152068E-4
3280 2.98558262152068E-4
3429 2.98558262152068E-4
3486 2.98558262152068E-4
353376 2.98558262152068E-4
3643 2.98558262152068E-4
378938 2.98558262152068E-4
3845 2.98558262152068E-4
387521 2.98558262152068E-4
387522 2.98558262152068E-4
3950 2.98558262152068E-4
4163 2.98558262152068E-4
5293 2.98558262152068E-4
