1298 0.00524129092390944
1277 0.00404705787530117
7421 0.0037484996131491
1638 8.95674786456203E-4
1756 8.95674786456203E-4
7218 8.95674786456203E-4
5903 8.95674786456203E-4
1299 8.95674786456203E-4
7439 8.95674786456203E-4
4313 5.97116524304135E-4
54829 5.97116524304135E-4
842 5.97116524304135E-4
4314 5.97116524304135E-4
8483 5.97116524304135E-4
8604 2.98558262152068E-4
9469 2.98558262152068E-4
50964 2.98558262152068E-4
5071 2.98558262152068E-4
2099 2.98558262152068E-4
176 2.98558262152068E-4
1594 2.98558262152068E-4
978 2.98558262152068E-4
