5644 0.627765918380142
6690 0.604179815670129
1080 0.30149279131076
11330 0.300895674786456
136541 0.00865818960240996
947 0.00567260698088929
60528 0.00179134957291241
4481 0.00149279131076034
7834 0.00119423304860827
8535 0.00119423304860827
2247 8.95674786456203E-4
6387 8.95674786456203E-4
6041 8.95674786456203E-4
2523 8.95674786456203E-4
3880 5.97116524304135E-4
3576 5.97116524304135E-4
3569 5.97116524304135E-4
7852 5.97116524304135E-4
348 5.97116524304135E-4
6347 5.97116524304135E-4
4292 5.97116524304135E-4
7124 5.97116524304135E-4
1508 5.97116524304135E-4
25 5.97116524304135E-4
10403 5.97116524304135E-4
1440 5.97116524304135E-4
5645 5.97116524304135E-4
213 5.97116524304135E-4
9159 5.97116524304135E-4
23600 5.97116524304135E-4
56980 2.98558262152068E-4
60502 2.98558262152068E-4
65211 2.98558262152068E-4
64581 2.98558262152068E-4
5555 2.98558262152068E-4
6452 2.98558262152068E-4
55850 2.98558262152068E-4
6302 2.98558262152068E-4
5660 2.98558262152068E-4
5728 2.98558262152068E-4
6372 2.98558262152068E-4
6364 2.98558262152068E-4
5727 2.98558262152068E-4
5554 2.98558262152068E-4
6654 2.98558262152068E-4
8454 2.98558262152068E-4
8726 2.98558262152068E-4
8743 2.98558262152068E-4
8848 2.98558262152068E-4
9242 2.98558262152068E-4
925 2.98558262152068E-4
999 2.98558262152068E-4
9566 2.98558262152068E-4
959 2.98558262152068E-4
84106 2.98558262152068E-4
80833 2.98558262152068E-4
79728 2.98558262152068E-4
6716 2.98558262152068E-4
675 2.98558262152068E-4
6778 2.98558262152068E-4
6855 2.98558262152068E-4
7422 2.98558262152068E-4
7442 2.98558262152068E-4
7528 2.98558262152068E-4
760 2.98558262152068E-4
788 2.98558262152068E-4
960 2.98558262152068E-4
10249 2.98558262152068E-4
27306 2.98558262152068E-4
2803 2.98558262152068E-4
2944 2.98558262152068E-4
2947 2.98558262152068E-4
2952 2.98558262152068E-4
3082 2.98558262152068E-4
3133 2.98558262152068E-4
3161 2.98558262152068E-4
3439 2.98558262152068E-4
3447 2.98558262152068E-4
26047 2.98558262152068E-4
25984 2.98558262152068E-4
2346 2.98558262152068E-4
1027 2.98558262152068E-4
10844 2.98558262152068E-4
10987 2.98558262152068E-4
1437 2.98558262152068E-4
154 2.98558262152068E-4
1586 2.98558262152068E-4
2146 2.98558262152068E-4
2152 2.98558262152068E-4
2176 2.98558262152068E-4
2335 2.98558262152068E-4
3458 2.98558262152068E-4
3562 2.98558262152068E-4
472 2.98558262152068E-4
4804 2.98558262152068E-4
4973 2.98558262152068E-4
51185 2.98558262152068E-4
51312 2.98558262152068E-4
5134 2.98558262152068E-4
51343 2.98558262152068E-4
51561 2.98558262152068E-4
54187 2.98558262152068E-4
54903 2.98558262152068E-4
4706 2.98558262152068E-4
4597 2.98558262152068E-4
4436 2.98558262152068E-4
3577 2.98558262152068E-4
3579 2.98558262152068E-4
3626 2.98558262152068E-4
3700 2.98558262152068E-4
408259 2.98558262152068E-4
4199 2.98558262152068E-4
4254 2.98558262152068E-4
4257 2.98558262152068E-4
4313 2.98558262152068E-4
4318 2.98558262152068E-4
54984 2.98558262152068E-4
