8030 0.322690427923557
8031 0.30716539829165
5108 0.300895674786456
8805 0.3
9950 0.3
5573 0.3
51592 0.3
5979 0.0668998827019941
673 0.0668998827019941
5727 0.0319457340502712
5726 0.0217947531371009
2158 0.0214961948749489
4914 0.00806107307810583
7157 0.00447837393228102
2944 0.00434561613745324
3845 0.00434561613745324
3569 0.00404705787530117
2952 0.00404705787530117
3958 0.00388125740797688
4893 0.0037484996131491
7170 0.00328414088367274
53373 0.00328414088367274
140805 0.00328414088367274
324 0.00298558262152068
6528 0.00298558262152068
7080 0.00268702435936861
7253 0.00238846609721654
595 0.00238846609721654
5594 0.00208990783506447
4233 0.00208990783506447
2304 0.00208990783506447
2048 0.00208990783506447
472 0.00208990783506447
6635 0.00208990783506447
3342 0.00208990783506447
8731 0.00208990783506447
79811 0.00208990783506447
7038 0.00179134957291241
7294 0.00179134957291241
207 0.00179134957291241
7852 0.00179134957291241
6774 0.00179134957291241
4489 0.00179134957291241
11186 0.00179134957291241
51365 0.00149279131076034
5894 0.00149279131076034
1956 0.00149279131076034
7173 0.00149279131076034
8643 0.00149279131076034
7015 0.00149279131076034
7849 0.00149279131076034
1022 0.00149279131076034
5290 0.00149279131076034
4582 0.00149279131076034
3082 0.00149279131076034
5624 0.00149279131076034
1029 0.00119423304860827
27352 0.00119423304860827
4790 0.00119423304860827
5743 0.00119423304860827
7424 0.00119423304860827
3880 0.00119423304860827
7422 0.00119423304860827
22882 0.00119423304860827
5111 0.00119423304860827
5728 0.00119423304860827
4295 0.00119423304860827
2099 0.00119423304860827
7270 8.95674786456203E-4
3126 8.95674786456203E-4
23085 8.95674786456203E-4
5291 8.95674786456203E-4
5293 8.95674786456203E-4
5294 8.95674786456203E-4
4495 8.95674786456203E-4
5468 8.95674786456203E-4
11214 8.95674786456203E-4
4318 8.95674786456203E-4
3265 8.95674786456203E-4
3091 8.95674786456203E-4
960 8.95674786456203E-4
999 8.95674786456203E-4
1734 8.95674786456203E-4
55511 8.95674786456203E-4
7076 8.95674786456203E-4
2277 8.95674786456203E-4
1611 8.95674786456203E-4
331 8.95674786456203E-4
2335 8.95674786456203E-4
55835 8.95674786456203E-4
7057 8.95674786456203E-4
1236 5.97116524304135E-4
5585 5.97116524304135E-4
160728 5.97116524304135E-4
1381 5.97116524304135E-4
6581 5.97116524304135E-4
133482 5.97116524304135E-4
5340 5.97116524304135E-4
7078 5.97116524304135E-4
1294 5.97116524304135E-4
7066 5.97116524304135E-4
373156 5.97116524304135E-4
7515 5.97116524304135E-4
5159 5.97116524304135E-4
5132 5.97116524304135E-4
7012 5.97116524304135E-4
5058 5.97116524304135E-4
5027 5.97116524304135E-4
3320 5.97116524304135E-4
7033 5.97116524304135E-4
796 5.97116524304135E-4
4760 5.97116524304135E-4
4684 5.97116524304135E-4
6772 5.97116524304135E-4
6696 5.97116524304135E-4
841 5.97116524304135E-4
7431 5.97116524304135E-4
80155 5.97116524304135E-4
5595 5.97116524304135E-4
25953 5.97116524304135E-4
3702 5.97116524304135E-4
54741 5.97116524304135E-4
54386 5.97116524304135E-4
2064 5.97116524304135E-4
1906 5.97116524304135E-4
1950 5.97116524304135E-4
51343 5.97116524304135E-4
2200 5.97116524304135E-4
50975 5.97116524304135E-4
3326 5.97116524304135E-4
3135 5.97116524304135E-4
27342 5.97116524304135E-4
3123 5.97116524304135E-4
5906 5.97116524304135E-4
3791 5.97116524304135E-4
3815 5.97116524304135E-4
6390 5.97116524304135E-4
5604 5.97116524304135E-4
10342 5.97116524304135E-4
10383 5.97116524304135E-4
1612 5.97116524304135E-4
3953 5.97116524304135E-4
3952 5.97116524304135E-4
7124 5.97116524304135E-4
1733 5.97116524304135E-4
6392 5.97116524304135E-4
7248 2.98558262152068E-4
6934 2.98558262152068E-4
6990 2.98558262152068E-4
7083 2.98558262152068E-4
7175 2.98558262152068E-4
7295 2.98558262152068E-4
7341 2.98558262152068E-4
7040 2.98558262152068E-4
7273 2.98558262152068E-4
7098 2.98558262152068E-4
100509457 2.98558262152068E-4
84525 2.98558262152068E-4
84432 2.98558262152068E-4
84376 2.98558262152068E-4
83737 2.98558262152068E-4
60675 2.98558262152068E-4
58478 2.98558262152068E-4
56994 2.98558262152068E-4
56034 2.98558262152068E-4
53905 2.98558262152068E-4
51428 2.98558262152068E-4
50506 2.98558262152068E-4
84632 2.98558262152068E-4
147906 2.98558262152068E-4
100996569 2.98558262152068E-4
100302522 2.98558262152068E-4
729838 2.98558262152068E-4
729230 2.98558262152068E-4
728441 2.98558262152068E-4
728226 2.98558262152068E-4
653590 2.98558262152068E-4
644314 2.98558262152068E-4
406938 2.98558262152068E-4
390714 2.98558262152068E-4
389434 2.98558262152068E-4
221120 2.98558262152068E-4
29072 2.98558262152068E-4
27131 2.98558262152068E-4
27122 2.98558262152068E-4
9110 2.98558262152068E-4
9020 2.98558262152068E-4
8996 2.98558262152068E-4
8945 2.98558262152068E-4
8826 2.98558262152068E-4
8697 2.98558262152068E-4
8651 2.98558262152068E-4
8554 2.98558262152068E-4
8458 2.98558262152068E-4
8323 2.98558262152068E-4
8231 2.98558262152068E-4
9448 2.98558262152068E-4
9547 2.98558262152068E-4
9759 2.98558262152068E-4
25913 2.98558262152068E-4
25893 2.98558262152068E-4
23600 2.98558262152068E-4
23405 2.98558262152068E-4
22924 2.98558262152068E-4
11083 2.98558262152068E-4
10777 2.98558262152068E-4
10577 2.98558262152068E-4
10401 2.98558262152068E-4
10399 2.98558262152068E-4
10249 2.98558262152068E-4
8205 2.98558262152068E-4
3689 2.98558262152068E-4
2566 2.98558262152068E-4
2353 2.98558262152068E-4
2247 2.98558262152068E-4
2185 2.98558262152068E-4
2149 2.98558262152068E-4
2110 2.98558262152068E-4
2033 2.98558262152068E-4
1890 2.98558262152068E-4
1848 2.98558262152068E-4
1843 2.98558262152068E-4
1735 2.98558262152068E-4
1633 2.98558262152068E-4
2619 2.98558262152068E-4
2678 2.98558262152068E-4
3000 2.98558262152068E-4
3688 2.98558262152068E-4
3627 2.98558262152068E-4
3590 2.98558262152068E-4
3589 2.98558262152068E-4
3417 2.98558262152068E-4
3383 2.98558262152068E-4
3219 2.98558262152068E-4
3133 2.98558262152068E-4
3119 2.98558262152068E-4
3117 2.98558262152068E-4
3113 2.98558262152068E-4
3064 2.98558262152068E-4
1514 2.98558262152068E-4
1508 2.98558262152068E-4
967 2.98558262152068E-4
847 2.98558262152068E-4
835 2.98558262152068E-4
808 2.98558262152068E-4
805 2.98558262152068E-4
801 2.98558262152068E-4
696 2.98558262152068E-4
657 2.98558262152068E-4
466 2.98558262152068E-4
310 2.98558262152068E-4
240 2.98558262152068E-4
238 2.98558262152068E-4
968 2.98558262152068E-4
1027 2.98558262152068E-4
1045 2.98558262152068E-4
1499 2.98558262152068E-4
1437 2.98558262152068E-4
1436 2.98558262152068E-4
1435 2.98558262152068E-4
1390 2.98558262152068E-4
1385 2.98558262152068E-4
1384 2.98558262152068E-4
1376 2.98558262152068E-4
1374 2.98558262152068E-4
1232 2.98558262152068E-4
1211 2.98558262152068E-4
1164 2.98558262152068E-4
25 2.98558262152068E-4
3897 2.98558262152068E-4
6928 2.98558262152068E-4
6285 2.98558262152068E-4
6277 2.98558262152068E-4
6271 2.98558262152068E-4
6103 2.98558262152068E-4
5795 2.98558262152068E-4
5788 2.98558262152068E-4
5660 2.98558262152068E-4
5617 2.98558262152068E-4
5555 2.98558262152068E-4
5554 2.98558262152068E-4
5338 2.98558262152068E-4
5295 2.98558262152068E-4
6387 2.98558262152068E-4
6439 2.98558262152068E-4
6513 2.98558262152068E-4
6927 2.98558262152068E-4
6925 2.98558262152068E-4
6868 2.98558262152068E-4
6794 2.98558262152068E-4
6789 2.98558262152068E-4
6786 2.98558262152068E-4
6647 2.98558262152068E-4
6646 2.98558262152068E-4
6615 2.98558262152068E-4
6591 2.98558262152068E-4
6532 2.98558262152068E-4
6521 2.98558262152068E-4
5265 2.98558262152068E-4
5170 2.98558262152068E-4
4493 2.98558262152068E-4
4490 2.98558262152068E-4
4485 2.98558262152068E-4
4435 2.98558262152068E-4
4333 2.98558262152068E-4
4306 2.98558262152068E-4
4241 2.98558262152068E-4
4194 2.98558262152068E-4
4193 2.98558262152068E-4
4157 2.98558262152068E-4
4152 2.98558262152068E-4
4072 2.98558262152068E-4
4494 2.98558262152068E-4
4496 2.98558262152068E-4
4498 2.98558262152068E-4
5104 2.98558262152068E-4
5002 2.98558262152068E-4
4661 2.98558262152068E-4
4609 2.98558262152068E-4
4585 2.98558262152068E-4
4544 2.98558262152068E-4
4543 2.98558262152068E-4
4520 2.98558262152068E-4
4502 2.98558262152068E-4
4501 2.98558262152068E-4
4500 2.98558262152068E-4
4499 2.98558262152068E-4
3918 2.98558262152068E-4
