1340 0.6
9997 0.408788297992034
1352 0.401791349572912
4513 0.30149279131076
4512 0.301194233048608
6341 0.300895674786456
493753 0.300298558262152
51204 0.300298558262152
22868 0.300298558262152
6834 0.0151881298868512
1371 0.0116437722239306
1351 0.0116437722239306
9377 0.0116437722239306
1355 0.00311569101114458
10128 0.00119423304860827
92399 0.00119423304860827
9968 5.97116524304135E-4
5742 5.97116524304135E-4
5743 5.97116524304135E-4
4976 5.97116524304135E-4
6647 5.97116524304135E-4
27335 2.98558262152068E-4
116228 2.98558262152068E-4
51196 2.98558262152068E-4
9973 2.98558262152068E-4
84902 2.98558262152068E-4
7349 2.98558262152068E-4
717 2.98558262152068E-4
285521 2.98558262152068E-4
65080 2.98558262152068E-4
65018 2.98558262152068E-4
57152 2.98558262152068E-4
55811 2.98558262152068E-4
