7428 0.0244817774964695
7422 0.00567260698088929
4524 0.00404705787530117
4312 0.0037484996131491
7248 0.00328414088367274
768 0.00268702435936861
3091 0.00268702435936861
55193 0.00238846609721654
2272 0.00179134957291241
9223 0.00149279131076034
2034 0.00149279131076034
6045 0.00149279131076034
7157 0.00149279131076034
8314 0.00149279131076034
29072 0.00149279131076034
11186 0.00119423304860827
4313 0.00119423304860827
5071 8.95674786456203E-4
4233 8.95674786456203E-4
3342 8.95674786456203E-4
2056 8.95674786456203E-4
8242 8.95674786456203E-4
7852 8.95674786456203E-4
5290 8.95674786456203E-4
1956 8.95674786456203E-4
5728 8.95674786456203E-4
7490 8.95674786456203E-4
3486 5.97116524304135E-4
5291 5.97116524304135E-4
7030 5.97116524304135E-4
6696 5.97116524304135E-4
7515 5.97116524304135E-4
23136 5.97116524304135E-4
5789 5.97116524304135E-4
3586 5.97116524304135E-4
26762 5.97116524304135E-4
5478 5.97116524304135E-4
8289 5.97116524304135E-4
7045 5.97116524304135E-4
5376 5.97116524304135E-4
5294 5.97116524304135E-4
5293 5.97116524304135E-4
29923 5.97116524304135E-4
5076 5.97116524304135E-4
6422 5.97116524304135E-4
5018 5.97116524304135E-4
4968 5.97116524304135E-4
4790 5.97116524304135E-4
8731 5.97116524304135E-4
4609 5.97116524304135E-4
4359 5.97116524304135E-4
123 5.97116524304135E-4
2475 5.97116524304135E-4
57447 5.97116524304135E-4
139728 5.97116524304135E-4
1029 5.97116524304135E-4
135138 5.97116524304135E-4
1852 5.97116524304135E-4
79811 5.97116524304135E-4
6513 5.97116524304135E-4
2778 5.97116524304135E-4
52 5.97116524304135E-4
1436 5.97116524304135E-4
51129 5.97116524304135E-4
64866 5.97116524304135E-4
190 5.97116524304135E-4
55907 5.97116524304135E-4
9232 2.98558262152068E-4
8909 2.98558262152068E-4
8828 2.98558262152068E-4
9314 2.98558262152068E-4
79680 2.98558262152068E-4
9088 2.98558262152068E-4
83593 2.98558262152068E-4
9123 2.98558262152068E-4
57045 2.98558262152068E-4
84260 2.98558262152068E-4
8662 2.98558262152068E-4
8553 2.98558262152068E-4
7412 2.98558262152068E-4
100124696 2.98558262152068E-4
201254 2.98558262152068E-4
201163 2.98558262152068E-4
7832 2.98558262152068E-4
199731 2.98558262152068E-4
199699 2.98558262152068E-4
8013 2.98558262152068E-4
8085 2.98558262152068E-4
81631 2.98558262152068E-4
9242 2.98558262152068E-4
118460 2.98558262152068E-4
8453 2.98558262152068E-4
8531 2.98558262152068E-4
7403 2.98558262152068E-4
9641 2.98558262152068E-4
55715 2.98558262152068E-4
54584 2.98558262152068E-4
11167 2.98558262152068E-4
54583 2.98558262152068E-4
54567 2.98558262152068E-4
54541 2.98558262152068E-4
11315 2.98558262152068E-4
51639 2.98558262152068E-4
23423 2.98558262152068E-4
25928 2.98558262152068E-4
26585 2.98558262152068E-4
51312 2.98558262152068E-4
28876 2.98558262152068E-4
28956 2.98558262152068E-4
55845 2.98558262152068E-4
11102 2.98558262152068E-4
11083 2.98558262152068E-4
9757 2.98558262152068E-4
9794 2.98558262152068E-4
23037 2.98558262152068E-4
10263 2.98558262152068E-4
10521 2.98558262152068E-4
60485 2.98558262152068E-4
10569 2.98558262152068E-4
10653 2.98558262152068E-4
10923 2.98558262152068E-4
57019 2.98558262152068E-4
11082 2.98558262152068E-4
56259 2.98558262152068E-4
100505385 2.98558262152068E-4
56172 2.98558262152068E-4
29970 2.98558262152068E-4
4001 2.98558262152068E-4
3082 2.98558262152068E-4
2947 2.98558262152068E-4
2908 2.98558262152068E-4
2625 2.98558262152068E-4
2346 2.98558262152068E-4
2321 2.98558262152068E-4
2277 2.98558262152068E-4
2271 2.98558262152068E-4
3126 2.98558262152068E-4
3135 2.98558262152068E-4
3178 2.98558262152068E-4
3880 2.98558262152068E-4
3855 2.98558262152068E-4
3702 2.98558262152068E-4
3576 2.98558262152068E-4
3569 2.98558262152068E-4
3491 2.98558262152068E-4
3480 2.98558262152068E-4
3251 2.98558262152068E-4
2146 2.98558262152068E-4
2066 2.98558262152068E-4
805 2.98558262152068E-4
801 2.98558262152068E-4
638 2.98558262152068E-4
634 2.98558262152068E-4
595 2.98558262152068E-4
567 2.98558262152068E-4
286 2.98558262152068E-4
133 2.98558262152068E-4
808 2.98558262152068E-4
842 2.98558262152068E-4
857 2.98558262152068E-4
2033 2.98558262152068E-4
1999 2.98558262152068E-4
1910 2.98558262152068E-4
1733 2.98558262152068E-4
1672 2.98558262152068E-4
1356 2.98558262152068E-4
972 2.98558262152068E-4
920 2.98558262152068E-4
38 2.98558262152068E-4
7149 2.98558262152068E-4
6667 2.98558262152068E-4
6654 2.98558262152068E-4
6594 2.98558262152068E-4
6581 2.98558262152068E-4
6564 2.98558262152068E-4
1958 2.98558262152068E-4
6490 2.98558262152068E-4
6446 2.98558262152068E-4
6908 2.98558262152068E-4
6923 2.98558262152068E-4
6924 2.98558262152068E-4
7133 2.98558262152068E-4
7132 2.98558262152068E-4
7124 2.98558262152068E-4
7102 2.98558262152068E-4
7078 2.98558262152068E-4
7049 2.98558262152068E-4
7040 2.98558262152068E-4
7006 2.98558262152068E-4
6432 2.98558262152068E-4
6431 2.98558262152068E-4
5347 2.98558262152068E-4
5300 2.98558262152068E-4
5175 2.98558262152068E-4
4999 2.98558262152068E-4
4837 2.98558262152068E-4
4323 2.98558262152068E-4
4318 2.98558262152068E-4
4045 2.98558262152068E-4
5395 2.98558262152068E-4
5598 2.98558262152068E-4
5669 2.98558262152068E-4
6389 2.98558262152068E-4
6387 2.98558262152068E-4
6319 2.98558262152068E-4
6281 2.98558262152068E-4
6280 2.98558262152068E-4
5795 2.98558262152068E-4
5744 2.98558262152068E-4
5741 2.98558262152068E-4
4043 2.98558262152068E-4
