217 0.307463956553802
1956 0.306568281767345
5743 0.305971165243041
125 0.304478373932281
7515 0.303582699145825
51196 0.303284140883673
811 0.302985582621521
1026 0.301791349572912
2952 0.301194233048608
1548 0.301194233048608
3091 0.300895674786456
6657 0.300895674786456
2810 0.300597116524304
113278 0.300298558262152
25800 0.300298558262152
1244 0.300298558262152
3146 0.300298558262152
25816 0.300298558262152
301 0.300298558262152
1381 0.300298558262152
2033 0.300298558262152
3880 0.300298558262152
1072 0.300298558262152
7168 0.300298558262152
3861 0.300298558262152
1890 0.300298558262152
3860 0.3
5720 0.3
829 0.3
8342 0.3
5721 0.3
1192 0.3
2665 0.3
567 0.3
2739 0.3
116 0.3
5216 0.3
760 0.3
3872 0.3
9446 0.3
4085 0.3
701 0.3
6648 0.3
7167 0.3
7169 0.3
3309 0.3
1476 0.3
645 0.3
2280 0.3
5052 0.3
84817 0.3
6317 0.3
759 0.3
6876 0.3
7157 0.0382485002279612
1029 0.0150937135749277
595 0.00806107307810583
4524 0.00477693219443308
1728 0.0046441743996053
3342 0.00388125740797688
2068 0.00328414088367274
7424 0.00328414088367274
2272 0.00298558262152068
2064 0.00298558262152068
6535 0.00268702435936861
2950 0.00268702435936861
799 0.00268702435936861
11186 0.00238846609721654
1571 0.00238846609721654
4193 0.00238846609721654
4255 0.00238846609721654
89782 0.00238846609721654
6624 0.00238846609721654
4477 0.00238846609721654
4485 0.00238846609721654
4790 0.00238846609721654
84000 0.00238846609721654
2944 0.00238846609721654
675 0.00208990783506447
5290 0.00208990783506447
1540 0.00208990783506447
6581 0.00179134957291241
57045 0.00179134957291241
8170 0.00179134957291241
2052 0.00179134957291241
3702 0.00179134957291241
6275 0.00179134957291241
339967 0.00179134957291241
7422 0.00179134957291241
2837 0.00179134957291241
5728 0.00179134957291241
1869 0.00149279131076034
1950 0.00149279131076034
373156 0.00149279131076034
406991 0.00149279131076034
7080 0.00149279131076034
4313 0.00149279131076034
4316 0.00149279131076034
3172 0.00149279131076034
324 0.00149279131076034
5111 0.00149279131076034
6790 0.00149279131076034
1124 0.00149279131076034
1543 0.00149279131076034
118429 0.00149279131076034
133482 0.00149279131076034
84417 0.00149279131076034
10 0.00119423304860827
5915 0.00119423304860827
4513 0.00119423304860827
4318 0.00119423304860827
8260 0.00119423304860827
81539 0.00119423304860827
864 0.00119423304860827
3486 0.00119423304860827
79612 0.00119423304860827
4292 0.00119423304860827
7298 0.00119423304860827
7430 0.00119423304860827
1030 0.00119423304860827
50514 0.00119423304860827
2017 0.00119423304860827
4436 0.00119423304860827
6774 0.00119423304860827
1678 0.00119423304860827
1017 0.00119423304860827
3569 0.00119423304860827
8553 8.95674786456203E-4
2896 8.95674786456203E-4
84651 8.95674786456203E-4
11197 8.95674786456203E-4
246100 8.95674786456203E-4
5053 8.95674786456203E-4
83478 8.95674786456203E-4
3126 8.95674786456203E-4
25801 8.95674786456203E-4
49860 8.95674786456203E-4
2768 8.95674786456203E-4
8626 8.95674786456203E-4
3081 8.95674786456203E-4
51343 8.95674786456203E-4
5347 8.95674786456203E-4
10550 8.95674786456203E-4
4582 8.95674786456203E-4
51741 8.95674786456203E-4
23541 8.95674786456203E-4
3586 8.95674786456203E-4
6667 8.95674786456203E-4
207 8.95674786456203E-4
1485 8.95674786456203E-4
1493 8.95674786456203E-4
7161 8.95674786456203E-4
7015 8.95674786456203E-4
1545 8.95674786456203E-4
2904 8.95674786456203E-4
7040 8.95674786456203E-4
999 8.95674786456203E-4
100124700 8.95674786456203E-4
6890 8.95674786456203E-4
9232 8.95674786456203E-4
4312 8.95674786456203E-4
6502 8.95674786456203E-4
6298 8.95674786456203E-4
9212 5.97116524304135E-4
9314 5.97116524304135E-4
4015 5.97116524304135E-4
8856 5.97116524304135E-4
9699 5.97116524304135E-4
994 5.97116524304135E-4
4320 5.97116524304135E-4
4323 5.97116524304135E-4
3925 5.97116524304135E-4
891 5.97116524304135E-4
8731 5.97116524304135E-4
8518 5.97116524304135E-4
857 5.97116524304135E-4
406935 5.97116524304135E-4
8614 5.97116524304135E-4
4233 5.97116524304135E-4
4609 5.97116524304135E-4
7011 5.97116524304135E-4
8976 5.97116524304135E-4
472 5.97116524304135E-4
8771 5.97116524304135E-4
9180 5.97116524304135E-4
8772 5.97116524304135E-4
4314 5.97116524304135E-4
50484 5.97116524304135E-4
925 5.97116524304135E-4
406986 5.97116524304135E-4
4968 5.97116524304135E-4
7012 5.97116524304135E-4
654 5.97116524304135E-4
729659 5.97116524304135E-4
65211 5.97116524304135E-4
6468 5.97116524304135E-4
7345 5.97116524304135E-4
64393 5.97116524304135E-4
6422 5.97116524304135E-4
7507 5.97116524304135E-4
7508 5.97116524304135E-4
6285 5.97116524304135E-4
6281 5.97116524304135E-4
7248 5.97116524304135E-4
7133 5.97116524304135E-4
682 5.97116524304135E-4
7031 5.97116524304135E-4
7039 5.97116524304135E-4
6781 5.97116524304135E-4
7048 5.97116524304135E-4
6772 5.97116524304135E-4
7078 5.97116524304135E-4
6750 5.97116524304135E-4
672 5.97116524304135E-4
6696 5.97116524304135E-4
7124 5.97116524304135E-4
768 5.97116524304135E-4
6271 5.97116524304135E-4
5669 5.97116524304135E-4
5584 5.97116524304135E-4
55511 5.97116524304135E-4
54742 5.97116524304135E-4
5423 5.97116524304135E-4
54106 5.97116524304135E-4
53353 5.97116524304135E-4
53340 5.97116524304135E-4
8202 5.97116524304135E-4
5245 5.97116524304135E-4
84419 5.97116524304135E-4
2263 5.97116524304135E-4
56996 5.97116524304135E-4
7799 5.97116524304135E-4
5947 5.97116524304135E-4
5906 5.97116524304135E-4
58531 5.97116524304135E-4
7852 5.97116524304135E-4
57402 5.97116524304135E-4
7936 5.97116524304135E-4
5727 5.97116524304135E-4
79811 5.97116524304135E-4
80316 5.97116524304135E-4
8061 5.97116524304135E-4
84692 5.97116524304135E-4
3851 5.97116524304135E-4
23705 5.97116524304135E-4
317782 5.97116524304135E-4
3209 5.97116524304135E-4
1786 5.97116524304135E-4
1806 5.97116524304135E-4
1824 5.97116524304135E-4
100126794 5.97116524304135E-4
10630 5.97116524304135E-4
1048 5.97116524304135E-4
10456 5.97116524304135E-4
10413 5.97116524304135E-4
1191 5.97116524304135E-4
10397 5.97116524304135E-4
3135 5.97116524304135E-4
10855 5.97116524304135E-4
27306 5.97116524304135E-4
1559 5.97116524304135E-4
1577 5.97116524304135E-4
2067 5.97116524304135E-4
1501 5.97116524304135E-4
1490 5.97116524304135E-4
30848 5.97116524304135E-4
3105 5.97116524304135E-4
3117 5.97116524304135E-4
3133 5.97116524304135E-4
23671 5.97116524304135E-4
1465 5.97116524304135E-4
3458 5.97116524304135E-4
100509457 5.97116524304135E-4
1910 5.97116524304135E-4
214 5.97116524304135E-4
2146 5.97116524304135E-4
13 5.97116524304135E-4
1977 5.97116524304135E-4
134147 5.97116524304135E-4
1012 5.97116524304135E-4
126 5.97116524304135E-4
1401 5.97116524304135E-4
199699 5.97116524304135E-4
1909 5.97116524304135E-4
3480 5.97116524304135E-4
23081 5.97116524304135E-4
2014 5.97116524304135E-4
2022 5.97116524304135E-4
23047 5.97116524304135E-4
10327 5.97116524304135E-4
3845 5.97116524304135E-4
1495 2.98558262152068E-4
148252 2.98558262152068E-4
150165 2.98558262152068E-4
7428 2.98558262152068E-4
7517 2.98558262152068E-4
7516 2.98558262152068E-4
1429 2.98558262152068E-4
148 2.98558262152068E-4
673 2.98558262152068E-4
1432 2.98558262152068E-4
1421 2.98558262152068E-4
7415 2.98558262152068E-4
7350 2.98558262152068E-4
7474 2.98558262152068E-4
140913 2.98558262152068E-4
144406 2.98558262152068E-4
140707 2.98558262152068E-4
140690 2.98558262152068E-4
7334 2.98558262152068E-4
151 2.98558262152068E-4
7150 2.98558262152068E-4
1523 2.98558262152068E-4
6820 2.98558262152068E-4
6817 2.98558262152068E-4
680 2.98558262152068E-4
190 2.98558262152068E-4
1969 2.98558262152068E-4
6767 2.98558262152068E-4
6754 2.98558262152068E-4
1978 2.98558262152068E-4
6700 2.98558262152068E-4
6698 2.98558262152068E-4
2011 2.98558262152068E-4
185 2.98558262152068E-4
6863 2.98558262152068E-4
1848 2.98558262152068E-4
1551 2.98558262152068E-4
7057 2.98558262152068E-4
1583 2.98558262152068E-4
1630 2.98558262152068E-4
1645 2.98558262152068E-4
7037 2.98558262152068E-4
1646 2.98558262152068E-4
170690 2.98558262152068E-4
6935 2.98558262152068E-4
1825 2.98558262152068E-4
688 2.98558262152068E-4
7070 2.98558262152068E-4
1397 2.98558262152068E-4
8570 2.98558262152068E-4
10298 2.98558262152068E-4
9170 2.98558262152068E-4
1033 2.98558262152068E-4
8930 2.98558262152068E-4
1039 2.98558262152068E-4
8850 2.98558262152068E-4
8743 2.98558262152068E-4
8692 2.98558262152068E-4
1056 2.98558262152068E-4
10641 2.98558262152068E-4
8572 2.98558262152068E-4
10663 2.98558262152068E-4
3381 2.98558262152068E-4
10747 2.98558262152068E-4
10879 2.98558262152068E-4
9197 2.98558262152068E-4
920 2.98558262152068E-4
102775567 2.98558262152068E-4
9965 2.98558262152068E-4
100128922 2.98558262152068E-4
9910 2.98558262152068E-4
9839 2.98558262152068E-4
9832 2.98558262152068E-4
9794 2.98558262152068E-4
9788 2.98558262152068E-4
9536 2.98558262152068E-4
101060399 2.98558262152068E-4
9289 2.98558262152068E-4
9260 2.98558262152068E-4
1019 2.98558262152068E-4
9241 2.98558262152068E-4
101930400 2.98558262152068E-4
92140 2.98558262152068E-4
10899 2.98558262152068E-4
10963 2.98558262152068E-4
11201 2.98558262152068E-4
8294 2.98558262152068E-4
1138 2.98558262152068E-4
1145 2.98558262152068E-4
114799 2.98558262152068E-4
118430 2.98558262152068E-4
121214 2.98558262152068E-4
8368 2.98558262152068E-4
8091 2.98558262152068E-4
121227 2.98558262152068E-4
121504 2.98558262152068E-4
1236 2.98558262152068E-4
7869 2.98558262152068E-4
1364 2.98558262152068E-4
1387 2.98558262152068E-4
11168 2.98558262152068E-4
8359 2.98558262152068E-4
8360 2.98558262152068E-4
84525 2.98558262152068E-4
11045 2.98558262152068E-4
11146 2.98558262152068E-4
8408 2.98558262152068E-4
11156 2.98558262152068E-4
83737 2.98558262152068E-4
8370 2.98558262152068E-4
8367 2.98558262152068E-4
8366 2.98558262152068E-4
8365 2.98558262152068E-4
8364 2.98558262152068E-4
8363 2.98558262152068E-4
8362 2.98558262152068E-4
8361 2.98558262152068E-4
836 2.98558262152068E-4
1396 2.98558262152068E-4
2040 2.98558262152068E-4
27303 2.98558262152068E-4
302 2.98558262152068E-4
5132 2.98558262152068E-4
51310 2.98558262152068E-4
3038 2.98558262152068E-4
3059 2.98558262152068E-4
50964 2.98558262152068E-4
5055 2.98558262152068E-4
308 2.98558262152068E-4
30968 2.98558262152068E-4
4864 2.98558262152068E-4
4804 2.98558262152068E-4
3134 2.98558262152068E-4
4756 2.98558262152068E-4
4744 2.98558262152068E-4
329 2.98558262152068E-4
3320 2.98558262152068E-4
51364 2.98558262152068E-4
51586 2.98558262152068E-4
54165 2.98558262152068E-4
27338 2.98558262152068E-4
53834 2.98558262152068E-4
5376 2.98558262152068E-4
2735 2.98558262152068E-4
5340 2.98558262152068E-4
27434 2.98558262152068E-4
5334 2.98558262152068E-4
2773 2.98558262152068E-4
5333 2.98558262152068E-4
5328 2.98558262152068E-4
5308 2.98558262152068E-4
2863 2.98558262152068E-4
29116 2.98558262152068E-4
2922 2.98558262152068E-4
29950 2.98558262152068E-4
3373 2.98558262152068E-4
4481 2.98558262152068E-4
3438 2.98558262152068E-4
406996 2.98558262152068E-4
406992 2.98558262152068E-4
3621 2.98558262152068E-4
3659 2.98558262152068E-4
3660 2.98558262152068E-4
406933 2.98558262152068E-4
4054 2.98558262152068E-4
4053 2.98558262152068E-4
4017 2.98558262152068E-4
3717 2.98558262152068E-4
3980 2.98558262152068E-4
3725 2.98558262152068E-4
391191 2.98558262152068E-4
388228 2.98558262152068E-4
3726 2.98558262152068E-4
3727 2.98558262152068E-4
407054 2.98558262152068E-4
3606 2.98558262152068E-4
442918 2.98558262152068E-4
4359 2.98558262152068E-4
3439 2.98558262152068E-4
4322 2.98558262152068E-4
3440 2.98558262152068E-4
3447 2.98558262152068E-4
4317 2.98558262152068E-4
3451 2.98558262152068E-4
3479 2.98558262152068E-4
3481 2.98558262152068E-4
4288 2.98558262152068E-4
3553 2.98558262152068E-4
3559 2.98558262152068E-4
4194 2.98558262152068E-4
3560 2.98558262152068E-4
4153 2.98558262152068E-4
3791 2.98558262152068E-4
54843 2.98558262152068E-4
6591 2.98558262152068E-4
6049 2.98558262152068E-4
6046 2.98558262152068E-4
5967 2.98558262152068E-4
5956 2.98558262152068E-4
2353 2.98558262152068E-4
2354 2.98558262152068E-4
5918 2.98558262152068E-4
23569 2.98558262152068E-4
5908 2.98558262152068E-4
23635 2.98558262152068E-4
5888 2.98558262152068E-4
581 2.98558262152068E-4
5800 2.98558262152068E-4
5782 2.98558262152068E-4
5754 2.98558262152068E-4
57534 2.98558262152068E-4
627 2.98558262152068E-4
2303 2.98558262152068E-4
2073 2.98558262152068E-4
2099 2.98558262152068E-4
2122 2.98558262152068E-4
64859 2.98558262152068E-4
64754 2.98558262152068E-4
2151 2.98558262152068E-4
6462 2.98558262152068E-4
2191 2.98558262152068E-4
220972 2.98558262152068E-4
142 2.98558262152068E-4
64083 2.98558262152068E-4
6400 2.98558262152068E-4
6346 2.98558262152068E-4
2294 2.98558262152068E-4
22941 2.98558262152068E-4
22943 2.98558262152068E-4
5753 2.98558262152068E-4
57521 2.98558262152068E-4
57447 2.98558262152068E-4
5624 2.98558262152068E-4
55901 2.98558262152068E-4
55890 2.98558262152068E-4
27250 2.98558262152068E-4
55824 2.98558262152068E-4
55799 2.98558262152068E-4
55750 2.98558262152068E-4
55553 2.98558262152068E-4
5552 2.98558262152068E-4
27253 2.98558262152068E-4
55507 2.98558262152068E-4
554313 2.98558262152068E-4
55353 2.98558262152068E-4
5530 2.98558262152068E-4
55249 2.98558262152068E-4
55107 2.98558262152068E-4
56288 2.98558262152068E-4
5645 2.98558262152068E-4
24142 2.98558262152068E-4
2475 2.98558262152068E-4
25875 2.98558262152068E-4
2597 2.98558262152068E-4
26122 2.98558262152068E-4
57105 2.98558262152068E-4
57060 2.98558262152068E-4
26512 2.98558262152068E-4
57007 2.98558262152068E-4
56999 2.98558262152068E-4
26579 2.98558262152068E-4
56904 2.98558262152068E-4
27036 2.98558262152068E-4
2706 2.98558262152068E-4
56616 2.98558262152068E-4
56547 2.98558262152068E-4
551 2.98558262152068E-4
