5728 0.460706455234359
11200 0.326073696824719
2048 0.311212456166951
4601 0.301194233048608
367 0.24
7157 0.222098944317947
4477 0.183031065341088
675 0.181339430890507
354 0.14
4824 0.124249304579311
7015 0.10822687354543
2950 0.107765918380142
3845 0.10149279131076
7421 0.100899078350645
1499 0.100895674786456
10252 0.1
10253 0.1
6716 0.0979134957291241
1586 0.0973163792048199
2944 0.0943307965832993
2952 0.0916437722239306
1543 0.0877625148159538
6041 0.0809411575060234
60528 0.0803440409817192
6928 0.0766285840410666
2099 0.0753682656474653
1588 0.0703258178633767
2078 0.0688672434347964
7515 0.0652172847342951
4481 0.0635586929562104
5743 0.0629285337594098
1576 0.0604073098673655
221895 0.0598432360155578
672 0.0594455497359162
6581 0.0572559267785205
2100 0.0569573685163684
3569 0.0555642923279394
3479 0.0552657340657873
1545 0.0545689024191519
6648 0.0544361446243241
3757 0.0525462541387639
1488 0.0517491202649555
7422 0.0513514339853139
999 0.050687645011175
3586 0.0496261697573945
7113 0.0492951559275877
7832 0.0456794141092664
3486 0.0455460692095968
22853 0.0454463540872656
23301 0.0448492375629614
7124 0.0448161948904649
5122 0.0447837393228101
10120 0.0444851810606581
57332 0.0444851810606581
4524 0.0427262870554004
3817 0.0413662535394679
1594 0.038745901629934
29968 0.0373197827690085
5324 0.0373197827690085
5627 0.0373197827690085
9520 0.0373197827690085
2346 0.0349643593442884
7040 0.0332721377888655
7099 0.0320779047402573
23600 0.0306848285518282
1956 0.0305190280845039
10 0.0302865551673449
1577 0.0296894386430407
3576 0.0290592794462401
1312 0.0265380555541958
692094 0.026273127069382
4968 0.0259409390298916
3630 0.0259078963573951
1583 0.0256423807677396
4846 0.0248794637761111
4318 0.0239507463171584
153090 0.0233866724653508
9 0.0227895559410467
10333 0.0224909976788946
3553 0.0221924394167425
50652 0.022093311399253
3283 0.0215953228924384
7367 0.021130964162962
1544 0.0209982063681343
2068 0.02083240590081
3091 0.0203680471713336
4193 0.0203680471713336
4609 0.0202022467040093
7366 0.0199367311143538
1591 0.0190410563278976
7096 0.0187424980657455
595 0.018709455393249
3481 0.0185766975984212
3284 0.0184439398035934
81793 0.0181453815414414
1950 0.0181123388689449
4313 0.0175152223446407
2064 0.0173494218773164
2264 0.0170839062876609
6715 0.0167523053530123
3249 0.0163209892960325
2876 0.0161882315012047
6462 0.0161882315012047
2146 0.0161551888287082
1636 0.0155911149769005
64816 0.0152925567147485
1571 0.0149939984525964
4292 0.0149939984525964
2938 0.0143968819282923
4552 0.0143968819282923
8644 0.0143638392557958
2115 0.0141980387884715
55190 0.0140983236661402
857 0.0140652809936437
1027 0.0139325231988159
3972 0.0137997654039881
6035 0.0137997654039881
1316 0.0134681644693396
3952 0.0124397318880556
55554 0.0124397318880556
1401 0.0121411736259035
3484 0.0121411736259035
4312 0.0121411736259035
1728 0.0118426153637514
2052 0.0118426153637514
4255 0.0118426153637514
5241 0.0118426153637514
7517 0.0118426153637514
207 0.0118095726912549
472 0.0116768148964271
5468 0.0116768148964271
1191 0.0116437722239306
1565 0.0115440571015994
3105 0.0115440571015994
3293 0.0115440571015994
5444 0.0115440571015994
6817 0.0115440571015994
5290 0.0115110144291029
9622 0.0113782566342751
1026 0.011079698372123
2947 0.0109469405772952
3292 0.0109469405772952
3557 0.0109469405772952
4548 0.0109469405772952
6647 0.0109469405772952
324 0.0109138979047987
10611 0.0106483823151432
7054 0.0106483823151432
4982 0.0104825818478189
9566 0.0104825818478189
170685 0.0103498240529911
23112 0.0103498240529911
3655 0.0103498240529911
63892 0.0103498240529911
5293 0.0103167813804946
3342 0.0101509809131703
2194 0.0100182231183425
5617 0.00988546532351474
596 0.00988546532351474
960 0.00985242265101823
4790 0.00971966485619045
3565 0.00958690706136267
7248 0.00955386438886617
8202 0.00928834879921061
2272 0.00928834879921061
29919 0.00928834879921061
3558 0.00928834879921061
3732 0.0092553061267141
8000 0.0092553061267141
3480 0.00912254833188632
408259 0.00898979053705854
4683 0.00898979053705854
328 0.00869123227490647
4843 0.00869123227490647
5054 0.00869123227490647
4282 0.0083926740127544
6414 0.0083926740127544
80781 0.0083926740127544
3702 0.00835963134025789
2261 0.00809411575060234
3294 0.00809411575060234
7508 0.00809411575060234
7834 0.00806107307810583
1805 0.00806107307810583
23471 0.00806107307810583
3818 0.00806107307810583
4513 0.00792831528327805
5328 0.00792831528327805
6347 0.00792831528327805
9518 0.00792831528327805
9370 0.00779555748845027
2067 0.00779555748845027
3295 0.00779555748845027
3667 0.00779555748845027
4436 0.00779555748845027
5591 0.00779555748845027
6470 0.00779555748845027
27306 0.00776251481595376
9189 0.00776251481595376
8718 0.00776251481595376
6387 0.00762975702112598
2956 0.0074969992262982
3305 0.0074969992262982
3552 0.0074969992262982
4157 0.0074969992262982
6934 0.0074969992262982
7046 0.0074969992262982
9403 0.0074969992262982
7299 0.0074969992262982
5294 0.00746395655380169
1113 0.00733119875897391
3082 0.00733119875897391
632 0.00733119875897391
1408 0.00719844096414613
2072 0.00719844096414613
2879 0.00719844096414613
3654 0.00719844096414613
4049 0.00719844096414613
4862 0.00719844096414613
51135 0.00719844096414613
638 0.00719844096414613
7097 0.00719844096414613
5291 0.00716539829164962
23541 0.00703264049682184
11252 0.00689988270199407
114609 0.00689988270199407
1454 0.00689988270199407
2492 0.00689988270199407
25809 0.00689988270199407
27349 0.00689988270199407
286053 0.00689988270199407
3399 0.00689988270199407
340602 0.00689988270199407
4522 0.00689988270199407
51214 0.00689988270199407
5187 0.00689988270199407
54790 0.00689988270199407
60678 0.00689988270199407
6573 0.00689988270199407
6942 0.00689988270199407
7100 0.00689988270199407
858 0.00689988270199407
8863 0.00689988270199407
8535 0.00656828176734549
8743 0.00656828176734549
2837 0.00656828176734549
6774 0.00656828176734549
142 0.00643552397251771
4582 0.00643552397251771
1029 0.00626972350519342
133482 0.00626972350519342
373156 0.00626972350519342
8170 0.00626972350519342
6750 0.00613696571036564
11012 0.00583840744821357
1508 0.00583840744821357
1555 0.00583840744821357
8031 0.00583840744821357
4353 0.00553984918606151
55503 0.00553984918606151
10327 0.00537404871873722
10481 0.00537404871873722
7852 0.00537404871873722
79017 0.00537404871873722
842 0.00524129092390944
239 0.00524129092390944
302 0.00524129092390944
5053 0.00524129092390944
5243 0.00524129092390944
2118 0.00507549045658515
55 0.00507549045658515
5624 0.00507549045658515
8618 0.00507549045658515
828 0.00507549045658515
841 0.00494273266175737
846 0.00494273266175737
8797 0.00494273266175737
1234 0.00494273266175737
1646 0.00494273266175737
25818 0.00494273266175737
3623 0.00494273266175737
463 0.00494273266175737
6293 0.00494273266175737
6352 0.00494273266175737
6790 0.00494273266175737
7057 0.00494273266175737
2247 0.00477693219443308
5594 0.00477693219443308
5925 0.00477693219443308
8988 0.00477693219443308
10499 0.0046441743996053
185 0.0046441743996053
28234 0.0046441743996053
3816 0.0046441743996053
4194 0.0046441743996053
4316 0.0046441743996053
4437 0.0046441743996053
54658 0.0046441743996053
5655 0.0046441743996053
5660 0.0046441743996053
6822 0.0046441743996053
7098 0.0046441743996053
1958 0.00447837393228102
2073 0.00434561613745324
222545 0.00434561613745324
240 0.00434561613745324
2638 0.00434561613745324
2690 0.00434561613745324
27232 0.00434561613745324
3596 0.00434561613745324
3606 0.00434561613745324
3953 0.00434561613745324
406 0.00434561613745324
4128 0.00434561613745324
43847 0.00434561613745324
4512 0.00434561613745324
4594 0.00434561613745324
5230 0.00434561613745324
54106 0.00434561613745324
5469 0.00434561613745324
5888 0.00434561613745324
8660 0.00434561613745324
8648 0.00434561613745324
199720 0.00417981567012895
6528 0.00417981567012895
1080 0.00404705787530117
1081 0.00404705787530117
116113 0.00404705787530117
2103 0.00404705787530117
222546 0.00404705787530117
22882 0.00404705787530117
3077 0.00404705787530117
3383 0.00404705787530117
348 0.00404705787530117
3577 0.00404705787530117
43849 0.00404705787530117
4508 0.00404705787530117
4595 0.00404705787530117
5304 0.00404705787530117
5395 0.00404705787530117
5462 0.00404705787530117
5618 0.00404705787530117
5653 0.00404705787530117
64146 0.00404705787530117
6649 0.00404705787530117
6751 0.00404705787530117
6754 0.00404705787530117
6755 0.00404705787530117
6876 0.00404705787530117
9429 0.00404705787530117
79728 0.00404705787530117
861 0.00404705787530117
7274 0.00404705787530117
83990 0.00404705787530117
8600 0.00388125740797688
1437 0.00388125740797688
3315 0.00388125740797688
4360 0.00388125740797688
10217 0.0037484996131491
10891 0.0037484996131491
11178 0.0037484996131491
11201 0.0037484996131491
114799 0.0037484996131491
133522 0.0037484996131491
1345 0.0037484996131491
1407 0.0037484996131491
1593 0.0037484996131491
1789 0.0037484996131491
2271 0.0037484996131491
2487 0.0037484996131491
26085 0.0037484996131491
26136 0.0037484996131491
2923 0.0037484996131491
3483 0.0037484996131491
3567 0.0037484996131491
3579 0.0037484996131491
3981 0.0037484996131491
4036 0.0037484996131491
4141 0.0037484996131491
4541 0.0037484996131491
4629 0.0037484996131491
4708 0.0037484996131491
4724 0.0037484996131491
51200 0.0037484996131491
5295 0.0037484996131491
5420 0.0037484996131491
5465 0.0037484996131491
55662 0.0037484996131491
5650 0.0037484996131491
5820 0.0037484996131491
6059 0.0037484996131491
6256 0.0037484996131491
6261 0.0037484996131491
6405 0.0037484996131491
665 0.0037484996131491
6752 0.0037484996131491
6753 0.0037484996131491
6947 0.0037484996131491
7087 0.0037484996131491
8997 0.0037484996131491
7374 0.0037484996131491
7518 0.0037484996131491
92 0.0037484996131491
80833 0.0037484996131491
9131 0.0037484996131491
7874 0.0037484996131491
7869 0.0037484996131491
929 0.0037484996131491
80010 0.0037484996131491
79001 0.0037484996131491
9788 0.0037484996131491
79054 0.00358269914582481
11186 0.00358269914582481
3320 0.00358269914582481
6696 0.00358269914582481
10335 0.00344994135099703
10463 0.00344994135099703
10666 0.00344994135099703
11167 0.00344994135099703
11202 0.00344994135099703
118788 0.00344994135099703
1284 0.00344994135099703
1347 0.00344994135099703
1404 0.00344994135099703
148867 0.00344994135099703
1551 0.00344994135099703
157638 0.00344994135099703
169026 0.00344994135099703
170712 0.00344994135099703
2014 0.00344994135099703
2074 0.00344994135099703
2160 0.00344994135099703
217 0.00344994135099703
2177 0.00344994135099703
2189 0.00344994135099703
221074 0.00344994135099703
22920 0.00344994135099703
23137 0.00344994135099703
23305 0.00344994135099703
23362 0.00344994135099703
23543 0.00344994135099703
23708 0.00344994135099703
23786 0.00344994135099703
2395 0.00344994135099703
2488 0.00344994135099703
2547 0.00344994135099703
255403 0.00344994135099703
2651 0.00344994135099703
27141 0.00344994135099703
284366 0.00344994135099703
287 0.00344994135099703
2939 0.00344994135099703
30010 0.00344994135099703
3030 0.00344994135099703
342184 0.00344994135099703
3624 0.00344994135099703
3625 0.00344994135099703
3673 0.00344994135099703
3688 0.00344994135099703
3690 0.00344994135099703
374378 0.00344994135099703
389073 0.00344994135099703
397 0.00344994135099703
3973 0.00344994135099703
406938 0.00344994135099703
4088 0.00344994135099703
4158 0.00344994135099703
4273 0.00344994135099703
437 0.00344994135099703
4514 0.00344994135099703
4515 0.00344994135099703
4536 0.00344994135099703
4698 0.00344994135099703
4704 0.00344994135099703
4705 0.00344994135099703
4711 0.00344994135099703
4712 0.00344994135099703
4714 0.00344994135099703
4715 0.00344994135099703
4718 0.00344994135099703
4719 0.00344994135099703
4720 0.00344994135099703
4725 0.00344994135099703
4726 0.00344994135099703
4729 0.00344994135099703
4731 0.00344994135099703
498 0.00344994135099703
50515 0.00344994135099703
509 0.00344994135099703
51284 0.00344994135099703
51311 0.00344994135099703
515 0.00344994135099703
517 0.00344994135099703
522 0.00344994135099703
5273 0.00344994135099703
5286 0.00344994135099703
5287 0.00344994135099703
53 0.00344994135099703
5314 0.00344994135099703
539 0.00344994135099703
5443 0.00344994135099703
54600 0.00344994135099703
54749 0.00344994135099703
54840 0.00344994135099703
54933 0.00344994135099703
55334 0.00344994135099703
55506 0.00344994135099703
55532 0.00344994135099703
55676 0.00344994135099703
56647 0.00344994135099703
57084 0.00344994135099703
57118 0.00344994135099703
57181 0.00344994135099703
57537 0.00344994135099703
58499 0.00344994135099703
5971 0.00344994135099703
598 0.00344994135099703
5981 0.00344994135099703
6184 0.00344994135099703
6257 0.00344994135099703
636 0.00344994135099703
6389 0.00344994135099703
6390 0.00344994135099703
6391 0.00344994135099703
64116 0.00344994135099703
64924 0.00344994135099703
662 0.00344994135099703
6799 0.00344994135099703
6948 0.00344994135099703
7818 0.00344994135099703
9586 0.00344994135099703
9575 0.00344994135099703
8537 0.00344994135099703
9500 0.00344994135099703
79722 0.00344994135099703
9213 0.00344994135099703
85358 0.00344994135099703
91942 0.00344994135099703
7703 0.00344994135099703
8029 0.00344994135099703
8503 0.00344994135099703
7780 0.00344994135099703
79603 0.00344994135099703
9551 0.00344994135099703
84701 0.00344994135099703
7386 0.00344994135099703
91252 0.00344994135099703
7364 0.00344994135099703
7381 0.00344994135099703
84071 0.00344994135099703
7275 0.00344994135099703
8914 0.00344994135099703
9092 0.00344994135099703
90 0.00344994135099703
9167 0.00344994135099703
8864 0.00344994135099703
84000 0.00328414088367274
81285 0.00328414088367274
7432 0.00328414088367274
89782 0.00328414088367274
1786 0.00328414088367274
2253 0.00328414088367274
2922 0.00328414088367274
3169 0.00328414088367274
4311 0.00328414088367274
4485 0.00328414088367274
5111 0.00328414088367274
57045 0.00328414088367274
5744 0.00328414088367274
1906 0.00298558262152068
25803 0.00298558262152068
3316 0.00298558262152068
5292 0.00298558262152068
6654 0.00298558262152068
796 0.00298558262152068
79612 0.00268702435936861
7145 0.00268702435936861
81539 0.00268702435936861
925 0.00268702435936861
9361 0.00268702435936861
832 0.00268702435936861
10551 0.00268702435936861
11009 0.00268702435936861
1869 0.00268702435936861
2263 0.00268702435936861
2691 0.00268702435936861
27352 0.00268702435936861
2796 0.00268702435936861
4295 0.00268702435936861
4323 0.00268702435936861
6690 0.00268702435936861
11010 0.00238846609721654
183 0.00238846609721654
2033 0.00238846609721654
2475 0.00238846609721654
3133 0.00238846609721654
412 0.00238846609721654
4953 0.00238846609721654
51343 0.00238846609721654
51478 0.00238846609721654
5340 0.00238846609721654
56996 0.00238846609721654
6722 0.00238846609721654
808 0.00238846609721654
8856 0.00238846609721654
847 0.00238846609721654
801 0.00238846609721654
7431 0.00238846609721654
7490 0.00238846609721654
8932 0.00238846609721654
805 0.00238846609721654
7424 0.00238846609721654
85414 0.00238846609721654
8655 0.00238846609721654
836 0.00238846609721654
799 0.00208990783506447
80310 0.00208990783506447
8842 0.00208990783506447
10383 0.00208990783506447
10991 0.00208990783506447
145389 0.00208990783506447
1982 0.00208990783506447
2086 0.00208990783506447
2119 0.00208990783506447
2260 0.00208990783506447
26872 0.00208990783506447
2697 0.00208990783506447
2925 0.00208990783506447
2946 0.00208990783506447
3065 0.00208990783506447
30816 0.00208990783506447
405754 0.00208990783506447
4760 0.00208990783506447
4804 0.00208990783506447
4860 0.00208990783506447
51380 0.00208990783506447
5308 0.00208990783506447
5599 0.00208990783506447
5915 0.00208990783506447
5923 0.00208990783506447
64002 0.00208990783506447
6530 0.00208990783506447
655 0.00208990783506447
6655 0.00208990783506447
10011 0.00179134957291241
10249 0.00179134957291241
10321 0.00179134957291241
118429 0.00179134957291241
133 0.00179134957291241
1384 0.00179134957291241
1475 0.00179134957291241
1495 0.00179134957291241
1977 0.00179134957291241
2011 0.00179134957291241
2152 0.00179134957291241
2309 0.00179134957291241
23411 0.00179134957291241
28982 0.00179134957291241
29108 0.00179134957291241
301 0.00179134957291241
3162 0.00179134957291241
331 0.00179134957291241
3381 0.00179134957291241
3958 0.00179134957291241
4233 0.00179134957291241
427 0.00179134957291241
50943 0.00179134957291241
55511 0.00179134957291241
55655 0.00179134957291241
5587 0.00179134957291241
5607 0.00179134957291241
5747 0.00179134957291241
5918 0.00179134957291241
654 0.00179134957291241
6662 0.00179134957291241
6667 0.00179134957291241
6714 0.00179134957291241
7039 0.00179134957291241
7041 0.00179134957291241
7047 0.00179134957291241
7077 0.00179134957291241
7078 0.00179134957291241
963 0.00179134957291241
7376 0.00179134957291241
8667 0.00179134957291241
894 0.00179134957291241
759 0.00179134957291241
811 0.00149279131076034
79823 0.00149279131076034
889 0.00149279131076034
780 0.00149279131076034
8720 0.00149279131076034
9612 0.00149279131076034
8754 0.00149279131076034
79594 0.00149279131076034
7163 0.00149279131076034
860 0.00149279131076034
9021 0.00149279131076034
9699 0.00149279131076034
7936 0.00149279131076034
8996 0.00149279131076034
728378 0.00149279131076034
9028 0.00149279131076034
100532731 0.00149279131076034
1017 0.00149279131076034
101930400 0.00149279131076034
10397 0.00149279131076034
1048 0.00149279131076034
1385 0.00149279131076034
146 0.00149279131076034
1485 0.00149279131076034
158506 0.00149279131076034
1871 0.00149279131076034
19 0.00149279131076034
2005 0.00149279131076034
2185 0.00149279131076034
2252 0.00149279131076034
2288 0.00149279131076034
2308 0.00149279131076034
2335 0.00149279131076034
23671 0.00149279131076034
246 0.00149279131076034
246100 0.00149279131076034
27122 0.00149279131076034
27173 0.00149279131076034
2735 0.00149279131076034
2778 0.00149279131076034
2932 0.00149279131076034
3126 0.00149279131076034
3308 0.00149279131076034
342977 0.00149279131076034
3490 0.00149279131076034
353 0.00149279131076034
3643 0.00149279131076034
3717 0.00149279131076034
3791 0.00149279131076034
4023 0.00149279131076034
409 0.00149279131076034
444 0.00149279131076034
4646 0.00149279131076034
4904 0.00149279131076034
5071 0.00149279131076034
51151 0.00149279131076034
51586 0.00149279131076034
5270 0.00149279131076034
5347 0.00149279131076034
55240 0.00149279131076034
5595 0.00149279131076034
5598 0.00149279131076034
5972 0.00149279131076034
6238 0.00149279131076034
6416 0.00149279131076034
6469 0.00149279131076034
648 0.00149279131076034
6502 0.00149279131076034
6678 0.00149279131076034
6768 0.00149279131076034
6783 0.00149279131076034
7076 0.00149279131076034
100133941 0.00119423304860827
1022 0.00119423304860827
10395 0.00119423304860827
10457 0.00119423304860827
11065 0.00119423304860827
11168 0.00119423304860827
116 0.00119423304860827
116833 0.00119423304860827
1326 0.00119423304860827
1432 0.00119423304860827
143503 0.00119423304860827
1462 0.00119423304860827
1501 0.00119423304860827
1644 0.00119423304860827
1672 0.00119423304860827
168400 0.00119423304860827
1748 0.00119423304860827
1915 0.00119423304860827
1978 0.00119423304860827
199699 0.00119423304860827
2149 0.00119423304860827
221120 0.00119423304860827
2274 0.00119423304860827
22943 0.00119423304860827
23028 0.00119423304860827
2354 0.00119423304860827
23705 0.00119423304860827
247 0.00119423304860827
25897 0.00119423304860827
2597 0.00119423304860827
25976 0.00119423304860827
2637 0.00119423304860827
2688 0.00119423304860827
27319 0.00119423304860827
2810 0.00119423304860827
2821 0.00119423304860827
2878 0.00119423304860827
29072 0.00119423304860827
310 0.00119423304860827
3265 0.00119423304860827
3309 0.00119423304860827
3375 0.00119423304860827
3458 0.00119423304860827
355 0.00119423304860827
3692 0.00119423304860827
3725 0.00119423304860827
3934 0.00119423304860827
3964 0.00119423304860827
4000 0.00119423304860827
406988 0.00119423304860827
4162 0.00119423304860827
4288 0.00119423304860827
4350 0.00119423304860827
4709 0.00119423304860827
5036 0.00119423304860827
5037 0.00119423304860827
5052 0.00119423304860827
5076 0.00119423304860827
51741 0.00119423304860827
5176 0.00119423304860827
5245 0.00119423304860827
5371 0.00119423304860827
5460 0.00119423304860827
5524 0.00119423304860827
55824 0.00119423304860827
55840 0.00119423304860827
56259 0.00119423304860827
56654 0.00119423304860827
5669 0.00119423304860827
57007 0.00119423304860827
5706 0.00119423304860827
5829 0.00119423304860827
6046 0.00119423304860827
6241 0.00119423304860827
6279 0.00119423304860827
6280 0.00119423304860827
6591 0.00119423304860827
6594 0.00119423304860827
6646 0.00119423304860827
6675 0.00119423304860827
682 0.00119423304860827
6863 0.00119423304860827
6929 0.00119423304860827
6935 0.00119423304860827
7001 0.00119423304860827
7033 0.00119423304860827
7042 0.00119423304860827
9506 0.00119423304860827
92170 0.00119423304860827
7126 0.00119423304860827
7161 0.00119423304860827
7534 0.00119423304860827
8731 0.00119423304860827
92140 0.00119423304860827
7439 0.00119423304860827
8409 0.00119423304860827
80199 0.00119423304860827
79811 0.00119423304860827
84260 0.00119423304860827
864 0.00119423304860827
8837 0.00119423304860827
8434 0.00119423304860827
9112 0.00119423304860827
729230 0.00119423304860827
8572 0.00119423304860827
83478 0.00119423304860827
7251 0.00119423304860827
9402 8.95674786456203E-4
8431 8.95674786456203E-4
9235 8.95674786456203E-4
9314 8.95674786456203E-4
84818 8.95674786456203E-4
84061 8.95674786456203E-4
8405 8.95674786456203E-4
9360 8.95674786456203E-4
9940 8.95674786456203E-4
8399 8.95674786456203E-4
80896 8.95674786456203E-4
7153 8.95674786456203E-4
8742 8.95674786456203E-4
7430 8.95674786456203E-4
7361 8.95674786456203E-4
7227 8.95674786456203E-4
7355 8.95674786456203E-4
9734 8.95674786456203E-4
7345 8.95674786456203E-4
7301 8.95674786456203E-4
983 8.95674786456203E-4
7291 8.95674786456203E-4
8930 8.95674786456203E-4
7178 8.95674786456203E-4
7173 8.95674786456203E-4
7799 8.95674786456203E-4
8651 8.95674786456203E-4
961 8.95674786456203E-4
9201 8.95674786456203E-4
7965 8.95674786456203E-4
9547 8.95674786456203E-4
79400 8.95674786456203E-4
100302736 8.95674786456203E-4
100750225 8.95674786456203E-4
1009 8.95674786456203E-4
10296 8.95674786456203E-4
10307 8.95674786456203E-4
1045 8.95674786456203E-4
10468 8.95674786456203E-4
10498 8.95674786456203E-4
10598 8.95674786456203E-4
10645 8.95674786456203E-4
10663 8.95674786456203E-4
10714 8.95674786456203E-4
10855 8.95674786456203E-4
10899 8.95674786456203E-4
10935 8.95674786456203E-4
1105 8.95674786456203E-4
1147 8.95674786456203E-4
118425 8.95674786456203E-4
12 8.95674786456203E-4
1387 8.95674786456203E-4
1398 8.95674786456203E-4
1421 8.95674786456203E-4
1465 8.95674786456203E-4
147719 8.95674786456203E-4
151056 8.95674786456203E-4
1574 8.95674786456203E-4
161003 8.95674786456203E-4
1655 8.95674786456203E-4
1755 8.95674786456203E-4
1839 8.95674786456203E-4
1843 8.95674786456203E-4
1889 8.95674786456203E-4
190 8.95674786456203E-4
1917 8.95674786456203E-4
1969 8.95674786456203E-4
2026 8.95674786456203E-4
203074 8.95674786456203E-4
2065 8.95674786456203E-4
208 8.95674786456203E-4
2113 8.95674786456203E-4
219595 8.95674786456203E-4
2258 8.95674786456203E-4
22859 8.95674786456203E-4
2289 8.95674786456203E-4
23038 8.95674786456203E-4
23054 8.95674786456203E-4
2313 8.95674786456203E-4
2314 8.95674786456203E-4
23158 8.95674786456203E-4
2321 8.95674786456203E-4
23423 8.95674786456203E-4
2353 8.95674786456203E-4
23550 8.95674786456203E-4
248 8.95674786456203E-4
25970 8.95674786456203E-4
25996 8.95674786456203E-4
26073 8.95674786456203E-4
261729 8.95674786456203E-4
26799 8.95674786456203E-4
26821 8.95674786456203E-4
27 8.95674786456203E-4
27161 8.95674786456203E-4
27250 8.95674786456203E-4
283 8.95674786456203E-4
283120 8.95674786456203E-4
2908 8.95674786456203E-4
29843 8.95674786456203E-4
309 8.95674786456203E-4
3123 8.95674786456203E-4
3159 8.95674786456203E-4
3223 8.95674786456203E-4
3232 8.95674786456203E-4
3250 8.95674786456203E-4
3371 8.95674786456203E-4
3382 8.95674786456203E-4
345275 8.95674786456203E-4
3485 8.95674786456203E-4
353376 8.95674786456203E-4
3600 8.95674786456203E-4
3611 8.95674786456203E-4
3726 8.95674786456203E-4
3727 8.95674786456203E-4
38 8.95674786456203E-4
384 8.95674786456203E-4
3925 8.95674786456203E-4
3936 8.95674786456203E-4
4070 8.95674786456203E-4
407977 8.95674786456203E-4
4089 8.95674786456203E-4
4143 8.95674786456203E-4
4176 8.95674786456203E-4
4192 8.95674786456203E-4
4254 8.95674786456203E-4
4322 8.95674786456203E-4
4363 8.95674786456203E-4
4502 8.95674786456203E-4
4613 8.95674786456203E-4
4624 8.95674786456203E-4
467 8.95674786456203E-4
474256 8.95674786456203E-4
4842 8.95674786456203E-4
4852 8.95674786456203E-4
4922 8.95674786456203E-4
5047 8.95674786456203E-4
50636 8.95674786456203E-4
5074 8.95674786456203E-4
51014 8.95674786456203E-4
51094 8.95674786456203E-4
51176 8.95674786456203E-4
51237 8.95674786456203E-4
51280 8.95674786456203E-4
5130 8.95674786456203E-4
5159 8.95674786456203E-4
52 8.95674786456203E-4
5319 8.95674786456203E-4
5320 8.95674786456203E-4
5327 8.95674786456203E-4
53635 8.95674786456203E-4
5423 8.95674786456203E-4
54739 8.95674786456203E-4
54741 8.95674786456203E-4
55128 8.95674786456203E-4
55294 8.95674786456203E-4
5536 8.95674786456203E-4
5538 8.95674786456203E-4
55520 8.95674786456203E-4
5581 8.95674786456203E-4
563 8.95674786456203E-4
56477 8.95674786456203E-4
56547 8.95674786456203E-4
56655 8.95674786456203E-4
56937 8.95674786456203E-4
57026 8.95674786456203E-4
57060 8.95674786456203E-4
57534 8.95674786456203E-4
5777 8.95674786456203E-4
57804 8.95674786456203E-4
58191 8.95674786456203E-4
5881 8.95674786456203E-4
5934 8.95674786456203E-4
5956 8.95674786456203E-4
5970 8.95674786456203E-4
6143 8.95674786456203E-4
6240 8.95674786456203E-4
627 8.95674786456203E-4
6275 8.95674786456203E-4
6281 8.95674786456203E-4
6303 8.95674786456203E-4
6422 8.95674786456203E-4
6446 8.95674786456203E-4
64689 8.95674786456203E-4
650 8.95674786456203E-4
65125 8.95674786456203E-4
6535 8.95674786456203E-4
6659 8.95674786456203E-4
667 8.95674786456203E-4
6720 8.95674786456203E-4
6776 8.95674786456203E-4
6857 8.95674786456203E-4
688 8.95674786456203E-4
692088 8.95674786456203E-4
6921 8.95674786456203E-4
7011 8.95674786456203E-4
7031 8.95674786456203E-4
7048 8.95674786456203E-4
7052 8.95674786456203E-4
706 8.95674786456203E-4
7070 8.95674786456203E-4
10000 5.97116524304135E-4
10007 5.97116524304135E-4
100128922 5.97116524304135E-4
100507249 5.97116524304135E-4
100653377 5.97116524304135E-4
101867536 5.97116524304135E-4
10194 5.97116524304135E-4
1020 5.97116524304135E-4
102 5.97116524304135E-4
102157402 5.97116524304135E-4
1030 5.97116524304135E-4
1033 5.97116524304135E-4
1041 5.97116524304135E-4
1052 5.97116524304135E-4
10524 5.97116524304135E-4
10534 5.97116524304135E-4
10549 5.97116524304135E-4
10553 5.97116524304135E-4
10561 5.97116524304135E-4
10587 5.97116524304135E-4
10595 5.97116524304135E-4
10628 5.97116524304135E-4
10631 5.97116524304135E-4
10657 5.97116524304135E-4
10664 5.97116524304135E-4
10671 5.97116524304135E-4
10755 5.97116524304135E-4
10765 5.97116524304135E-4
10923 5.97116524304135E-4
10950 5.97116524304135E-4
10951 5.97116524304135E-4
10970 5.97116524304135E-4
1104 5.97116524304135E-4
11059 5.97116524304135E-4
1119 5.97116524304135E-4
11197 5.97116524304135E-4
11214 5.97116524304135E-4
112476 5.97116524304135E-4
11309 5.97116524304135E-4
11335 5.97116524304135E-4
113451 5.97116524304135E-4
114112 5.97116524304135E-4
1153 5.97116524304135E-4
1154 5.97116524304135E-4
115761 5.97116524304135E-4
116986 5.97116524304135E-4
117 5.97116524304135E-4
1268 5.97116524304135E-4
130497 5.97116524304135E-4
1351 5.97116524304135E-4
1364 5.97116524304135E-4
1371 5.97116524304135E-4
1386 5.97116524304135E-4
139596 5.97116524304135E-4
1436 5.97116524304135E-4
1457 5.97116524304135E-4
145957 5.97116524304135E-4
1482 5.97116524304135E-4
1493 5.97116524304135E-4
1509 5.97116524304135E-4
1513 5.97116524304135E-4
1522 5.97116524304135E-4
155465 5.97116524304135E-4
158471 5.97116524304135E-4
1601 5.97116524304135E-4
1605 5.97116524304135E-4
1621 5.97116524304135E-4
1630 5.97116524304135E-4
1634 5.97116524304135E-4
1647 5.97116524304135E-4
1649 5.97116524304135E-4
1718 5.97116524304135E-4
1730 5.97116524304135E-4
1757 5.97116524304135E-4
1791 5.97116524304135E-4
1834 5.97116524304135E-4
1844 5.97116524304135E-4
1902 5.97116524304135E-4
1910 5.97116524304135E-4
1934 5.97116524304135E-4
196 5.97116524304135E-4
199731 5.97116524304135E-4
2020 5.97116524304135E-4
2056 5.97116524304135E-4
2057 5.97116524304135E-4
2081 5.97116524304135E-4
2114 5.97116524304135E-4
2120 5.97116524304135E-4
2128 5.97116524304135E-4
2150 5.97116524304135E-4
2167 5.97116524304135E-4
2181 5.97116524304135E-4
2192 5.97116524304135E-4
2209 5.97116524304135E-4
221044 5.97116524304135E-4
221476 5.97116524304135E-4
2246 5.97116524304135E-4
2254 5.97116524304135E-4
22930 5.97116524304135E-4
22933 5.97116524304135E-4
2295 5.97116524304135E-4
22974 5.97116524304135E-4
2305 5.97116524304135E-4
23081 5.97116524304135E-4
23133 5.97116524304135E-4
23136 5.97116524304135E-4
23239 5.97116524304135E-4
2324 5.97116524304135E-4
23552 5.97116524304135E-4
2414 5.97116524304135E-4
2463 5.97116524304135E-4
25 5.97116524304135E-4
2532 5.97116524304135E-4
2534 5.97116524304135E-4
25804 5.97116524304135E-4
25859 5.97116524304135E-4
25953 5.97116524304135E-4
26084 5.97116524304135E-4
2619 5.97116524304135E-4
2621 5.97116524304135E-4
2625 5.97116524304135E-4
26298 5.97116524304135E-4
26471 5.97116524304135E-4
2650 5.97116524304135E-4
26524 5.97116524304135E-4
2661 5.97116524304135E-4
266790 5.97116524304135E-4
2669 5.97116524304135E-4
270 5.97116524304135E-4
2703 5.97116524304135E-4
27043 5.97116524304135E-4
2706 5.97116524304135E-4
27086 5.97116524304135E-4
2720 5.97116524304135E-4
27242 5.97116524304135E-4
2736 5.97116524304135E-4
284348 5.97116524304135E-4
290 5.97116524304135E-4
29028 5.97116524304135E-4
29094 5.97116524304135E-4
2919 5.97116524304135E-4
2966 5.97116524304135E-4
2968 5.97116524304135E-4
3015 5.97116524304135E-4
30813 5.97116524304135E-4
3084 5.97116524304135E-4
3092 5.97116524304135E-4
3140 5.97116524304135E-4
3146 5.97116524304135E-4
316 5.97116524304135E-4
3161 5.97116524304135E-4
3170 5.97116524304135E-4
3190 5.97116524304135E-4
3224 5.97116524304135E-4
3240 5.97116524304135E-4
3242 5.97116524304135E-4
3373 5.97116524304135E-4
3376 5.97116524304135E-4
339345 5.97116524304135E-4
3397 5.97116524304135E-4
3400 5.97116524304135E-4
3429 5.97116524304135E-4
3439 5.97116524304135E-4
3447 5.97116524304135E-4
3456 5.97116524304135E-4
3488 5.97116524304135E-4
348995 5.97116524304135E-4
351 5.97116524304135E-4
3560 5.97116524304135E-4
356 5.97116524304135E-4
3561 5.97116524304135E-4
3574 5.97116524304135E-4
3590 5.97116524304135E-4
3592 5.97116524304135E-4
3778 5.97116524304135E-4
378938 5.97116524304135E-4
3811 5.97116524304135E-4
3856 5.97116524304135E-4
3875 5.97116524304135E-4
3880 5.97116524304135E-4
391109 5.97116524304135E-4
391110 5.97116524304135E-4
3976 5.97116524304135E-4
4005 5.97116524304135E-4
4015 5.97116524304135E-4
4018 5.97116524304135E-4
406937 5.97116524304135E-4
406958 5.97116524304135E-4
406959 5.97116524304135E-4
406991 5.97116524304135E-4
407006 5.97116524304135E-4
407009 5.97116524304135E-4
4072 5.97116524304135E-4
4084 5.97116524304135E-4
4331 5.97116524304135E-4
445347 5.97116524304135E-4
4489 5.97116524304135E-4
4493 5.97116524304135E-4
4504 5.97116524304135E-4
4583 5.97116524304135E-4
4597 5.97116524304135E-4
473 5.97116524304135E-4
4791 5.97116524304135E-4
4803 5.97116524304135E-4
4830 5.97116524304135E-4
4835 5.97116524304135E-4
4900 5.97116524304135E-4
4938 5.97116524304135E-4
5008 5.97116524304135E-4
5058 5.97116524304135E-4
5062 5.97116524304135E-4
50818 5.97116524304135E-4
5087 5.97116524304135E-4
51053 5.97116524304135E-4
51079 5.97116524304135E-4
51298 5.97116524304135E-4
51312 5.97116524304135E-4
51341 5.97116524304135E-4
5156 5.97116524304135E-4
5167 5.97116524304135E-4
5168 5.97116524304135E-4
5170 5.97116524304135E-4
5201 5.97116524304135E-4
5265 5.97116524304135E-4
5310 5.97116524304135E-4
54606 5.97116524304135E-4
54938 5.97116524304135E-4
5530 5.97116524304135E-4
55364 5.97116524304135E-4
5539 5.97116524304135E-4
55578 5.97116524304135E-4
5580 5.97116524304135E-4
558 5.97116524304135E-4
55818 5.97116524304135E-4
5585 5.97116524304135E-4
5590 5.97116524304135E-4
56165 5.97116524304135E-4
56413 5.97116524304135E-4
56924 5.97116524304135E-4
56925 5.97116524304135E-4
5715 5.97116524304135E-4
5730 5.97116524304135E-4
573 5.97116524304135E-4
5742 5.97116524304135E-4
57459 5.97116524304135E-4
5753 5.97116524304135E-4
5770 5.97116524304135E-4
5783 5.97116524304135E-4
5831 5.97116524304135E-4
5885 5.97116524304135E-4
5894 5.97116524304135E-4
5901 5.97116524304135E-4
5935 5.97116524304135E-4
6121 5.97116524304135E-4
6187 5.97116524304135E-4
6277 5.97116524304135E-4
6286 5.97116524304135E-4
6298 5.97116524304135E-4
6304 5.97116524304135E-4
6319 5.97116524304135E-4
634 5.97116524304135E-4
6374 5.97116524304135E-4
6382 5.97116524304135E-4
63970 5.97116524304135E-4
6424 5.97116524304135E-4
6490 5.97116524304135E-4
6493 5.97116524304135E-4
64979 5.97116524304135E-4
65108 5.97116524304135E-4
6513 5.97116524304135E-4
652 5.97116524304135E-4
65211 5.97116524304135E-4
6597 5.97116524304135E-4
6605 5.97116524304135E-4
6624 5.97116524304135E-4
6625 5.97116524304135E-4
664 5.97116524304135E-4
6677 5.97116524304135E-4
6713 5.97116524304135E-4
673 5.97116524304135E-4
6736 5.97116524304135E-4
6757 5.97116524304135E-4
6777 5.97116524304135E-4
6778 5.97116524304135E-4
6868 5.97116524304135E-4
6895 5.97116524304135E-4
6896 5.97116524304135E-4
6898 5.97116524304135E-4
690 5.97116524304135E-4
6927 5.97116524304135E-4
7026 5.97116524304135E-4
7043 5.97116524304135E-4
7045 5.97116524304135E-4
7064 5.97116524304135E-4
7095 5.97116524304135E-4
7294 5.97116524304135E-4
9134 5.97116524304135E-4
8739 5.97116524304135E-4
9232 5.97116524304135E-4
8851 5.97116524304135E-4
8630 5.97116524304135E-4
8877 5.97116524304135E-4
9104 5.97116524304135E-4
922 5.97116524304135E-4
8554 5.97116524304135E-4
9077 5.97116524304135E-4
921 5.97116524304135E-4
9197 5.97116524304135E-4
8712 5.97116524304135E-4
8751 5.97116524304135E-4
8848 5.97116524304135E-4
8838 5.97116524304135E-4
8792 5.97116524304135E-4
8795 5.97116524304135E-4
8814 5.97116524304135E-4
8626 5.97116524304135E-4
84654 5.97116524304135E-4
8829 5.97116524304135E-4
8448 5.97116524304135E-4
8624 5.97116524304135E-4
9221 5.97116524304135E-4
84445 5.97116524304135E-4
84366 5.97116524304135E-4
9185 5.97116524304135E-4
9212 5.97116524304135E-4
920 5.97116524304135E-4
9242 5.97116524304135E-4
7132 5.97116524304135E-4
9682 5.97116524304135E-4
968 5.97116524304135E-4
966 5.97116524304135E-4
7494 5.97116524304135E-4
7528 5.97116524304135E-4
7220 5.97116524304135E-4
780904 5.97116524304135E-4
9604 5.97116524304135E-4
959 5.97116524304135E-4
9590 5.97116524304135E-4
9588 5.97116524304135E-4
79084 5.97116524304135E-4
79366 5.97116524304135E-4
7941 5.97116524304135E-4
79447 5.97116524304135E-4
9687 5.97116524304135E-4
7415 5.97116524304135E-4
7405 5.97116524304135E-4
9968 5.97116524304135E-4
7169 5.97116524304135E-4
7180 5.97116524304135E-4
7182 5.97116524304135E-4
7222 5.97116524304135E-4
9900 5.97116524304135E-4
727837 5.97116524304135E-4
9897 5.97116524304135E-4
728340 5.97116524304135E-4
9839 5.97116524304135E-4
7295 5.97116524304135E-4
730394 5.97116524304135E-4
7332 5.97116524304135E-4
9768 5.97116524304135E-4
7356 5.97116524304135E-4
79644 5.97116524304135E-4
9469 5.97116524304135E-4
84432 5.97116524304135E-4
80381 5.97116524304135E-4
840 5.97116524304135E-4
9420 5.97116524304135E-4
94081 5.97116524304135E-4
9377 5.97116524304135E-4
8101 5.97116524304135E-4
834 5.97116524304135E-4
83259 5.97116524304135E-4
81469 5.97116524304135E-4
8125 5.97116524304135E-4
928 5.97116524304135E-4
9308 5.97116524304135E-4
9474 5.97116524304135E-4
79969 5.97116524304135E-4
9510 5.97116524304135E-4
9260 5.97116524304135E-4
9519 5.97116524304135E-4
90362 2.98558262152068E-4
92304 2.98558262152068E-4
9322 2.98558262152068E-4
9874 2.98558262152068E-4
9982 2.98558262152068E-4
9166 2.98558262152068E-4
9353 2.98558262152068E-4
9833 2.98558262152068E-4
9965 2.98558262152068E-4
911 2.98558262152068E-4
990 2.98558262152068E-4
995 2.98558262152068E-4
9261 2.98558262152068E-4
9947 2.98558262152068E-4
9636 2.98558262152068E-4
909 2.98558262152068E-4
9317 2.98558262152068E-4
910 2.98558262152068E-4
996 2.98558262152068E-4
9961 2.98558262152068E-4
993 2.98558262152068E-4
9577 2.98558262152068E-4
9341 2.98558262152068E-4
9825 2.98558262152068E-4
93655 2.98558262152068E-4
9635 2.98558262152068E-4
9181 2.98558262152068E-4
962 2.98558262152068E-4
9619 2.98558262152068E-4
9611 2.98558262152068E-4
9365 2.98558262152068E-4
948 2.98558262152068E-4
949 2.98558262152068E-4
958 2.98558262152068E-4
957 2.98558262152068E-4
9529 2.98558262152068E-4
9531 2.98558262152068E-4
94241 2.98558262152068E-4
9170 2.98558262152068E-4
976 2.98558262152068E-4
91544 2.98558262152068E-4
916 2.98558262152068E-4
9723 2.98558262152068E-4
9702 2.98558262152068E-4
9700 2.98558262152068E-4
91614 2.98558262152068E-4
969 2.98558262152068E-4
9407 2.98558262152068E-4
941 2.98558262152068E-4
9645 2.98558262152068E-4
9641 2.98558262152068E-4
9540 2.98558262152068E-4
90134 2.98558262152068E-4
80150 2.98558262152068E-4
7908 2.98558262152068E-4
79068 2.98558262152068E-4
78986 2.98558262152068E-4
7884 2.98558262152068E-4
712 2.98558262152068E-4
7873 2.98558262152068E-4
7855 2.98558262152068E-4
7851 2.98558262152068E-4
7764 2.98558262152068E-4
7739 2.98558262152068E-4
7702 2.98558262152068E-4
7691 2.98558262152068E-4
768 2.98558262152068E-4
767558 2.98558262152068E-4
79154 2.98558262152068E-4
79258 2.98558262152068E-4
80142 2.98558262152068E-4
80119 2.98558262152068E-4
79993 2.98558262152068E-4
79971 2.98558262152068E-4
79923 2.98558262152068E-4
7982 2.98558262152068E-4
79791 2.98558262152068E-4
79689 2.98558262152068E-4
79651 2.98558262152068E-4
79596 2.98558262152068E-4
79577 2.98558262152068E-4
79574 2.98558262152068E-4
79370 2.98558262152068E-4
79289 2.98558262152068E-4
7543 2.98558262152068E-4
7538 2.98558262152068E-4
7514 2.98558262152068E-4
728395 2.98558262152068E-4
728358 2.98558262152068E-4
728137 2.98558262152068E-4
7276 2.98558262152068E-4
7273 2.98558262152068E-4
7262 2.98558262152068E-4
7258 2.98558262152068E-4
7187 2.98558262152068E-4
7181 2.98558262152068E-4
7162 2.98558262152068E-4
7155 2.98558262152068E-4
7149 2.98558262152068E-4
7141 2.98558262152068E-4
7134 2.98558262152068E-4
7296 2.98558262152068E-4
729759 2.98558262152068E-4
7485 2.98558262152068E-4
7481 2.98558262152068E-4
7474 2.98558262152068E-4
7468 2.98558262152068E-4
7423 2.98558262152068E-4
7414 2.98558262152068E-4
7403 2.98558262152068E-4
7398 2.98558262152068E-4
7392 2.98558262152068E-4
7350 2.98558262152068E-4
7349 2.98558262152068E-4
7341 2.98558262152068E-4
7335 2.98558262152068E-4
729873 2.98558262152068E-4
7133 2.98558262152068E-4
8021 2.98558262152068E-4
9001 2.98558262152068E-4
8740 2.98558262152068E-4
8717 2.98558262152068E-4
8662 2.98558262152068E-4
8615 2.98558262152068E-4
8614 2.98558262152068E-4
8570 2.98558262152068E-4
8544 2.98558262152068E-4
85021 2.98558262152068E-4
8501 2.98558262152068E-4
84930 2.98558262152068E-4
8473 2.98558262152068E-4
84650 2.98558262152068E-4
84557 2.98558262152068E-4
84549 2.98558262152068E-4
8764 2.98558262152068E-4
8794 2.98558262152068E-4
8991 2.98558262152068E-4
896 2.98558262152068E-4
8935 2.98558262152068E-4
891 2.98558262152068E-4
8909 2.98558262152068E-4
890 2.98558262152068E-4
8900 2.98558262152068E-4
8879 2.98558262152068E-4
8870 2.98558262152068E-4
8857 2.98558262152068E-4
8854 2.98558262152068E-4
885 2.98558262152068E-4
8822 2.98558262152068E-4
8821 2.98558262152068E-4
84516 2.98558262152068E-4
8451 2.98558262152068E-4
84458 2.98558262152068E-4
8148 2.98558262152068E-4
81448 2.98558262152068E-4
8140 2.98558262152068E-4
81399 2.98558262152068E-4
80854 2.98558262152068E-4
80834 2.98558262152068E-4
80824 2.98558262152068E-4
80761 2.98558262152068E-4
8073 2.98558262152068E-4
8061 2.98558262152068E-4
8048 2.98558262152068E-4
80347 2.98558262152068E-4
80316 2.98558262152068E-4
80306 2.98558262152068E-4
8220 2.98558262152068E-4
8248 2.98558262152068E-4
80736 2.98558262152068E-4
84218 2.98558262152068E-4
84181 2.98558262152068E-4
84174 2.98558262152068E-4
8406 2.98558262152068E-4
83693 2.98558262152068E-4
83605 2.98558262152068E-4
83592 2.98558262152068E-4
83540 2.98558262152068E-4
83475 2.98558262152068E-4
83444 2.98558262152068E-4
83439 2.98558262152068E-4
8322 2.98558262152068E-4
8312 2.98558262152068E-4
80274 2.98558262152068E-4
100008586 2.98558262152068E-4
100048912 2.98558262152068E-4
10013 2.98558262152068E-4
100188776 2.98558262152068E-4
100188826 2.98558262152068E-4
100289087 2.98558262152068E-4
100302150 2.98558262152068E-4
100509457 2.98558262152068E-4
100526842 2.98558262152068E-4
100528032 2.98558262152068E-4
1008 2.98558262152068E-4
100862695 2.98558262152068E-4
10111 2.98558262152068E-4
101669767 2.98558262152068E-4
1019 2.98558262152068E-4
10193 2.98558262152068E-4
10210 2.98558262152068E-4
10254 2.98558262152068E-4
10257 2.98558262152068E-4
10263 2.98558262152068E-4
10298 2.98558262152068E-4
1032 2.98558262152068E-4
10342 2.98558262152068E-4
10371 2.98558262152068E-4
10376 2.98558262152068E-4
10381 2.98558262152068E-4
10413 2.98558262152068E-4
10451 2.98558262152068E-4
10482 2.98558262152068E-4
10487 2.98558262152068E-4
10507 2.98558262152068E-4
10512 2.98558262152068E-4
10514 2.98558262152068E-4
10516 2.98558262152068E-4
10527 2.98558262152068E-4
10563 2.98558262152068E-4
10569 2.98558262152068E-4
10573 2.98558262152068E-4
10579 2.98558262152068E-4
10673 2.98558262152068E-4
1068 2.98558262152068E-4
1072 2.98558262152068E-4
10724 2.98558262152068E-4
10733 2.98558262152068E-4
10781 2.98558262152068E-4
10803 2.98558262152068E-4
10817 2.98558262152068E-4
10818 2.98558262152068E-4
10825 2.98558262152068E-4
10850 2.98558262152068E-4
10873 2.98558262152068E-4
10878 2.98558262152068E-4
10903 2.98558262152068E-4
10912 2.98558262152068E-4
10928 2.98558262152068E-4
10948 2.98558262152068E-4
10966 2.98558262152068E-4
10992 2.98558262152068E-4
10993 2.98558262152068E-4
11011 2.98558262152068E-4
1102 2.98558262152068E-4
11070 2.98558262152068E-4
11076 2.98558262152068E-4
11093 2.98558262152068E-4
11102 2.98558262152068E-4
1111 2.98558262152068E-4
11122 2.98558262152068E-4
11130 2.98558262152068E-4
11138 2.98558262152068E-4
11191 2.98558262152068E-4
112399 2.98558262152068E-4
11264 2.98558262152068E-4
11283 2.98558262152068E-4
11284 2.98558262152068E-4
113130 2.98558262152068E-4
11315 2.98558262152068E-4
11343 2.98558262152068E-4
11346 2.98558262152068E-4
114548 2.98558262152068E-4
114757 2.98558262152068E-4
114769 2.98558262152068E-4
115426 2.98558262152068E-4
116135 2.98558262152068E-4
116369 2.98558262152068E-4
117159 2.98558262152068E-4
117247 2.98558262152068E-4
118460 2.98558262152068E-4
120071 2.98558262152068E-4
123263 2.98558262152068E-4
1238 2.98558262152068E-4
124446 2.98558262152068E-4
124583 2.98558262152068E-4
1265 2.98558262152068E-4
128408 2.98558262152068E-4
1285 2.98558262152068E-4
128553 2.98558262152068E-4
129831 2.98558262152068E-4
131 2.98558262152068E-4
131096 2.98558262152068E-4
1314 2.98558262152068E-4
134218 2.98558262152068E-4
1357 2.98558262152068E-4
1363 2.98558262152068E-4
1365 2.98558262152068E-4
1390 2.98558262152068E-4
1399 2.98558262152068E-4
1428 2.98558262152068E-4
1435 2.98558262152068E-4
145165 2.98558262152068E-4
145270 2.98558262152068E-4
1474 2.98558262152068E-4
148 2.98558262152068E-4
1487 2.98558262152068E-4
1510 2.98558262152068E-4
151 2.98558262152068E-4
1523 2.98558262152068E-4
1524 2.98558262152068E-4
154 2.98558262152068E-4
154091 2.98558262152068E-4
1592 2.98558262152068E-4
1602 2.98558262152068E-4
160897 2.98558262152068E-4
1612 2.98558262152068E-4
162239 2.98558262152068E-4
1628 2.98558262152068E-4
164091 2.98558262152068E-4
166614 2.98558262152068E-4
1667 2.98558262152068E-4
1743 2.98558262152068E-4
1809 2.98558262152068E-4
1825 2.98558262152068E-4
1845 2.98558262152068E-4
1870 2.98558262152068E-4
1874 2.98558262152068E-4
1893 2.98558262152068E-4
1909 2.98558262152068E-4
1999 2.98558262152068E-4
2002 2.98558262152068E-4
2004 2.98558262152068E-4
2006 2.98558262152068E-4
202 2.98558262152068E-4
2022 2.98558262152068E-4
2028 2.98558262152068E-4
2034 2.98558262152068E-4
2045 2.98558262152068E-4
2053 2.98558262152068E-4
211 2.98558262152068E-4
214 2.98558262152068E-4
2158 2.98558262152068E-4
2166 2.98558262152068E-4
2171 2.98558262152068E-4
2202 2.98558262152068E-4
221935 2.98558262152068E-4
2220 2.98558262152068E-4
2237 2.98558262152068E-4
2251 2.98558262152068E-4
22858 2.98558262152068E-4
22861 2.98558262152068E-4
22883 2.98558262152068E-4
22914 2.98558262152068E-4
22926 2.98558262152068E-4
2294 2.98558262152068E-4
2296 2.98558262152068E-4
2297 2.98558262152068E-4
23030 2.98558262152068E-4
23037 2.98558262152068E-4
23049 2.98558262152068E-4
23052 2.98558262152068E-4
2306 2.98558262152068E-4
23082 2.98558262152068E-4
23090 2.98558262152068E-4
23093 2.98558262152068E-4
23135 2.98558262152068E-4
2317 2.98558262152068E-4
23205 2.98558262152068E-4
23266 2.98558262152068E-4
23415 2.98558262152068E-4
23451 2.98558262152068E-4
23462 2.98558262152068E-4
23468 2.98558262152068E-4
23492 2.98558262152068E-4
23493 2.98558262152068E-4
23513 2.98558262152068E-4
23519 2.98558262152068E-4
23520 2.98558262152068E-4
23524 2.98558262152068E-4
23531 2.98558262152068E-4
23566 2.98558262152068E-4
2358 2.98558262152068E-4
23583 2.98558262152068E-4
23635 2.98558262152068E-4
23677 2.98558262152068E-4
23683 2.98558262152068E-4
23765 2.98558262152068E-4
238 2.98558262152068E-4
24 2.98558262152068E-4
241 2.98558262152068E-4
246778 2.98558262152068E-4
250 2.98558262152068E-4
2521 2.98558262152068E-4
2523 2.98558262152068E-4
2526 2.98558262152068E-4
253260 2.98558262152068E-4
253559 2.98558262152068E-4
25780 2.98558262152068E-4
2579 2.98558262152068E-4
2580 2.98558262152068E-4
25816 2.98558262152068E-4
25824 2.98558262152068E-4
25849 2.98558262152068E-4
25853 2.98558262152068E-4
25898 2.98558262152068E-4
25983 2.98558262152068E-4
26018 2.98558262152068E-4
26033 2.98558262152068E-4
26038 2.98558262152068E-4
260429 2.98558262152068E-4
2623 2.98558262152068E-4
2624 2.98558262152068E-4
26271 2.98558262152068E-4
2629 2.98558262152068E-4
2633 2.98558262152068E-4
2636 2.98558262152068E-4
2644 2.98558262152068E-4
26479 2.98558262152068E-4
2649 2.98558262152068E-4
265 2.98558262152068E-4
26508 2.98558262152068E-4
26512 2.98558262152068E-4
26575 2.98558262152068E-4
2658 2.98558262152068E-4
26683 2.98558262152068E-4
26748 2.98558262152068E-4
269 2.98558262152068E-4
26959 2.98558262152068E-4
27036 2.98558262152068E-4
27040 2.98558262152068E-4
27044 2.98558262152068E-4
2705 2.98558262152068E-4
27113 2.98558262152068E-4
27190 2.98558262152068E-4
27237 2.98558262152068E-4
27243 2.98558262152068E-4
27295 2.98558262152068E-4
27302 2.98558262152068E-4
27303 2.98558262152068E-4
2798 2.98558262152068E-4
2833 2.98558262152068E-4
283651 2.98558262152068E-4
284 2.98558262152068E-4
28413 2.98558262152068E-4
285 2.98558262152068E-4
285463 2.98558262152068E-4
286826 2.98558262152068E-4
2877 2.98558262152068E-4
28874 2.98558262152068E-4
28956 2.98558262152068E-4
2896 2.98558262152068E-4
29107 2.98558262152068E-4
29126 2.98558262152068E-4
29128 2.98558262152068E-4
2931 2.98558262152068E-4
2954 2.98558262152068E-4
2971 2.98558262152068E-4
29914 2.98558262152068E-4
29959 2.98558262152068E-4
29967 2.98558262152068E-4
29991 2.98558262152068E-4
29997 2.98558262152068E-4
30008 2.98558262152068E-4
3046 2.98558262152068E-4
3059 2.98558262152068E-4
306 2.98558262152068E-4
3069 2.98558262152068E-4
3078 2.98558262152068E-4
3090 2.98558262152068E-4
31 2.98558262152068E-4
3106 2.98558262152068E-4
3117 2.98558262152068E-4
3172 2.98558262152068E-4
317782 2.98558262152068E-4
3248 2.98558262152068E-4
3251 2.98558262152068E-4
326343 2.98558262152068E-4
3272 2.98558262152068E-4
3280 2.98558262152068E-4
3297 2.98558262152068E-4
3329 2.98558262152068E-4
3339 2.98558262152068E-4
338328 2.98558262152068E-4
3386 2.98558262152068E-4
3428 2.98558262152068E-4
346689 2.98558262152068E-4
347 2.98558262152068E-4
348801 2.98558262152068E-4
3598 2.98558262152068E-4
360205 2.98558262152068E-4
3620 2.98558262152068E-4
3627 2.98558262152068E-4
3683 2.98558262152068E-4
3708 2.98558262152068E-4
3716 2.98558262152068E-4
3776 2.98558262152068E-4
3798 2.98558262152068E-4
383 2.98558262152068E-4
3835 2.98558262152068E-4
3838 2.98558262152068E-4
387 2.98558262152068E-4
387521 2.98558262152068E-4
387522 2.98558262152068E-4
387934 2.98558262152068E-4
388112 2.98558262152068E-4
389090 2.98558262152068E-4
390502 2.98558262152068E-4
3921 2.98558262152068E-4
3938 2.98558262152068E-4
3945 2.98558262152068E-4
3956 2.98558262152068E-4
3959 2.98558262152068E-4
401637 2.98558262152068E-4
4026 2.98558262152068E-4
4035 2.98558262152068E-4
4041 2.98558262152068E-4
4043 2.98558262152068E-4
404663 2.98558262152068E-4
4048 2.98558262152068E-4
406885 2.98558262152068E-4
406900 2.98558262152068E-4
406973 2.98558262152068E-4
406987 2.98558262152068E-4
407011 2.98558262152068E-4
407022 2.98558262152068E-4
407040 2.98558262152068E-4
4071 2.98558262152068E-4
4087 2.98558262152068E-4
4123 2.98558262152068E-4
414059 2.98558262152068E-4
4171 2.98558262152068E-4
4191 2.98558262152068E-4
4199 2.98558262152068E-4
4200 2.98558262152068E-4
4210 2.98558262152068E-4
4214 2.98558262152068E-4
4217 2.98558262152068E-4
4287 2.98558262152068E-4
4296 2.98558262152068E-4
4298 2.98558262152068E-4
4321 2.98558262152068E-4
4325 2.98558262152068E-4
442893 2.98558262152068E-4
445 2.98558262152068E-4
450093 2.98558262152068E-4
4501 2.98558262152068E-4
4507 2.98558262152068E-4
4549 2.98558262152068E-4
4585 2.98558262152068E-4
4591 2.98558262152068E-4
4599 2.98558262152068E-4
4605 2.98558262152068E-4
462 2.98558262152068E-4
4665 2.98558262152068E-4
4671 2.98558262152068E-4
4675 2.98558262152068E-4
4680 2.98558262152068E-4
4695 2.98558262152068E-4
470 2.98558262152068E-4
4722 2.98558262152068E-4
4734 2.98558262152068E-4
4771 2.98558262152068E-4
479 2.98558262152068E-4
4800 2.98558262152068E-4
48 2.98558262152068E-4
4856 2.98558262152068E-4
4869 2.98558262152068E-4
4881 2.98558262152068E-4
4893 2.98558262152068E-4
4916 2.98558262152068E-4
4923 2.98558262152068E-4
4939 2.98558262152068E-4
494324 2.98558262152068E-4
4946 2.98558262152068E-4
5018 2.98558262152068E-4
5021 2.98558262152068E-4
5046 2.98558262152068E-4
50484 2.98558262152068E-4
5055 2.98558262152068E-4
5063 2.98558262152068E-4
5080 2.98558262152068E-4
50805 2.98558262152068E-4
50807 2.98558262152068E-4
50838 2.98558262152068E-4
50865 2.98558262152068E-4
5090 2.98558262152068E-4
51010 2.98558262152068E-4
51119 2.98558262152068E-4
51144 2.98558262152068E-4
51150 2.98558262152068E-4
51155 2.98558262152068E-4
51170 2.98558262152068E-4
51182 2.98558262152068E-4
51251 2.98558262152068E-4
51268 2.98558262152068E-4
5132 2.98558262152068E-4
5133 2.98558262152068E-4
51359 2.98558262152068E-4
51360 2.98558262152068E-4
51365 2.98558262152068E-4
51435 2.98558262152068E-4
51438 2.98558262152068E-4
51473 2.98558262152068E-4
51561 2.98558262152068E-4
5163 2.98558262152068E-4
51639 2.98558262152068E-4
51654 2.98558262152068E-4
5169 2.98558262152068E-4
51701 2.98558262152068E-4
51747 2.98558262152068E-4
5175 2.98558262152068E-4
51765 2.98558262152068E-4
51780 2.98558262152068E-4
5216 2.98558262152068E-4
5274 2.98558262152068E-4
5312 2.98558262152068E-4
5313 2.98558262152068E-4
53342 2.98558262152068E-4
5350 2.98558262152068E-4
5366 2.98558262152068E-4
5378 2.98558262152068E-4
5406 2.98558262152068E-4
5411 2.98558262152068E-4
542767 2.98558262152068E-4
54360 2.98558262152068E-4
54472 2.98558262152068E-4
54535 2.98558262152068E-4
54541 2.98558262152068E-4
54552 2.98558262152068E-4
54566 2.98558262152068E-4
54567 2.98558262152068E-4
54677 2.98558262152068E-4
54682 2.98558262152068E-4
5471 2.98558262152068E-4
54726 2.98558262152068E-4
54732 2.98558262152068E-4
54756 2.98558262152068E-4
5481 2.98558262152068E-4
54845 2.98558262152068E-4
54858 2.98558262152068E-4
54921 2.98558262152068E-4
5506 2.98558262152068E-4
55065 2.98558262152068E-4
5515 2.98558262152068E-4
55165 2.98558262152068E-4
55226 2.98558262152068E-4
55249 2.98558262152068E-4
55256 2.98558262152068E-4
55278 2.98558262152068E-4
55359 2.98558262152068E-4
5537 2.98558262152068E-4
5547 2.98558262152068E-4
5553 2.98558262152068E-4
55536 2.98558262152068E-4
5562 2.98558262152068E-4
5563 2.98558262152068E-4
5564 2.98558262152068E-4
5566 2.98558262152068E-4
5570 2.98558262152068E-4
55750 2.98558262152068E-4
55832 2.98558262152068E-4
5584 2.98558262152068E-4
5588 2.98558262152068E-4
55907 2.98558262152068E-4
5592 2.98558262152068E-4
55929 2.98558262152068E-4
5604 2.98558262152068E-4
5640 2.98558262152068E-4
5645 2.98558262152068E-4
5646 2.98558262152068E-4
5652 2.98558262152068E-4
566 2.98558262152068E-4
567 2.98558262152068E-4
56731 2.98558262152068E-4
56902 2.98558262152068E-4
56946 2.98558262152068E-4
56955 2.98558262152068E-4
570 2.98558262152068E-4
57105 2.98558262152068E-4
5713 2.98558262152068E-4
5719 2.98558262152068E-4
572 2.98558262152068E-4
57222 2.98558262152068E-4
5725 2.98558262152068E-4
5733 2.98558262152068E-4
5734 2.98558262152068E-4
5741 2.98558262152068E-4
574455 2.98558262152068E-4
57446 2.98558262152068E-4
57447 2.98558262152068E-4
57448 2.98558262152068E-4
57481 2.98558262152068E-4
5757 2.98558262152068E-4
5764 2.98558262152068E-4
57659 2.98558262152068E-4
57728 2.98558262152068E-4
57761 2.98558262152068E-4
5786 2.98558262152068E-4
57863 2.98558262152068E-4
5788 2.98558262152068E-4
5792 2.98558262152068E-4
58189 2.98558262152068E-4
583 2.98558262152068E-4
58508 2.98558262152068E-4
58515 2.98558262152068E-4
58524 2.98558262152068E-4
5865 2.98558262152068E-4
5880 2.98558262152068E-4
5883 2.98558262152068E-4
5898 2.98558262152068E-4
59 2.98558262152068E-4
5914 2.98558262152068E-4
59330 2.98558262152068E-4
59351 2.98558262152068E-4
5940 2.98558262152068E-4
5954 2.98558262152068E-4
5967 2.98558262152068E-4
5978 2.98558262152068E-4
5987 2.98558262152068E-4
6009 2.98558262152068E-4
60312 2.98558262152068E-4
6049 2.98558262152068E-4
60500 2.98558262152068E-4
606293 2.98558262152068E-4
6091 2.98558262152068E-4
6093 2.98558262152068E-4
6137 2.98558262152068E-4
6139 2.98558262152068E-4
6205 2.98558262152068E-4
623 2.98558262152068E-4
6236 2.98558262152068E-4
6239 2.98558262152068E-4
624 2.98558262152068E-4
6267 2.98558262152068E-4
6282 2.98558262152068E-4
6309 2.98558262152068E-4
6335 2.98558262152068E-4
6348 2.98558262152068E-4
637 2.98558262152068E-4
6376 2.98558262152068E-4
6397 2.98558262152068E-4
6400 2.98558262152068E-4
6401 2.98558262152068E-4
6404 2.98558262152068E-4
64083 2.98558262152068E-4
64087 2.98558262152068E-4
64093 2.98558262152068E-4
64129 2.98558262152068E-4
641648 2.98558262152068E-4
64174 2.98558262152068E-4
6423 2.98558262152068E-4
6425 2.98558262152068E-4
6426 2.98558262152068E-4
6430 2.98558262152068E-4
643 2.98558262152068E-4
64326 2.98558262152068E-4
64375 2.98558262152068E-4
6449 2.98558262152068E-4
645073 2.98558262152068E-4
6464 2.98558262152068E-4
649 2.98558262152068E-4
649159 2.98558262152068E-4
64975 2.98558262152068E-4
65059 2.98558262152068E-4
653 2.98558262152068E-4
6571 2.98558262152068E-4
6579 2.98558262152068E-4
658 2.98558262152068E-4
6586 2.98558262152068E-4
6590 2.98558262152068E-4
659 2.98558262152068E-4
6595 2.98558262152068E-4
6598 2.98558262152068E-4
660 2.98558262152068E-4
6609 2.98558262152068E-4
6622 2.98558262152068E-4
6635 2.98558262152068E-4
6657 2.98558262152068E-4
6660 2.98558262152068E-4
6668 2.98558262152068E-4
6687 2.98558262152068E-4
6692 2.98558262152068E-4
6695 2.98558262152068E-4
6697 2.98558262152068E-4
6721 2.98558262152068E-4
6767 2.98558262152068E-4
677775 2.98558262152068E-4
6794 2.98558262152068E-4
680 2.98558262152068E-4
6869 2.98558262152068E-4
6872 2.98558262152068E-4
6885 2.98558262152068E-4
6902 2.98558262152068E-4
6906 2.98558262152068E-4
6913 2.98558262152068E-4
693159 2.98558262152068E-4
7009 2.98558262152068E-4
7012 2.98558262152068E-4
7014 2.98558262152068E-4
7019 2.98558262152068E-4
7020 2.98558262152068E-4
7025 2.98558262152068E-4
7035 2.98558262152068E-4
7049 2.98558262152068E-4
7079 2.98558262152068E-4
7102 2.98558262152068E-4
