7157 0.0581852313423149
217 0.0401389778183631
4524 0.0311822299538011
1543 0.0271351720784999
2068 0.0256423807677396
125 0.0244151050466348
2944 0.0239837889896549
7515 0.0193396145900496
595 0.0191738141227253
7298 0.0175482650171372
5743 0.0167853480255088
2952 0.0167853480255088
2950 0.0155911149769005
2052 0.0149939984525964
1577 0.0143968819282923
1956 0.0137667227314916
1571 0.0133354066745118
2067 0.0121411736259035
3569 0.0112454988394473
6790 0.0109469405772952
3557 0.0106483823151432
3553 0.0106483823151432
84651 0.00988546532351474
339967 0.00869123227490647
1728 0.0083926740127544
4193 0.0083926740127544
1026 0.00809411575060234
675 0.00779555748845027
6817 0.0074969992262982
7508 0.0074969992262982
4255 0.0074969992262982
3593 0.0074969992262982
4968 0.0074969992262982
3586 0.0074969992262982
355 0.0074969992262982
1548 0.00719844096414613
10 0.00719844096414613
7124 0.00719844096414613
7040 0.00719844096414613
4313 0.00719844096414613
3091 0.00719844096414613
3458 0.00719844096414613
7507 0.00719844096414613
3558 0.00689988270199407
4610 0.00689988270199407
3570 0.00689988270199407
7422 0.00643552397251771
1029 0.00507549045658515
1401 0.00494273266175737
126 0.0046441743996053
2064 0.00447837393228102
7161 0.00434561613745324
5728 0.00434561613745324
5243 0.00404705787530117
5290 0.00404705787530117
2778 0.00404705787530117
356 0.00404705787530117
5468 0.00404705787530117
2073 0.0037484996131491
4548 0.0037484996131491
27161 0.0037484996131491
2475 0.0037484996131491
4353 0.0037484996131491
50628 0.0037484996131491
6556 0.0037484996131491
1268 0.0037484996131491
5887 0.0037484996131491
442918 0.0037484996131491
7517 0.0037484996131491
239 0.0037484996131491
207 0.0037484996131491
5901 0.00344994135099703
3565 0.00344994135099703
902 0.00344994135099703
26523 0.00344994135099703
8930 0.00344994135099703
494335 0.00344994135099703
5925 0.00344994135099703
23405 0.00344994135099703
4536 0.00344994135099703
3383 0.00344994135099703
6258 0.00344994135099703
11218 0.00344994135099703
693193 0.00344994135099703
6470 0.00344994135099703
407031 0.00344994135099703
574449 0.00344994135099703
367 0.00344994135099703
130 0.00344994135099703
142 0.00344994135099703
8315 0.00344994135099703
51141 0.00344994135099703
51738 0.00344994135099703
29102 0.00344994135099703
3980 0.00344994135099703
54487 0.00344994135099703
3952 0.00344994135099703
3845 0.00344994135099703
5443 0.00344994135099703
5465 0.00344994135099703
693216 0.00344994135099703
5058 0.00344994135099703
3661 0.00344994135099703
407029 0.00344994135099703
57510 0.00344994135099703
9271 0.00344994135099703
406907 0.00344994135099703
6891 0.00344994135099703
9370 0.00344994135099703
9575 0.00344994135099703
693189 0.00344994135099703
406973 0.00344994135099703
407002 0.00344994135099703
6895 0.00344994135099703
2074 0.00344994135099703
406938 0.00344994135099703
407015 0.00344994135099703
406892 0.00344994135099703
208 0.00344994135099703
2272 0.00268702435936861
324 0.00268702435936861
58531 0.00268702435936861
811 0.00238846609721654
799 0.00238846609721654
6535 0.00238846609721654
1048 0.00238846609721654
84417 0.00208990783506447
7248 0.00179134957291241
79651 0.00179134957291241
10327 0.00179134957291241
373156 0.00149279131076034
7149 0.00149279131076034
1950 0.00149279131076034
3868 0.00149279131076034
133482 0.00149279131076034
3126 0.00119423304860827
56996 0.00119423304860827
1485 0.00119423304860827
3481 0.00119423304860827
118429 0.00119423304860827
6275 0.00119423304860827
246100 0.00119423304860827
51196 8.95674786456203E-4
5347 8.95674786456203E-4
8553 8.95674786456203E-4
301 8.95674786456203E-4
4316 8.95674786456203E-4
1806 8.95674786456203E-4
50514 8.95674786456203E-4
5111 8.95674786456203E-4
8170 8.95674786456203E-4
1557 8.95674786456203E-4
27306 8.95674786456203E-4
7424 8.95674786456203E-4
2837 8.95674786456203E-4
9940 8.95674786456203E-4
1030 8.95674786456203E-4
83478 8.95674786456203E-4
10855 8.95674786456203E-4
3702 8.95674786456203E-4
6581 8.95674786456203E-4
5624 8.95674786456203E-4
5915 8.95674786456203E-4
11162 5.97116524304135E-4
5037 5.97116524304135E-4
4953 5.97116524304135E-4
7012 5.97116524304135E-4
10383 5.97116524304135E-4
4835 5.97116524304135E-4
4790 5.97116524304135E-4
4760 5.97116524304135E-4
5130 5.97116524304135E-4
11186 5.97116524304135E-4
6707 5.97116524304135E-4
26524 5.97116524304135E-4
7480 5.97116524304135E-4
7015 5.97116524304135E-4
27338 5.97116524304135E-4
925 5.97116524304135E-4
7053 5.97116524304135E-4
6774 5.97116524304135E-4
7376 5.97116524304135E-4
22943 5.97116524304135E-4
6298 5.97116524304135E-4
5170 5.97116524304135E-4
6520 5.97116524304135E-4
2022 5.97116524304135E-4
1045 5.97116524304135E-4
3105 5.97116524304135E-4
3135 5.97116524304135E-4
64399 5.97116524304135E-4
64321 5.97116524304135E-4
2919 5.97116524304135E-4
920 5.97116524304135E-4
3342 5.97116524304135E-4
864 5.97116524304135E-4
843 5.97116524304135E-4
57045 5.97116524304135E-4
1540 5.97116524304135E-4
672 5.97116524304135E-4
1612 5.97116524304135E-4
2070 5.97116524304135E-4
2125 5.97116524304135E-4
2194 5.97116524304135E-4
2247 5.97116524304135E-4
114757 5.97116524304135E-4
91833 5.97116524304135E-4
89782 5.97116524304135E-4
84000 5.97116524304135E-4
2706 5.97116524304135E-4
1789 5.97116524304135E-4
2886 5.97116524304135E-4
56999 5.97116524304135E-4
3576 5.97116524304135E-4
3579 5.97116524304135E-4
4485 5.97116524304135E-4
4477 5.97116524304135E-4
240 5.97116524304135E-4
4089 5.97116524304135E-4
4363 5.97116524304135E-4
4360 5.97116524304135E-4
50943 5.97116524304135E-4
4163 5.97116524304135E-4
246 5.97116524304135E-4
4513 5.97116524304135E-4
3592 5.97116524304135E-4
4609 5.97116524304135E-4
3660 5.97116524304135E-4
4582 5.97116524304135E-4
4312 5.97116524304135E-4
551 5.97116524304135E-4
284 5.97116524304135E-4
3732 5.97116524304135E-4
100126794 2.98558262152068E-4
8614 2.98558262152068E-4
140913 2.98558262152068E-4
147719 2.98558262152068E-4
149233 2.98558262152068E-4
8877 2.98558262152068E-4
283120 2.98558262152068E-4
8731 2.98558262152068E-4
727837 2.98558262152068E-4
8673 2.98558262152068E-4
9113 2.98558262152068E-4
441911 2.98558262152068E-4
9235 2.98558262152068E-4
406933 2.98558262152068E-4
100124700 2.98558262152068E-4
8626 2.98558262152068E-4
140690 2.98558262152068E-4
134145 2.98558262152068E-4
57379 2.98558262152068E-4
56904 2.98558262152068E-4
56616 2.98558262152068E-4
26696 2.98558262152068E-4
56164 2.98558262152068E-4
55553 2.98558262152068E-4
55353 2.98558262152068E-4
55278 2.98558262152068E-4
55110 2.98558262152068E-4
51741 2.98558262152068E-4
29126 2.98558262152068E-4
29950 2.98558262152068E-4
23569 2.98558262152068E-4
1356 2.98558262152068E-4
11339 2.98558262152068E-4
9730 2.98558262152068E-4
9768 2.98558262152068E-4
81631 2.98558262152068E-4
10658 2.98558262152068E-4
80380 2.98558262152068E-4
64083 2.98558262152068E-4
80331 2.98558262152068E-4
79811 2.98558262152068E-4
79679 2.98558262152068E-4
10970 2.98558262152068E-4
10984 2.98558262152068E-4
79633 2.98558262152068E-4
29991 2.98558262152068E-4
3559 2.98558262152068E-4
2863 2.98558262152068E-4
2597 2.98558262152068E-4
2354 2.98558262152068E-4
2353 2.98558262152068E-4
2335 2.98558262152068E-4
2303 2.98558262152068E-4
2263 2.98558262152068E-4
2260 2.98558262152068E-4
2258 2.98558262152068E-4
2072 2.98558262152068E-4
1977 2.98558262152068E-4
2908 2.98558262152068E-4
2922 2.98558262152068E-4
3486 2.98558262152068E-4
3480 2.98558262152068E-4
3479 2.98558262152068E-4
3459 2.98558262152068E-4
3265 2.98558262152068E-4
3251 2.98558262152068E-4
3161 2.98558262152068E-4
3082 2.98558262152068E-4
3081 2.98558262152068E-4
3068 2.98558262152068E-4
2934 2.98558262152068E-4
1958 2.98558262152068E-4
1869 2.98558262152068E-4
1084 2.98558262152068E-4
1028 2.98558262152068E-4
1017 2.98558262152068E-4
968 2.98558262152068E-4
947 2.98558262152068E-4
717 2.98558262152068E-4
558 2.98558262152068E-4
472 2.98558262152068E-4
302 2.98558262152068E-4
247 2.98558262152068E-4
238 2.98558262152068E-4
1087 2.98558262152068E-4
1272 2.98558262152068E-4
1824 2.98558262152068E-4
1755 2.98558262152068E-4
1636 2.98558262152068E-4
1611 2.98558262152068E-4
1605 2.98558262152068E-4
1594 2.98558262152068E-4
1591 2.98558262152068E-4
1545 2.98558262152068E-4
1514 2.98558262152068E-4
1465 2.98558262152068E-4
1432 2.98558262152068E-4
25 2.98558262152068E-4
3659 2.98558262152068E-4
8453 2.98558262152068E-4
6624 2.98558262152068E-4
6596 2.98558262152068E-4
6573 2.98558262152068E-4
6502 2.98558262152068E-4
6469 2.98558262152068E-4
6418 2.98558262152068E-4
6400 2.98558262152068E-4
6346 2.98558262152068E-4
6280 2.98558262152068E-4
6198 2.98558262152068E-4
6121 2.98558262152068E-4
6696 2.98558262152068E-4
6757 2.98558262152068E-4
8425 2.98558262152068E-4
7852 2.98558262152068E-4
7486 2.98558262152068E-4
7428 2.98558262152068E-4
7421 2.98558262152068E-4
7405 2.98558262152068E-4
7350 2.98558262152068E-4
7294 2.98558262152068E-4
7078 2.98558262152068E-4
7070 2.98558262152068E-4
6794 2.98558262152068E-4
5981 2.98558262152068E-4
5930 2.98558262152068E-4
4233 2.98558262152068E-4
4116 2.98558262152068E-4
4105 2.98558262152068E-4
4102 2.98558262152068E-4
3958 2.98558262152068E-4
3934 2.98558262152068E-4
3848 2.98558262152068E-4
3835 2.98558262152068E-4
3818 2.98558262152068E-4
3727 2.98558262152068E-4
3726 2.98558262152068E-4
4322 2.98558262152068E-4
4323 2.98558262152068E-4
5747 2.98558262152068E-4
5670 2.98558262152068E-4
5610 2.98558262152068E-4
5493 2.98558262152068E-4
5313 2.98558262152068E-4
5294 2.98558262152068E-4
5293 2.98558262152068E-4
5291 2.98558262152068E-4
3669 2.98558262152068E-4
4547 2.98558262152068E-4
4436 2.98558262152068E-4
3725 2.98558262152068E-4
