1366 0.300597116524304
442913 0.3
7157 0.0500580729192161
672 0.0336043258283559
675 0.0156908300992318
7422 0.0136009222641673
94025 0.0109138979047987
5241 0.0101840235856668
1956 0.00852543180758218
2064 0.00852543180758218
2067 0.00822687354543012
5290 0.00792831528327805
1029 0.00733119875897391
5743 0.00703264049682184
4077 0.00686684002949756
3481 0.00673408223466978
1026 0.00673408223466978
2099 0.00643552397251771
5728 0.00613696571036564
1950 0.00583840744821357
3569 0.00583840744821357
367 0.00553984918606151
673 0.00553984918606151
595 0.00553984918606151
1594 0.00524129092390944
7421 0.00524129092390944
4292 0.00494273266175737
4582 0.0046441743996053
3586 0.0046441743996053
2100 0.0046441743996053
3630 0.0046441743996053
7124 0.00434561613745324
3265 0.00434561613745324
4436 0.00434561613745324
142 0.00434561613745324
3486 0.00434561613745324
3479 0.00434561613745324
2071 0.00404705787530117
7040 0.00404705787530117
11012 0.00404705787530117
5893 0.00404705787530117
1499 0.00404705787530117
2068 0.00404705787530117
5888 0.00404705787530117
1786 0.00404705787530117
3606 0.00404705787530117
1027 0.00404705787530117
2101 0.00404705787530117
4193 0.00404705787530117
3845 0.00388125740797688
2072 0.0037484996131491
5742 0.0037484996131491
3480 0.0037484996131491
3484 0.0037484996131491
3485 0.0037484996131491
1869 0.0037484996131491
3383 0.0037484996131491
6462 0.0037484996131491
1312 0.0037484996131491
1028 0.0037484996131491
3643 0.0037484996131491
2033 0.0037484996131491
3623 0.0037484996131491
1788 0.0037484996131491
898 0.0037484996131491
5655 0.0037484996131491
1719 0.0037484996131491
7517 0.0037484996131491
7799 0.0037484996131491
4437 0.0037484996131491
4118 0.0037484996131491
4153 0.0037484996131491
3065 0.0037484996131491
208 0.0037484996131491
8202 0.0037484996131491
324 0.0037484996131491
269 0.0037484996131491
268 0.0037484996131491
7516 0.0037484996131491
1586 0.0037484996131491
2798 0.0037484996131491
2796 0.0037484996131491
90 0.0037484996131491
4683 0.0037484996131491
3973 0.0037484996131491
1588 0.00344994135099703
2547 0.00344994135099703
7515 0.00344994135099703
1787 0.00344994135099703
7520 0.00344994135099703
6298 0.00344994135099703
10011 0.00344994135099703
10038 0.00344994135099703
2690 0.00344994135099703
1647 0.00344994135099703
2175 0.00344994135099703
1643 0.00344994135099703
10111 0.00344994135099703
2797 0.00344994135099703
1789 0.00344994135099703
7518 0.00344994135099703
3626 0.00344994135099703
2162 0.00344994135099703
6716 0.00344994135099703
6915 0.00344994135099703
2177 0.00344994135099703
9156 0.00344994135099703
2052 0.00344994135099703
2176 0.00344994135099703
2074 0.00344994135099703
2153 0.00344994135099703
2147 0.00344994135099703
6916 0.00344994135099703
6715 0.00344994135099703
2178 0.00344994135099703
2188 0.00344994135099703
2517 0.00344994135099703
2488 0.00344994135099703
8204 0.00344994135099703
9611 0.00344994135099703
2956 0.00344994135099703
9540 0.00344994135099703
8648 0.00344994135099703
3066 0.00344994135099703
3070 0.00344994135099703
2189 0.00344994135099703
2073 0.00344994135099703
4843 0.00344994135099703
580 0.00344994135099703
5467 0.00344994135099703
59344 0.00344994135099703
5468 0.00344994135099703
4088 0.00344994135099703
3981 0.00344994135099703
3980 0.00344994135099703
54578 0.00344994135099703
3978 0.00344994135099703
51720 0.00344994135099703
29947 0.00344994135099703
5729 0.00344994135099703
5731 0.00344994135099703
571 0.00344994135099703
545 0.00344994135099703
4616 0.00344994135099703
92 0.00344994135099703
4524 0.00344994135099703
4438 0.00344994135099703
4361 0.00344994135099703
242 0.00344994135099703
247 0.00344994135099703
116151 0.00344994135099703
328 0.00344994135099703
83990 0.00344994135099703
80142 0.00344994135099703
472 0.00344994135099703
5378 0.00344994135099703
5733 0.00344994135099703
3624 0.00344994135099703
10800 0.00344994135099703
3554 0.00344994135099703
10912 0.00344994135099703
1576 0.00344994135099703
1571 0.00344994135099703
1559 0.00344994135099703
11200 0.00344994135099703
5395 0.00344994135099703
1241 0.00344994135099703
1111 0.00344994135099703
1577 0.00344994135099703
27030 0.00344994135099703
5740 0.00344994135099703
3482 0.00344994135099703
10752 0.00344994135099703
3625 0.00344994135099703
1551 0.00344994135099703
1558 0.00344994135099703
5243 0.00298558262152068
7248 0.00298558262152068
207 0.00298558262152068
5293 0.00238846609721654
2146 0.00238846609721654
5294 0.00238846609721654
1906 0.00238846609721654
3576 0.00238846609721654
5291 0.00238846609721654
27306 0.00208990783506447
960 0.00208990783506447
3702 0.00208990783506447
23158 0.00208990783506447
1909 0.00208990783506447
3342 0.00208990783506447
6581 0.00208990783506447
3791 0.00208990783506447
1678 0.00179134957291241
7298 0.00179134957291241
2348 0.00179134957291241
2952 0.00179134957291241
56996 0.00179134957291241
7490 0.00179134957291241
10406 0.00149279131076034
146 0.00149279131076034
2837 0.00149279131076034
4313 0.00149279131076034
857 0.00149279131076034
3611 0.00149279131076034
4018 0.00149279131076034
1437 0.00149279131076034
2944 0.00149279131076034
1244 0.00149279131076034
2492 0.00149279131076034
8170 0.00149279131076034
2896 0.00119423304860827
3897 0.00119423304860827
7015 0.00119423304860827
7096 0.00119423304860827
4597 0.00119423304860827
4803 0.00119423304860827
4360 0.00119423304860827
7428 0.00119423304860827
1435 0.00119423304860827
64699 0.00119423304860827
836 0.00119423304860827
331 0.00119423304860827
51014 0.00119423304860827
80781 0.00119423304860827
57626 0.00119423304860827
1890 0.00119423304860827
920 0.00119423304860827
1803 0.00119423304860827
1030 0.00119423304860827
1364 0.00119423304860827
3558 0.00119423304860827
100130958 0.00119423304860827
283120 0.00119423304860827
2321 0.00119423304860827
353376 0.00119423304860827
7852 0.00119423304860827
100302736 0.00119423304860827
2592 0.00119423304860827
5650 8.95674786456203E-4
941 8.95674786456203E-4
925 8.95674786456203E-4
3816 8.95674786456203E-4
4363 8.95674786456203E-4
1017 8.95674786456203E-4
23205 8.95674786456203E-4
1316 8.95674786456203E-4
5747 8.95674786456203E-4
11118 8.95674786456203E-4
4763 8.95674786456203E-4
11009 8.95674786456203E-4
50943 8.95674786456203E-4
5715 8.95674786456203E-4
4609 8.95674786456203E-4
216 8.95674786456203E-4
246100 8.95674786456203E-4
4790 8.95674786456203E-4
140690 8.95674786456203E-4
4513 8.95674786456203E-4
4318 8.95674786456203E-4
118429 8.95674786456203E-4
4312 8.95674786456203E-4
290 8.95674786456203E-4
133 8.95674786456203E-4
5062 8.95674786456203E-4
80316 8.95674786456203E-4
1191 8.95674786456203E-4
5423 8.95674786456203E-4
4323 8.95674786456203E-4
3559 8.95674786456203E-4
3429 8.95674786456203E-4
1806 8.95674786456203E-4
2950 8.95674786456203E-4
10232 8.95674786456203E-4
1969 8.95674786456203E-4
3135 8.95674786456203E-4
2248 8.95674786456203E-4
10534 8.95674786456203E-4
9077 8.95674786456203E-4
10855 8.95674786456203E-4
7430 8.95674786456203E-4
10671 8.95674786456203E-4
1485 8.95674786456203E-4
8842 5.97116524304135E-4
145624 5.97116524304135E-4
5175 5.97116524304135E-4
7161 5.97116524304135E-4
8731 5.97116524304135E-4
8682 5.97116524304135E-4
92140 5.97116524304135E-4
6790 5.97116524304135E-4
5319 5.97116524304135E-4
7039 5.97116524304135E-4
133482 5.97116524304135E-4
83478 5.97116524304135E-4
6928 5.97116524304135E-4
8856 5.97116524304135E-4
84692 5.97116524304135E-4
8996 5.97116524304135E-4
8538 5.97116524304135E-4
100507436 5.97116524304135E-4
4914 5.97116524304135E-4
7431 5.97116524304135E-4
4968 5.97116524304135E-4
7424 5.97116524304135E-4
4978 5.97116524304135E-4
100188776 5.97116524304135E-4
8163 5.97116524304135E-4
5054 5.97116524304135E-4
100133941 5.97116524304135E-4
8205 5.97116524304135E-4
5063 5.97116524304135E-4
8220 5.97116524304135E-4
8448 5.97116524304135E-4
8743 5.97116524304135E-4
5156 5.97116524304135E-4
373156 5.97116524304135E-4
5111 5.97116524304135E-4
6786 5.97116524304135E-4
5340 5.97116524304135E-4
23600 5.97116524304135E-4
10381 5.97116524304135E-4
25818 5.97116524304135E-4
6347 5.97116524304135E-4
10950 5.97116524304135E-4
29103 5.97116524304135E-4
9961 5.97116524304135E-4
9839 5.97116524304135E-4
23541 5.97116524304135E-4
10468 5.97116524304135E-4
5892 5.97116524304135E-4
6046 5.97116524304135E-4
11186 5.97116524304135E-4
11196 5.97116524304135E-4
10664 5.97116524304135E-4
11202 5.97116524304135E-4
22930 5.97116524304135E-4
23038 5.97116524304135E-4
51182 5.97116524304135E-4
51741 5.97116524304135E-4
56616 5.97116524304135E-4
5594 5.97116524304135E-4
56849 5.97116524304135E-4
60502 5.97116524304135E-4
9429 5.97116524304135E-4
9221 5.97116524304135E-4
79581 5.97116524304135E-4
79811 5.97116524304135E-4
5644 5.97116524304135E-4
27250 5.97116524304135E-4
5727 5.97116524304135E-4
6590 5.97116524304135E-4
51773 5.97116524304135E-4
5653 5.97116524304135E-4
6690 5.97116524304135E-4
53340 5.97116524304135E-4
54820 5.97116524304135E-4
55578 5.97116524304135E-4
5934 5.97116524304135E-4
3458 5.97116524304135E-4
2354 5.97116524304135E-4
3732 5.97116524304135E-4
3052 5.97116524304135E-4
1440 5.97116524304135E-4
3925 5.97116524304135E-4
2272 5.97116524304135E-4
2768 5.97116524304135E-4
1493 5.97116524304135E-4
4012 5.97116524304135E-4
1019 5.97116524304135E-4
847 5.97116524304135E-4
1495 5.97116524304135E-4
3082 5.97116524304135E-4
2152 5.97116524304135E-4
1436 5.97116524304135E-4
3669 5.97116524304135E-4
2810 5.97116524304135E-4
596 5.97116524304135E-4
2247 5.97116524304135E-4
2551 5.97116524304135E-4
581 5.97116524304135E-4
1317 5.97116524304135E-4
1318 5.97116524304135E-4
2852 5.97116524304135E-4
3557 5.97116524304135E-4
1365 5.97116524304135E-4
2523 5.97116524304135E-4
683 5.97116524304135E-4
2922 5.97116524304135E-4
1401 5.97116524304135E-4
3091 5.97116524304135E-4
4089 5.97116524304135E-4
3921 5.97116524304135E-4
2118 5.97116524304135E-4
1601 5.97116524304135E-4
1843 5.97116524304135E-4
2048 5.97116524304135E-4
958 5.97116524304135E-4
2022 5.97116524304135E-4
3126 5.97116524304135E-4
174 5.97116524304135E-4
3196 5.97116524304135E-4
4706 5.97116524304135E-4
4780 5.97116524304135E-4
2011 5.97116524304135E-4
3133 5.97116524304135E-4
940 5.97116524304135E-4
2119 5.97116524304135E-4
894 5.97116524304135E-4
4194 5.97116524304135E-4
864 5.97116524304135E-4
2191 5.97116524304135E-4
4233 5.97116524304135E-4
2149 5.97116524304135E-4
811 5.97116524304135E-4
3240 5.97116524304135E-4
1116 2.98558262152068E-4
26003 2.98558262152068E-4
25782 2.98558262152068E-4
967 2.98558262152068E-4
27319 2.98558262152068E-4
23024 2.98558262152068E-4
1119 2.98558262152068E-4
28982 2.98558262152068E-4
27123 2.98558262152068E-4
1032 2.98558262152068E-4
25996 2.98558262152068E-4
1021 2.98558262152068E-4
27242 2.98558262152068E-4
961 2.98558262152068E-4
26298 2.98558262152068E-4
26135 2.98558262152068E-4
23552 2.98558262152068E-4
23566 2.98558262152068E-4
23479 2.98558262152068E-4
23512 2.98558262152068E-4
1031 2.98558262152068E-4
23405 2.98558262152068E-4
22882 2.98558262152068E-4
11315 2.98558262152068E-4
1634 2.98558262152068E-4
10128 2.98558262152068E-4
1630 2.98558262152068E-4
10249 2.98558262152068E-4
1801 2.98558262152068E-4
1543 2.98558262152068E-4
10413 2.98558262152068E-4
151393 2.98558262152068E-4
1796 2.98558262152068E-4
10036 2.98558262152068E-4
9734 2.98558262152068E-4
9817 2.98558262152068E-4
1844 2.98558262152068E-4
9842 2.98558262152068E-4
9928 2.98558262152068E-4
10007 2.98558262152068E-4
10016 2.98558262152068E-4
10018 2.98558262152068E-4
10419 2.98558262152068E-4
10462 2.98558262152068E-4
1378 2.98558262152068E-4
11043 2.98558262152068E-4
11113 2.98558262152068E-4
1363 2.98558262152068E-4
11119 2.98558262152068E-4
1152 2.98558262152068E-4
1490 2.98558262152068E-4
11214 2.98558262152068E-4
1384 2.98558262152068E-4
10923 2.98558262152068E-4
10519 2.98558262152068E-4
10524 2.98558262152068E-4
10569 2.98558262152068E-4
10573 2.98558262152068E-4
1488 2.98558262152068E-4
10734 2.98558262152068E-4
8869 2.98558262152068E-4
1434 2.98558262152068E-4
9646 2.98558262152068E-4
79947 2.98558262152068E-4
354 2.98558262152068E-4
307 2.98558262152068E-4
112476 2.98558262152068E-4
112939 2.98558262152068E-4
114609 2.98558262152068E-4
284 2.98558262152068E-4
283 2.98558262152068E-4
250 2.98558262152068E-4
135250 2.98558262152068E-4
248 2.98558262152068E-4
89782 2.98558262152068E-4
355 2.98558262152068E-4
445 2.98558262152068E-4
420 2.98558262152068E-4
408 2.98558262152068E-4
81037 2.98558262152068E-4
389 2.98558262152068E-4
362 2.98558262152068E-4
84000 2.98558262152068E-4
84061 2.98558262152068E-4
84072 2.98558262152068E-4
84557 2.98558262152068E-4
140885 2.98558262152068E-4
238 2.98558262152068E-4
406883 2.98558262152068E-4
177 2.98558262152068E-4
450093 2.98558262152068E-4
728458 2.98558262152068E-4
729230 2.98558262152068E-4
117 2.98558262152068E-4
81 2.98558262152068E-4
52 2.98558262152068E-4
25 2.98558262152068E-4
101060233 2.98558262152068E-4
389421 2.98558262152068E-4
389136 2.98558262152068E-4
148479 2.98558262152068E-4
151056 2.98558262152068E-4
155465 2.98558262152068E-4
168400 2.98558262152068E-4
201176 2.98558262152068E-4
231 2.98558262152068E-4
214 2.98558262152068E-4
287015 2.98558262152068E-4
196 2.98558262152068E-4
185 2.98558262152068E-4
101669765 2.98558262152068E-4
29086 2.98558262152068E-4
51430 2.98558262152068E-4
51435 2.98558262152068E-4
51455 2.98558262152068E-4
861 2.98558262152068E-4
841 2.98558262152068E-4
835 2.98558262152068E-4
54514 2.98558262152068E-4
799 2.98558262152068E-4
54875 2.98558262152068E-4
55177 2.98558262152068E-4
51144 2.98558262152068E-4
51115 2.98558262152068E-4
916 2.98558262152068E-4
29107 2.98558262152068E-4
29108 2.98558262152068E-4
896 2.98558262152068E-4
30848 2.98558262152068E-4
30849 2.98558262152068E-4
50818 2.98558262152068E-4
51008 2.98558262152068E-4
9212 2.98558262152068E-4
51053 2.98558262152068E-4
55249 2.98558262152068E-4
55540 2.98558262152068E-4
57591 2.98558262152068E-4
58155 2.98558262152068E-4
594 2.98558262152068E-4
64210 2.98558262152068E-4
540 2.98558262152068E-4
64866 2.98558262152068E-4
65211 2.98558262152068E-4
79447 2.98558262152068E-4
482 2.98558262152068E-4
79679 2.98558262152068E-4
57508 2.98558262152068E-4
57026 2.98558262152068E-4
55554 2.98558262152068E-4
796 2.98558262152068E-4
55638 2.98558262152068E-4
55655 2.98558262152068E-4
695 2.98558262152068E-4
56648 2.98558262152068E-4
56649 2.98558262152068E-4
56652 2.98558262152068E-4
56667 2.98558262152068E-4
645 2.98558262152068E-4
475 2.98558262152068E-4
3600 2.98558262152068E-4
5970 2.98558262152068E-4
5979 2.98558262152068E-4
5981 2.98558262152068E-4
3552 2.98558262152068E-4
6080 2.98558262152068E-4
6196 2.98558262152068E-4
6271 2.98558262152068E-4
6277 2.98558262152068E-4
6287 2.98558262152068E-4
3553 2.98558262152068E-4
5920 2.98558262152068E-4
3596 2.98558262152068E-4
3589 2.98558262152068E-4
5770 2.98558262152068E-4
5777 2.98558262152068E-4
5786 2.98558262152068E-4
3579 2.98558262152068E-4
5891 2.98558262152068E-4
3572 2.98558262152068E-4
5894 2.98558262152068E-4
6288 2.98558262152068E-4
6297 2.98558262152068E-4
6317 2.98558262152068E-4
6573 2.98558262152068E-4
3375 2.98558262152068E-4
3373 2.98558262152068E-4
6647 2.98558262152068E-4
6657 2.98558262152068E-4
6664 2.98558262152068E-4
6667 2.98558262152068E-4
6670 2.98558262152068E-4
6677 2.98558262152068E-4
6517 2.98558262152068E-4
6470 2.98558262152068E-4
6323 2.98558262152068E-4
3447 2.98558262152068E-4
6376 2.98558262152068E-4
6382 2.98558262152068E-4
6387 2.98558262152068E-4
6416 2.98558262152068E-4
6424 2.98558262152068E-4
6428 2.98558262152068E-4
3439 2.98558262152068E-4
6678 2.98558262152068E-4
4804 2.98558262152068E-4
4485 2.98558262152068E-4
4477 2.98558262152068E-4
5159 2.98558262152068E-4
4353 2.98558262152068E-4
4342 2.98558262152068E-4
4324 2.98558262152068E-4
5245 2.98558262152068E-4
5268 2.98558262152068E-4
4316 2.98558262152068E-4
4583 2.98558262152068E-4
4586 2.98558262152068E-4
4810 2.98558262152068E-4
4827 2.98558262152068E-4
4792 2.98558262152068E-4
4893 2.98558262152068E-4
4641 2.98558262152068E-4
5020 2.98558262152068E-4
5021 2.98558262152068E-4
4601 2.98558262152068E-4
5058 2.98558262152068E-4
4282 2.98558262152068E-4
4170 2.98558262152068E-4
5320 2.98558262152068E-4
5645 2.98558262152068E-4
4009 2.98558262152068E-4
3956 2.98558262152068E-4
5654 2.98558262152068E-4
3952 2.98558262152068E-4
5725 2.98558262152068E-4
3918 2.98558262152068E-4
3685 2.98558262152068E-4
3678 2.98558262152068E-4
5624 2.98558262152068E-4
4035 2.98558262152068E-4
5321 2.98558262152068E-4
4099 2.98558262152068E-4
5345 2.98558262152068E-4
4087 2.98558262152068E-4
4085 2.98558262152068E-4
4080 2.98558262152068E-4
4060 2.98558262152068E-4
5502 2.98558262152068E-4
5585 2.98558262152068E-4
5738 2.98558262152068E-4
2528 2.98558262152068E-4
2516 2.98558262152068E-4
2352 2.98558262152068E-4
2335 2.98558262152068E-4
2288 2.98558262152068E-4
2264 2.98558262152068E-4
8490 2.98558262152068E-4
8518 2.98558262152068E-4
2263 2.98558262152068E-4
8624 2.98558262152068E-4
8091 2.98558262152068E-4
8050 2.98558262152068E-4
7528 2.98558262152068E-4
7534 2.98558262152068E-4
7546 2.98558262152068E-4
2527 2.98558262152068E-4
7837 2.98558262152068E-4
7849 2.98558262152068E-4
7965 2.98558262152068E-4
8038 2.98558262152068E-4
8045 2.98558262152068E-4
19 2.98558262152068E-4
8661 2.98558262152068E-4
8678 2.98558262152068E-4
9055 2.98558262152068E-4
9111 2.98558262152068E-4
9170 2.98558262152068E-4
2019 2.98558262152068E-4
9372 2.98558262152068E-4
9373 2.98558262152068E-4
9469 2.98558262152068E-4
1942 2.98558262152068E-4
1889 2.98558262152068E-4
8936 2.98558262152068E-4
8874 2.98558262152068E-4
2194 2.98558262152068E-4
8771 2.98558262152068E-4
8794 2.98558262152068E-4
8829 2.98558262152068E-4
8841 2.98558262152068E-4
8846 2.98558262152068E-4
8852 2.98558262152068E-4
2122 2.98558262152068E-4
4793 2.98558262152068E-4
9622 2.98558262152068E-4
3329 2.98558262152068E-4
3161 2.98558262152068E-4
6992 2.98558262152068E-4
7001 2.98558262152068E-4
3146 2.98558262152068E-4
7033 2.98558262152068E-4
7035 2.98558262152068E-4
7042 2.98558262152068E-4
7045 2.98558262152068E-4
7048 2.98558262152068E-4
6927 2.98558262152068E-4
3201 2.98558262152068E-4
6692 2.98558262152068E-4
3250 2.98558262152068E-4
6732 2.98558262152068E-4
6768 2.98558262152068E-4
6776 2.98558262152068E-4
6777 2.98558262152068E-4
3206 2.98558262152068E-4
3205 2.98558262152068E-4
6868 2.98558262152068E-4
7049 2.98558262152068E-4
7052 2.98558262152068E-4
7057 2.98558262152068E-4
2919 2.98558262152068E-4
2908 2.98558262152068E-4
7423 2.98558262152068E-4
2829 2.98558262152068E-4
2821 2.98558262152068E-4
7448 2.98558262152068E-4
2778 2.98558262152068E-4
7498 2.98558262152068E-4
2719 2.98558262152068E-4
7415 2.98558262152068E-4
7386 2.98558262152068E-4
7058 2.98558262152068E-4
7077 2.98558262152068E-4
3083 2.98558262152068E-4
7153 2.98558262152068E-4
7158 2.98558262152068E-4
3077 2.98558262152068E-4
7202 2.98558262152068E-4
7251 2.98558262152068E-4
7294 2.98558262152068E-4
2652 2.98558262152068E-4
