7157 0.0501577880415474
324 0.0238846609721654
5743 0.0179134957291241
3845 0.0161221461562117
1956 0.0146293548454513
5624 0.013435121796843
7422 0.0128380052725389
4292 0.0125394470103868
4360 0.0125394470103868
1048 0.0110466556996265
673 0.0092553061267141
168400 0.00865818960240996
8842 0.00835963134025789
4436 0.00806107307810583
4524 0.00806107307810583
7298 0.00776251481595376
960 0.00626972350519342
1738 0.00597116524304135
60343 0.00597116524304135
197257 0.00597116524304135
2944 0.00567260698088929
5243 0.00567260698088929
1594 0.00537404871873722
1029 0.00507549045658515
4513 0.00507549045658515
7421 0.00507549045658515
8743 0.00507549045658515
1630 0.00477693219443308
3958 0.00447837393228102
5468 0.00447837393228102
595 0.00417981567012895
1950 0.00417981567012895
3576 0.00417981567012895
23158 0.00417981567012895
3569 0.00388125740797688
4316 0.00388125740797688
29974 0.00388125740797688
387569 0.00388125740797688
7015 0.00358269914582481
7040 0.00358269914582481
925 0.00328414088367274
3481 0.00328414088367274
10 0.00298558262152068
1026 0.00298558262152068
2520 0.00298558262152068
4318 0.00298558262152068
4583 0.00298558262152068
5290 0.00298558262152068
7124 0.00298558262152068
7248 0.00298558262152068
79612 0.00298558262152068
81539 0.00298558262152068
672 0.00268702435936861
1084 0.00268702435936861
1087 0.00268702435936861
2100 0.00268702435936861
2956 0.00268702435936861
3133 0.00268702435936861
3558 0.00268702435936861
3630 0.00268702435936861
4595 0.00268702435936861
4790 0.00268702435936861
5467 0.00268702435936861
5670 0.00268702435936861
5728 0.00268702435936861
6581 0.00268702435936861
6774 0.00268702435936861
346389 0.00268702435936861
846 0.00238846609721654
1280 0.00238846609721654
1869 0.00238846609721654
2099 0.00238846609721654
2152 0.00238846609721654
3172 0.00238846609721654
3479 0.00238846609721654
3702 0.00238846609721654
3952 0.00238846609721654
4072 0.00238846609721654
4313 0.00238846609721654
6615 0.00238846609721654
54474 0.00238846609721654
56996 0.00238846609721654
331 0.00208990783506447
675 0.00208990783506447
920 0.00208990783506447
1045 0.00208990783506447
2335 0.00208990783506447
3082 0.00208990783506447
4582 0.00208990783506447
4953 0.00208990783506447
4968 0.00208990783506447
5395 0.00208990783506447
5747 0.00208990783506447
7076 0.00208990783506447
9314 0.00208990783506447
581 0.00179134957291241
2264 0.00179134957291241
2837 0.00179134957291241
3265 0.00179134957291241
3490 0.00179134957291241
3586 0.00179134957291241
3732 0.00179134957291241
5111 0.00179134957291241
5291 0.00179134957291241
5293 0.00179134957291241
5294 0.00179134957291241
5594 0.00179134957291241
6275 0.00179134957291241
6528 0.00179134957291241
6696 0.00179134957291241
7048 0.00179134957291241
7099 0.00179134957291241
8170 0.00179134957291241
51176 0.00179134957291241
57026 0.00179134957291241
133482 0.00179134957291241
373156 0.00179134957291241
207 0.00149279131076034
410 0.00149279131076034
667 0.00149279131076034
857 0.00149279131076034
1351 0.00149279131076034
1634 0.00149279131076034
1789 0.00149279131076034
2720 0.00149279131076034
2952 0.00149279131076034
2984 0.00149279131076034
3126 0.00149279131076034
3248 0.00149279131076034
3315 0.00149279131076034
3458 0.00149279131076034
3480 0.00149279131076034
4089 0.00149279131076034
4295 0.00149279131076034
4312 0.00149279131076034
4437 0.00149279131076034
4512 0.00149279131076034
4609 0.00149279131076034
5340 0.00149279131076034
6934 0.00149279131076034
7057 0.00149279131076034
7515 0.00149279131076034
8795 0.00149279131076034
8829 0.00149279131076034
8856 0.00149279131076034
10855 0.00149279131076034
27352 0.00149279131076034
160728 0.00149279131076034
142 0.00119423304860827
240 0.00119423304860827
887 0.00119423304860827
1022 0.00119423304860827
1024 0.00119423304860827
1089 0.00119423304860827
1191 0.00119423304860827
1371 0.00119423304860827
1728 0.00119423304860827
1806 0.00119423304860827
1890 0.00119423304860827
1991 0.00119423304860827
2048 0.00119423304860827
2068 0.00119423304860827
2247 0.00119423304860827
2810 0.00119423304860827
3091 0.00119423304860827
3308 0.00119423304860827
3309 0.00119423304860827
3316 0.00119423304860827
3342 0.00119423304860827
3565 0.00119423304860827
4018 0.00119423304860827
4163 0.00119423304860827
4193 0.00119423304860827
5328 0.00119423304860827
5465 0.00119423304860827
5742 0.00119423304860827
5795 0.00119423304860827
6480 0.00119423304860827
6714 0.00119423304860827
6794 0.00119423304860827
8988 0.00119423304860827
9377 0.00119423304860827
11156 0.00119423304860827
11200 0.00119423304860827
50616 0.00119423304860827
50943 0.00119423304860827
51754 0.00119423304860827
54739 0.00119423304860827
80381 0.00119423304860827
80781 0.00119423304860827
81839 0.00119423304860827
266790 0.00119423304860827
52 8.95674786456203E-4
146 8.95674786456203E-4
246 8.95674786456203E-4
328 8.95674786456203E-4
367 8.95674786456203E-4
374 8.95674786456203E-4
657 8.95674786456203E-4
811 8.95674786456203E-4
841 8.95674786456203E-4
873 8.95674786456203E-4
928 8.95674786456203E-4
1056 8.95674786456203E-4
1401 8.95674786456203E-4
1429 8.95674786456203E-4
1432 8.95674786456203E-4
1500 8.95674786456203E-4
1591 8.95674786456203E-4
1786 8.95674786456203E-4
1906 8.95674786456203E-4
2046 8.95674786456203E-4
2064 8.95674786456203E-4
2191 8.95674786456203E-4
2272 8.95674786456203E-4
2353 8.95674786456203E-4
2735 8.95674786456203E-4
2922 8.95674786456203E-4
2950 8.95674786456203E-4
2980 8.95674786456203E-4
2981 8.95674786456203E-4
3066 8.95674786456203E-4
3105 8.95674786456203E-4
3146 8.95674786456203E-4
3320 8.95674786456203E-4
3553 8.95674786456203E-4
3579 8.95674786456203E-4
3606 8.95674786456203E-4
3725 8.95674786456203E-4
3791 8.95674786456203E-4
4092 8.95674786456203E-4
4144 8.95674786456203E-4
4233 8.95674786456203E-4
4323 8.95674786456203E-4
4548 8.95674786456203E-4
4680 8.95674786456203E-4
4763 8.95674786456203E-4
4843 8.95674786456203E-4
4922 8.95674786456203E-4
5074 8.95674786456203E-4
5122 8.95674786456203E-4
5315 8.95674786456203E-4
5423 8.95674786456203E-4
5598 8.95674786456203E-4
5653 8.95674786456203E-4
5744 8.95674786456203E-4
6286 8.95674786456203E-4
6401 8.95674786456203E-4
6573 8.95674786456203E-4
6925 8.95674786456203E-4
6997 8.95674786456203E-4
7014 8.95674786456203E-4
7046 8.95674786456203E-4
7114 8.95674786456203E-4
7528 8.95674786456203E-4
7764 8.95674786456203E-4
7832 8.95674786456203E-4
7852 8.95674786456203E-4
8720 8.95674786456203E-4
8996 8.95674786456203E-4
9170 8.95674786456203E-4
9423 8.95674786456203E-4
9429 8.95674786456203E-4
9519 8.95674786456203E-4
9940 8.95674786456203E-4
10083 8.95674786456203E-4
10120 8.95674786456203E-4
10223 8.95674786456203E-4
10410 8.95674786456203E-4
10413 8.95674786456203E-4
10879 8.95674786456203E-4
11146 8.95674786456203E-4
23028 8.95674786456203E-4
23239 8.95674786456203E-4
23328 8.95674786456203E-4
23411 8.95674786456203E-4
25996 8.95674786456203E-4
27306 8.95674786456203E-4
27319 8.95674786456203E-4
53342 8.95674786456203E-4
54658 8.95674786456203E-4
54905 8.95674786456203E-4
55511 8.95674786456203E-4
55743 8.95674786456203E-4
56994 8.95674786456203E-4
57332 8.95674786456203E-4
64127 8.95674786456203E-4
65125 8.95674786456203E-4
79947 8.95674786456203E-4
283120 8.95674786456203E-4
339221 8.95674786456203E-4
727738 8.95674786456203E-4
133 5.97116524304135E-4
174 5.97116524304135E-4
190 5.97116524304135E-4
231 5.97116524304135E-4
284 5.97116524304135E-4
330 5.97116524304135E-4
348 5.97116524304135E-4
493 5.97116524304135E-4
567 5.97116524304135E-4
652 5.97116524304135E-4
682 5.97116524304135E-4
768 5.97116524304135E-4
794 5.97116524304135E-4
796 5.97116524304135E-4
799 5.97116524304135E-4
820 5.97116524304135E-4
836 5.97116524304135E-4
847 5.97116524304135E-4
864 5.97116524304135E-4
875 5.97116524304135E-4
891 5.97116524304135E-4
909 5.97116524304135E-4
910 5.97116524304135E-4
911 5.97116524304135E-4
921 5.97116524304135E-4
948 5.97116524304135E-4
959 5.97116524304135E-4
983 5.97116524304135E-4
999 5.97116524304135E-4
1017 5.97116524304135E-4
1019 5.97116524304135E-4
1027 5.97116524304135E-4
1030 5.97116524304135E-4
1044 5.97116524304135E-4
1075 5.97116524304135E-4
1152 5.97116524304135E-4
1312 5.97116524304135E-4
1378 5.97116524304135E-4
1384 5.97116524304135E-4
1398 5.97116524304135E-4
1437 5.97116524304135E-4
1499 5.97116524304135E-4
1544 5.97116524304135E-4
1565 5.97116524304135E-4
1576 5.97116524304135E-4
1647 5.97116524304135E-4
1674 5.97116524304135E-4
1719 5.97116524304135E-4
1874 5.97116524304135E-4
1917 5.97116524304135E-4
1948 5.97116524304135E-4
2065 5.97116524304135E-4
2067 5.97116524304135E-4
2182 5.97116524304135E-4
2194 5.97116524304135E-4
2274 5.97116524304135E-4
2309 5.97116524304135E-4
2354 5.97116524304135E-4
2356 5.97116524304135E-4
2526 5.97116524304135E-4
2627 5.97116524304135E-4
2833 5.97116524304135E-4
2908 5.97116524304135E-4
2919 5.97116524304135E-4
3038 5.97116524304135E-4
3065 5.97116524304135E-4
3099 5.97116524304135E-4
3106 5.97116524304135E-4
3159 5.97116524304135E-4
3161 5.97116524304135E-4
3162 5.97116524304135E-4
3276 5.97116524304135E-4
3371 5.97116524304135E-4
3381 5.97116524304135E-4
3383 5.97116524304135E-4
3485 5.97116524304135E-4
3600 5.97116524304135E-4
3605 5.97116524304135E-4
3620 5.97116524304135E-4
3678 5.97116524304135E-4
3726 5.97116524304135E-4
3727 5.97116524304135E-4
3730 5.97116524304135E-4
3880 5.97116524304135E-4
3897 5.97116524304135E-4
3959 5.97116524304135E-4
4183 5.97116524304135E-4
4184 5.97116524304135E-4
4192 5.97116524304135E-4
4194 5.97116524304135E-4
4282 5.97116524304135E-4
4363 5.97116524304135E-4
4552 5.97116524304135E-4
4709 5.97116524304135E-4
4760 5.97116524304135E-4
4923 5.97116524304135E-4
5053 5.97116524304135E-4
5054 5.97116524304135E-4
5058 5.97116524304135E-4
5068 5.97116524304135E-4
5133 5.97116524304135E-4
5176 5.97116524304135E-4
5284 5.97116524304135E-4
5347 5.97116524304135E-4
5371 5.97116524304135E-4
5378 5.97116524304135E-4
5479 5.97116524304135E-4
5524 5.97116524304135E-4
5595 5.97116524304135E-4
5629 5.97116524304135E-4
5650 5.97116524304135E-4
5669 5.97116524304135E-4
5734 5.97116524304135E-4
5753 5.97116524304135E-4
5783 5.97116524304135E-4
5894 5.97116524304135E-4
5925 5.97116524304135E-4
5981 5.97116524304135E-4
6093 5.97116524304135E-4
6139 5.97116524304135E-4
6256 5.97116524304135E-4
6288 5.97116524304135E-4
6303 5.97116524304135E-4
6347 5.97116524304135E-4
6352 5.97116524304135E-4
6366 5.97116524304135E-4
6376 5.97116524304135E-4
6387 5.97116524304135E-4
6404 5.97116524304135E-4
6414 5.97116524304135E-4
6421 5.97116524304135E-4
6513 5.97116524304135E-4
6535 5.97116524304135E-4
6588 5.97116524304135E-4
6596 5.97116524304135E-4
6622 5.97116524304135E-4
6667 5.97116524304135E-4
6690 5.97116524304135E-4
6750 5.97116524304135E-4
6783 5.97116524304135E-4
6898 5.97116524304135E-4
6998 5.97116524304135E-4
7039 5.97116524304135E-4
7052 5.97116524304135E-4
7077 5.97116524304135E-4
7126 5.97116524304135E-4
7150 5.97116524304135E-4
7184 5.97116524304135E-4
7349 5.97116524304135E-4
7351 5.97116524304135E-4
7368 5.97116524304135E-4
7374 5.97116524304135E-4
7424 5.97116524304135E-4
7430 5.97116524304135E-4
7431 5.97116524304135E-4
7874 5.97116524304135E-4
7965 5.97116524304135E-4
7982 5.97116524304135E-4
8505 5.97116524304135E-4
8655 5.97116524304135E-4
8731 5.97116524304135E-4
8837 5.97116524304135E-4
8841 5.97116524304135E-4
8877 5.97116524304135E-4
9075 5.97116524304135E-4
9126 5.97116524304135E-4
9180 5.97116524304135E-4
9235 5.97116524304135E-4
9242 5.97116524304135E-4
9344 5.97116524304135E-4
9370 5.97116524304135E-4
9402 5.97116524304135E-4
9610 5.97116524304135E-4
9734 5.97116524304135E-4
9825 5.97116524304135E-4
9961 5.97116524304135E-4
9971 5.97116524304135E-4
9982 5.97116524304135E-4
10058 5.97116524304135E-4
10103 5.97116524304135E-4
10249 5.97116524304135E-4
10383 5.97116524304135E-4
10395 5.97116524304135E-4
10399 5.97116524304135E-4
10404 5.97116524304135E-4
10524 5.97116524304135E-4
10581 5.97116524304135E-4
10598 5.97116524304135E-4
11122 5.97116524304135E-4
22882 5.97116524304135E-4
23038 5.97116524304135E-4
23237 5.97116524304135E-4
23583 5.97116524304135E-4
23600 5.97116524304135E-4
23705 5.97116524304135E-4
25897 5.97116524304135E-4
26073 5.97116524304135E-4
26470 5.97116524304135E-4
28996 5.97116524304135E-4
29841 5.97116524304135E-4
29967 5.97116524304135E-4
43847 5.97116524304135E-4
51107 5.97116524304135E-4
51141 5.97116524304135E-4
51312 5.97116524304135E-4
51343 5.97116524304135E-4
51478 5.97116524304135E-4
51497 5.97116524304135E-4
54440 5.97116524304135E-4
54578 5.97116524304135E-4
55034 5.97116524304135E-4
55249 5.97116524304135E-4
55536 5.97116524304135E-4
55612 5.97116524304135E-4
57124 5.97116524304135E-4
57447 5.97116524304135E-4
57650 5.97116524304135E-4
65211 5.97116524304135E-4
79811 5.97116524304135E-4
79969 5.97116524304135E-4
83596 5.97116524304135E-4
93655 5.97116524304135E-4
199699 5.97116524304135E-4
406991 5.97116524304135E-4
692094 5.97116524304135E-4
100526842 5.97116524304135E-4
92 2.98558262152068E-4
191 2.98558262152068E-4
203 2.98558262152068E-4
283 2.98558262152068E-4
290 2.98558262152068E-4
309 2.98558262152068E-4
320 2.98558262152068E-4
321 2.98558262152068E-4
351 2.98558262152068E-4
353 2.98558262152068E-4
355 2.98558262152068E-4
356 2.98558262152068E-4
362 2.98558262152068E-4
444 2.98558262152068E-4
467 2.98558262152068E-4
491 2.98558262152068E-4
538 2.98558262152068E-4
545 2.98558262152068E-4
551 2.98558262152068E-4
560 2.98558262152068E-4
580 2.98558262152068E-4
607 2.98558262152068E-4
634 2.98558262152068E-4
643 2.98558262152068E-4
650 2.98558262152068E-4
658 2.98558262152068E-4
659 2.98558262152068E-4
688 2.98558262152068E-4
759 2.98558262152068E-4
761 2.98558262152068E-4
800 2.98558262152068E-4
834 2.98558262152068E-4
860 2.98558262152068E-4
885 2.98558262152068E-4
892 2.98558262152068E-4
967 2.98558262152068E-4
1021 2.98558262152068E-4
1025 2.98558262152068E-4
1051 2.98558262152068E-4
1068 2.98558262152068E-4
1072 2.98558262152068E-4
1080 2.98558262152068E-4
1234 2.98558262152068E-4
1285 2.98558262152068E-4
1326 2.98558262152068E-4
1421 2.98558262152068E-4
1435 2.98558262152068E-4
1445 2.98558262152068E-4
1452 2.98558262152068E-4
1464 2.98558262152068E-4
1473 2.98558262152068E-4
1508 2.98558262152068E-4
1525 2.98558262152068E-4
1543 2.98558262152068E-4
1581 2.98558262152068E-4
1586 2.98558262152068E-4
1633 2.98558262152068E-4
1636 2.98558262152068E-4
1649 2.98558262152068E-4
1655 2.98558262152068E-4
1669 2.98558262152068E-4
1676 2.98558262152068E-4
1678 2.98558262152068E-4
1687 2.98558262152068E-4
1742 2.98558262152068E-4
1785 2.98558262152068E-4
1800 2.98558262152068E-4
1803 2.98558262152068E-4
1902 2.98558262152068E-4
1907 2.98558262152068E-4
1908 2.98558262152068E-4
1934 2.98558262152068E-4
1936 2.98558262152068E-4
1954 2.98558262152068E-4
1958 2.98558262152068E-4
1969 2.98558262152068E-4
1999 2.98558262152068E-4
2000 2.98558262152068E-4
2011 2.98558262152068E-4
2022 2.98558262152068E-4
2023 2.98558262152068E-4
2034 2.98558262152068E-4
2066 2.98558262152068E-4
2070 2.98558262152068E-4
2101 2.98558262152068E-4
2113 2.98558262152068E-4
2150 2.98558262152068E-4
2203 2.98558262152068E-4
2207 2.98558262152068E-4
2232 2.98558262152068E-4
2235 2.98558262152068E-4
2263 2.98558262152068E-4
2305 2.98558262152068E-4
2358 2.98558262152068E-4
2494 2.98558262152068E-4
2523 2.98558262152068E-4
2524 2.98558262152068E-4
2626 2.98558262152068E-4
2697 2.98558262152068E-4
2736 2.98558262152068E-4
2762 2.98558262152068E-4
2771 2.98558262152068E-4
2821 2.98558262152068E-4
2876 2.98558262152068E-4
2877 2.98558262152068E-4
2903 2.98558262152068E-4
2932 2.98558262152068E-4
2934 2.98558262152068E-4
2946 2.98558262152068E-4
2969 2.98558262152068E-4
3054 2.98558262152068E-4
3060 2.98558262152068E-4
3061 2.98558262152068E-4
3074 2.98558262152068E-4
3075 2.98558262152068E-4
3092 2.98558262152068E-4
3111 2.98558262152068E-4
3119 2.98558262152068E-4
3158 2.98558262152068E-4
3164 2.98558262152068E-4
3170 2.98558262152068E-4
3175 2.98558262152068E-4
3185 2.98558262152068E-4
3291 2.98558262152068E-4
3294 2.98558262152068E-4
3329 2.98558262152068E-4
3376 2.98558262152068E-4
3397 2.98558262152068E-4
3399 2.98558262152068E-4
3425 2.98558262152068E-4
3439 2.98558262152068E-4
3447 2.98558262152068E-4
3456 2.98558262152068E-4
3562 2.98558262152068E-4
3570 2.98558262152068E-4
3577 2.98558262152068E-4
3604 2.98558262152068E-4
3611 2.98558262152068E-4
3659 2.98558262152068E-4
3667 2.98558262152068E-4
3718 2.98558262152068E-4
3752 2.98558262152068E-4
3835 2.98558262152068E-4
3930 2.98558262152068E-4
3932 2.98558262152068E-4
3939 2.98558262152068E-4
3945 2.98558262152068E-4
3953 2.98558262152068E-4
3956 2.98558262152068E-4
3976 2.98558262152068E-4
4015 2.98558262152068E-4
4026 2.98558262152068E-4
4051 2.98558262152068E-4
4059 2.98558262152068E-4
4060 2.98558262152068E-4
4082 2.98558262152068E-4
4153 2.98558262152068E-4
4170 2.98558262152068E-4
4210 2.98558262152068E-4
4232 2.98558262152068E-4
4246 2.98558262152068E-4
4306 2.98558262152068E-4
4311 2.98558262152068E-4
4359 2.98558262152068E-4
4440 2.98558262152068E-4
4507 2.98558262152068E-4
4514 2.98558262152068E-4
4521 2.98558262152068E-4
4584 2.98558262152068E-4
4586 2.98558262152068E-4
4594 2.98558262152068E-4
4627 2.98558262152068E-4
4670 2.98558262152068E-4
4684 2.98558262152068E-4
4713 2.98558262152068E-4
4771 2.98558262152068E-4
4811 2.98558262152068E-4
4904 2.98558262152068E-4
4915 2.98558262152068E-4
4920 2.98558262152068E-4
4929 2.98558262152068E-4
5008 2.98558262152068E-4
5034 2.98558262152068E-4
5047 2.98558262152068E-4
5052 2.98558262152068E-4
5159 2.98558262152068E-4
5163 2.98558262152068E-4
5170 2.98558262152068E-4
5175 2.98558262152068E-4
5209 2.98558262152068E-4
5228 2.98558262152068E-4
5230 2.98558262152068E-4
5242 2.98558262152068E-4
5295 2.98558262152068E-4
5320 2.98558262152068E-4
5321 2.98558262152068E-4
5329 2.98558262152068E-4
5376 2.98558262152068E-4
5519 2.98558262152068E-4
5551 2.98558262152068E-4
5579 2.98558262152068E-4
5592 2.98558262152068E-4
5604 2.98558262152068E-4
5608 2.98558262152068E-4
5644 2.98558262152068E-4
5649 2.98558262152068E-4
5696 2.98558262152068E-4
5697 2.98558262152068E-4
5706 2.98558262152068E-4
5725 2.98558262152068E-4
5733 2.98558262152068E-4
5754 2.98558262152068E-4
5774 2.98558262152068E-4
5793 2.98558262152068E-4
5830 2.98558262152068E-4
5901 2.98558262152068E-4
5903 2.98558262152068E-4
5915 2.98558262152068E-4
5940 2.98558262152068E-4
5979 2.98558262152068E-4
5987 2.98558262152068E-4
6048 2.98558262152068E-4
6060 2.98558262152068E-4
6156 2.98558262152068E-4
6159 2.98558262152068E-4
6175 2.98558262152068E-4
6176 2.98558262152068E-4
6198 2.98558262152068E-4
6223 2.98558262152068E-4
6240 2.98558262152068E-4
6241 2.98558262152068E-4
6280 2.98558262152068E-4
6287 2.98558262152068E-4
6300 2.98558262152068E-4
6317 2.98558262152068E-4
6331 2.98558262152068E-4
6375 2.98558262152068E-4
6383 2.98558262152068E-4
6389 2.98558262152068E-4
6402 2.98558262152068E-4
6403 2.98558262152068E-4
6470 2.98558262152068E-4
6476 2.98558262152068E-4
6477 2.98558262152068E-4
6514 2.98558262152068E-4
6515 2.98558262152068E-4
6517 2.98558262152068E-4
6522 2.98558262152068E-4
6594 2.98558262152068E-4
6608 2.98558262152068E-4
6609 2.98558262152068E-4
6624 2.98558262152068E-4
6642 2.98558262152068E-4
6662 2.98558262152068E-4
6670 2.98558262152068E-4
6678 2.98558262152068E-4
6711 2.98558262152068E-4
6737 2.98558262152068E-4
6744 2.98558262152068E-4
6767 2.98558262152068E-4
6778 2.98558262152068E-4
6781 2.98558262152068E-4
6790 2.98558262152068E-4
6868 2.98558262152068E-4
6876 2.98558262152068E-4
6890 2.98558262152068E-4
6910 2.98558262152068E-4
6927 2.98558262152068E-4
6932 2.98558262152068E-4
6935 2.98558262152068E-4
7042 2.98558262152068E-4
7043 2.98558262152068E-4
7049 2.98558262152068E-4
7063 2.98558262152068E-4
7078 2.98558262152068E-4
7082 2.98558262152068E-4
7097 2.98558262152068E-4
7098 2.98558262152068E-4
7100 2.98558262152068E-4
7103 2.98558262152068E-4
7123 2.98558262152068E-4
7161 2.98558262152068E-4
7178 2.98558262152068E-4
7180 2.98558262152068E-4
7186 2.98558262152068E-4
7217 2.98558262152068E-4
7220 2.98558262152068E-4
7280 2.98558262152068E-4
7294 2.98558262152068E-4
7296 2.98558262152068E-4
7299 2.98558262152068E-4
7306 2.98558262152068E-4
7355 2.98558262152068E-4
7405 2.98558262152068E-4
7415 2.98558262152068E-4
7428 2.98558262152068E-4
7433 2.98558262152068E-4
7450 2.98558262152068E-4
7468 2.98558262152068E-4
7474 2.98558262152068E-4
7490 2.98558262152068E-4
7534 2.98558262152068E-4
7538 2.98558262152068E-4
7545 2.98558262152068E-4
7791 2.98558262152068E-4
7851 2.98558262152068E-4
7913 2.98558262152068E-4
8102 2.98558262152068E-4
8434 2.98558262152068E-4
8446 2.98558262152068E-4
8487 2.98558262152068E-4
8498 2.98558262152068E-4
8507 2.98558262152068E-4
8518 2.98558262152068E-4
8549 2.98558262152068E-4
8553 2.98558262152068E-4
8572 2.98558262152068E-4
8573 2.98558262152068E-4
8607 2.98558262152068E-4
8633 2.98558262152068E-4
8660 2.98558262152068E-4
8718 2.98558262152068E-4
8740 2.98558262152068E-4
8742 2.98558262152068E-4
8771 2.98558262152068E-4
8793 2.98558262152068E-4
8797 2.98558262152068E-4
8814 2.98558262152068E-4
8850 2.98558262152068E-4
8863 2.98558262152068E-4
8905 2.98558262152068E-4
9021 2.98558262152068E-4
9055 2.98558262152068E-4
9057 2.98558262152068E-4
9147 2.98558262152068E-4
9169 2.98558262152068E-4
9212 2.98558262152068E-4
9351 2.98558262152068E-4
9451 2.98558262152068E-4
9531 2.98558262152068E-4
9555 2.98558262152068E-4
9805 2.98558262152068E-4
9839 2.98558262152068E-4
9869 2.98558262152068E-4
9965 2.98558262152068E-4
9968 2.98558262152068E-4
10007 2.98558262152068E-4
10010 2.98558262152068E-4
10014 2.98558262152068E-4
10016 2.98558262152068E-4
10018 2.98558262152068E-4
10178 2.98558262152068E-4
10252 2.98558262152068E-4
10253 2.98558262152068E-4
10287 2.98558262152068E-4
10309 2.98558262152068E-4
10370 2.98558262152068E-4
10376 2.98558262152068E-4
10397 2.98558262152068E-4
10459 2.98558262152068E-4
10481 2.98558262152068E-4
10521 2.98558262152068E-4
10537 2.98558262152068E-4
10569 2.98558262152068E-4
10587 2.98558262152068E-4
10599 2.98558262152068E-4
10642 2.98558262152068E-4
10657 2.98558262152068E-4
10682 2.98558262152068E-4
10687 2.98558262152068E-4
10714 2.98558262152068E-4
10732 2.98558262152068E-4
10752 2.98558262152068E-4
10801 2.98558262152068E-4
10874 2.98558262152068E-4
10891 2.98558262152068E-4
10927 2.98558262152068E-4
10993 2.98558262152068E-4
11004 2.98558262152068E-4
11009 2.98558262152068E-4
11034 2.98558262152068E-4
11074 2.98558262152068E-4
11093 2.98558262152068E-4
11126 2.98558262152068E-4
11197 2.98558262152068E-4
11199 2.98558262152068E-4
11222 2.98558262152068E-4
22854 2.98558262152068E-4
22900 2.98558262152068E-4
22914 2.98558262152068E-4
22933 2.98558262152068E-4
22943 2.98558262152068E-4
23059 2.98558262152068E-4
23152 2.98558262152068E-4
23205 2.98558262152068E-4
23451 2.98558262152068E-4
23476 2.98558262152068E-4
23481 2.98558262152068E-4
23492 2.98558262152068E-4
23524 2.98558262152068E-4
23541 2.98558262152068E-4
23543 2.98558262152068E-4
23552 2.98558262152068E-4
23677 2.98558262152068E-4
24144 2.98558262152068E-4
25788 2.98558262152068E-4
25797 2.98558262152068E-4
25803 2.98558262152068E-4
25937 2.98558262152068E-4
26151 2.98558262152068E-4
26614 2.98558262152068E-4
27034 2.98558262152068E-4
27035 2.98558262152068E-4
27044 2.98558262152068E-4
27101 2.98558262152068E-4
27113 2.98558262152068E-4
27121 2.98558262152068E-4
27198 2.98558262152068E-4
27241 2.98558262152068E-4
27303 2.98558262152068E-4
28234 2.98558262152068E-4
29843 2.98558262152068E-4
29901 2.98558262152068E-4
29991 2.98558262152068E-4
50639 2.98558262152068E-4
50818 2.98558262152068E-4
51119 2.98558262152068E-4
51150 2.98558262152068E-4
51182 2.98558262152068E-4
51230 2.98558262152068E-4
51249 2.98558262152068E-4
51339 2.98558262152068E-4
51430 2.98558262152068E-4
51534 2.98558262152068E-4
51599 2.98558262152068E-4
51701 2.98558262152068E-4
54386 2.98558262152068E-4
54498 2.98558262152068E-4
54504 2.98558262152068E-4
54512 2.98558262152068E-4
54567 2.98558262152068E-4
54741 2.98558262152068E-4
54825 2.98558262152068E-4
54860 2.98558262152068E-4
54861 2.98558262152068E-4
54894 2.98558262152068E-4
55353 2.98558262152068E-4
55502 2.98558262152068E-4
55636 2.98558262152068E-4
55660 2.98558262152068E-4
55704 2.98558262152068E-4
55714 2.98558262152068E-4
55872 2.98558262152068E-4
56005 2.98558262152068E-4
56164 2.98558262152068E-4
56616 2.98558262152068E-4
56667 2.98558262152068E-4
56902 2.98558262152068E-4
56937 2.98558262152068E-4
56963 2.98558262152068E-4
57188 2.98558262152068E-4
57215 2.98558262152068E-4
57448 2.98558262152068E-4
57459 2.98558262152068E-4
57520 2.98558262152068E-4
57634 2.98558262152068E-4
57692 2.98558262152068E-4
57703 2.98558262152068E-4
57823 2.98558262152068E-4
57876 2.98558262152068E-4
58478 2.98558262152068E-4
58506 2.98558262152068E-4
59271 2.98558262152068E-4
59352 2.98558262152068E-4
60500 2.98558262152068E-4
60529 2.98558262152068E-4
64063 2.98558262152068E-4
64283 2.98558262152068E-4
64285 2.98558262152068E-4
64386 2.98558262152068E-4
64399 2.98558262152068E-4
64400 2.98558262152068E-4
64854 2.98558262152068E-4
64866 2.98558262152068E-4
65059 2.98558262152068E-4
79297 2.98558262152068E-4
80279 2.98558262152068E-4
80317 2.98558262152068E-4
80774 2.98558262152068E-4
81792 2.98558262152068E-4
83661 2.98558262152068E-4
83719 2.98558262152068E-4
83756 2.98558262152068E-4
83878 2.98558262152068E-4
84224 2.98558262152068E-4
84260 2.98558262152068E-4
84549 2.98558262152068E-4
84654 2.98558262152068E-4
84687 2.98558262152068E-4
84864 2.98558262152068E-4
84951 2.98558262152068E-4
85458 2.98558262152068E-4
89874 2.98558262152068E-4
91544 2.98558262152068E-4
91833 2.98558262152068E-4
112476 2.98558262152068E-4
112744 2.98558262152068E-4
116179 2.98558262152068E-4
127074 2.98558262152068E-4
128360 2.98558262152068E-4
133522 2.98558262152068E-4
135250 2.98558262152068E-4
140453 2.98558262152068E-4
140628 2.98558262152068E-4
140690 2.98558262152068E-4
144195 2.98558262152068E-4
146279 2.98558262152068E-4
146712 2.98558262152068E-4
147495 2.98558262152068E-4
147719 2.98558262152068E-4
152503 2.98558262152068E-4
170689 2.98558262152068E-4
201254 2.98558262152068E-4
203068 2.98558262152068E-4
203074 2.98558262152068E-4
221400 2.98558262152068E-4
246778 2.98558262152068E-4
253260 2.98558262152068E-4
254042 2.98558262152068E-4
338442 2.98558262152068E-4
339345 2.98558262152068E-4
340075 2.98558262152068E-4
341276 2.98558262152068E-4
348995 2.98558262152068E-4
374907 2.98558262152068E-4
389421 2.98558262152068E-4
391104 2.98558262152068E-4
404663 2.98558262152068E-4
406919 2.98558262152068E-4
406947 2.98558262152068E-4
407014 2.98558262152068E-4
407040 2.98558262152068E-4
407977 2.98558262152068E-4
641648 2.98558262152068E-4
677775 2.98558262152068E-4
100133790 2.98558262152068E-4
100507056 2.98558262152068E-4
100528032 2.98558262152068E-4
100861412 2.98558262152068E-4
