324 0.309255306126714
3845 0.305075490456585
4595 0.301791349572912
3659 0.300597116524304
843 0.300298558262152
7031 0.105374048718737
3572 0.101194233048608
7157 0.063449941350997
999 0.0331399670988795
51343 0.0319457340502712
2064 0.0313486175259671
5743 0.0259745688072299
3553 0.0237519031773376
1956 0.0235861027100133
7422 0.0208990783506447
3586 0.0185436549259247
1029 0.0182120539912761
7124 0.0180792961964483
3557 0.0171836214099921
864 0.0140322383211472
2944 0.0137336800589951
7298 0.0128380052725389
4524 0.0122408887482348
1048 0.0119423304860827
2952 0.0116437722239306
3576 0.0110466556996265
6443 0.00895674786456203
4513 0.00835963134025789
5728 0.00806107307810583
3569 0.00776251481595376
8000 0.00776251481595376
2067 0.00762975702112598
1950 0.00746395655380169
2520 0.00746395655380169
4582 0.00746395655380169
7515 0.00746395655380169
3342 0.00716539829164962
4477 0.00716539829164962
4485 0.00716539829164962
595 0.00703264049682184
2950 0.00686684002949756
84000 0.00686684002949756
89782 0.00686684002949756
960 0.00656828176734549
7040 0.00656828176734549
4790 0.00626972350519342
5290 0.00626972350519342
7015 0.00626972350519342
27306 0.00626972350519342
1571 0.00597116524304135
1806 0.00597116524304135
2263 0.00597116524304135
5054 0.00597116524304135
4292 0.00567260698088929
5111 0.00567260698088929
4313 0.00537404871873722
4318 0.00537404871873722
5624 0.00537404871873722
1045 0.00507549045658515
2837 0.00507549045658515
4316 0.00507549045658515
5243 0.00507549045658515
6696 0.00507549045658515
6774 0.00507549045658515
8170 0.00507549045658515
133482 0.00507549045658515
373156 0.00507549045658515
4360 0.00477693219443308
7099 0.00477693219443308
7248 0.00477693219443308
3082 0.00447837393228102
5291 0.00447837393228102
5293 0.00447837393228102
5294 0.00447837393228102
6790 0.00434561613745324
182 0.00417981567012895
4233 0.00417981567012895
4609 0.00417981567012895
23158 0.00417981567012895
836 0.00388125740797688
3552 0.00388125740797688
4193 0.00388125740797688
7424 0.00388125740797688
10855 0.00388125740797688
11156 0.00388125740797688
54474 0.00388125740797688
3091 0.00358269914582481
3126 0.00358269914582481
3702 0.00358269914582481
4597 0.00358269914582481
6581 0.00358269914582481
7852 0.00358269914582481
8731 0.00358269914582481
10879 0.00358269914582481
79811 0.00358269914582481
174 0.00328414088367274
217 0.00328414088367274
1630 0.00328414088367274
2272 0.00328414088367274
3880 0.00328414088367274
4255 0.00328414088367274
4312 0.00328414088367274
4436 0.00328414088367274
5055 0.00328414088367274
7076 0.00328414088367274
672 0.00298558262152068
1026 0.00298558262152068
1543 0.00298558262152068
1612 0.00298558262152068
1890 0.00298558262152068
2048 0.00298558262152068
2068 0.00298558262152068
2946 0.00298558262152068
3265 0.00298558262152068
4968 0.00298558262152068
5468 0.00298558262152068
6469 0.00298558262152068
6667 0.00298558262152068
56287 0.00298558262152068
3558 0.00268702435936861
4049 0.00268702435936861
4583 0.00268702435936861
5328 0.00268702435936861
5594 0.00268702435936861
6387 0.00268702435936861
7032 0.00268702435936861
7077 0.00268702435936861
9260 0.00268702435936861
55511 0.00268702435936861
118429 0.00268702435936861
28 0.00238846609721654
52 0.00238846609721654
142 0.00238846609721654
328 0.00238846609721654
1015 0.00238846609721654
3105 0.00238846609721654
3481 0.00238846609721654
3605 0.00238846609721654
4586 0.00238846609721654
4588 0.00238846609721654
7057 0.00238846609721654
55743 0.00238846609721654
56996 0.00238846609721654
10 0.00208990783506447
207 0.00208990783506447
920 0.00208990783506447
929 0.00208990783506447
1499 0.00208990783506447
1636 0.00208990783506447
3383 0.00208990783506447
3565 0.00208990783506447
3630 0.00208990783506447
4695 0.00208990783506447
5595 0.00208990783506447
5669 0.00208990783506447
5781 0.00208990783506447
6750 0.00208990783506447
7517 0.00208990783506447
8743 0.00208990783506447
10562 0.00208990783506447
51208 0.00208990783506447
65125 0.00208990783506447
79612 0.00208990783506447
81539 0.00208990783506447
84152 0.00208990783506447
199699 0.00208990783506447
183 0.00179134957291241
355 0.00179134957291241
673 0.00179134957291241
675 0.00179134957291241
841 0.00179134957291241
887 0.00179134957291241
925 0.00179134957291241
958 0.00179134957291241
1364 0.00179134957291241
1869 0.00179134957291241
2099 0.00179134957291241
3172 0.00179134957291241
3479 0.00179134957291241
4323 0.00179134957291241
5423 0.00179134957291241
5915 0.00179134957291241
5970 0.00179134957291241
6275 0.00179134957291241
6678 0.00179134957291241
6857 0.00179134957291241
7033 0.00179134957291241
7048 0.00179134957291241
7097 0.00179134957291241
7431 0.00179134957291241
7799 0.00179134957291241
8518 0.00179134957291241
9314 0.00179134957291241
11186 0.00179134957291241
51196 0.00179134957291241
51741 0.00179134957291241
64689 0.00179134957291241
472 0.00149279131076034
495 0.00149279131076034
842 0.00149279131076034
857 0.00149279131076034
947 0.00149279131076034
1236 0.00149279131076034
1316 0.00149279131076034
1728 0.00149279131076034
1786 0.00149279131076034
1829 0.00149279131076034
1839 0.00149279131076034
2146 0.00149279131076034
2194 0.00149279131076034
2247 0.00149279131076034
2487 0.00149279131076034
2878 0.00149279131076034
3119 0.00149279131076034
3123 0.00149279131076034
3458 0.00149279131076034
3732 0.00149279131076034
3921 0.00149279131076034
3958 0.00149279131076034
4089 0.00149279131076034
4163 0.00149279131076034
4192 0.00149279131076034
4282 0.00149279131076034
4314 0.00149279131076034
5340 0.00149279131076034
5530 0.00149279131076034
5967 0.00149279131076034
6422 0.00149279131076034
7013 0.00149279131076034
7014 0.00149279131076034
8289 0.00149279131076034
8932 0.00149279131076034
9519 0.00149279131076034
10397 0.00149279131076034
23541 0.00149279131076034
30834 0.00149279131076034
57379 0.00149279131076034
83998 0.00149279131076034
94241 0.00149279131076034
168400 0.00149279131076034
406991 0.00149279131076034
728378 0.00149279131076034
125 0.00119423304860827
196 0.00119423304860827
463 0.00119423304860827
479 0.00119423304860827
873 0.00119423304860827
959 0.00119423304860827
1022 0.00119423304860827
1030 0.00119423304860827
1044 0.00119423304860827
1365 0.00119423304860827
2072 0.00119423304860827
2073 0.00119423304860827
2264 0.00119423304860827
2277 0.00119423304860827
2321 0.00119423304860827
2353 0.00119423304860827
2588 0.00119423304860827
3120 0.00119423304860827
3248 0.00119423304860827
3320 0.00119423304860827
3480 0.00119423304860827
3561 0.00119423304860827
3717 0.00119423304860827
3791 0.00119423304860827
4018 0.00119423304860827
4320 0.00119423304860827
4353 0.00119423304860827
4486 0.00119423304860827
4827 0.00119423304860827
4953 0.00119423304860827
5225 0.00119423304860827
5320 0.00119423304860827
5621 0.00119423304860827
6271 0.00119423304860827
6277 0.00119423304860827
6285 0.00119423304860827
6347 0.00119423304860827
6401 0.00119423304860827
6530 0.00119423304860827
6596 0.00119423304860827
6647 0.00119423304860827
6654 0.00119423304860827
6714 0.00119423304860827
6794 0.00119423304860827
6868 0.00119423304860827
7039 0.00119423304860827
7078 0.00119423304860827
7096 0.00119423304860827
7161 0.00119423304860827
7472 0.00119423304860827
7474 0.00119423304860827
7980 0.00119423304860827
8826 0.00119423304860827
8877 0.00119423304860827
8988 0.00119423304860827
9235 0.00119423304860827
9429 0.00119423304860827
9518 0.00119423304860827
9839 0.00119423304860827
10103 0.00119423304860827
10128 0.00119423304860827
10327 0.00119423304860827
10923 0.00119423304860827
25913 0.00119423304860827
27250 0.00119423304860827
29072 0.00119423304860827
50943 0.00119423304860827
57019 0.00119423304860827
57045 0.00119423304860827
57410 0.00119423304860827
64127 0.00119423304860827
79447 0.00119423304860827
89958 0.00119423304860827
283120 0.00119423304860827
729230 0.00119423304860827
100507436 0.00119423304860827
126 8.95674786456203E-4
146 8.95674786456203E-4
177 8.95674786456203E-4
213 8.95674786456203E-4
284 8.95674786456203E-4
310 8.95674786456203E-4
356 8.95674786456203E-4
360 8.95674786456203E-4
664 8.95674786456203E-4
682 8.95674786456203E-4
768 8.95674786456203E-4
885 8.95674786456203E-4
928 8.95674786456203E-4
941 8.95674786456203E-4
976 8.95674786456203E-4
1012 8.95674786456203E-4
1021 8.95674786456203E-4
1027 8.95674786456203E-4
1084 8.95674786456203E-4
1087 8.95674786456203E-4
1154 8.95674786456203E-4
1326 8.95674786456203E-4
1490 8.95674786456203E-4
1495 8.95674786456203E-4
1588 8.95674786456203E-4
1611 8.95674786456203E-4
1788 8.95674786456203E-4
1789 8.95674786456203E-4
2098 8.95674786456203E-4
2149 8.95674786456203E-4
2249 8.95674786456203E-4
2252 8.95674786456203E-4
2260 8.95674786456203E-4
2273 8.95674786456203E-4
2324 8.95674786456203E-4
2335 8.95674786456203E-4
2354 8.95674786456203E-4
2414 8.95674786456203E-4
2475 8.95674786456203E-4
2597 8.95674786456203E-4
2626 8.95674786456203E-4
2935 8.95674786456203E-4
2956 8.95674786456203E-4
3090 8.95674786456203E-4
3133 8.95674786456203E-4
3146 8.95674786456203E-4
3162 8.95674786456203E-4
3266 8.95674786456203E-4
3303 8.95674786456203E-4
3304 8.95674786456203E-4
3308 8.95674786456203E-4
3486 8.95674786456203E-4
3566 8.95674786456203E-4
3567 8.95674786456203E-4
3611 8.95674786456203E-4
3725 8.95674786456203E-4
3726 8.95674786456203E-4
3727 8.95674786456203E-4
3855 8.95674786456203E-4
4502 8.95674786456203E-4
4512 8.95674786456203E-4
4846 8.95674786456203E-4
5037 8.95674786456203E-4
5154 8.95674786456203E-4
5230 8.95674786456203E-4
5241 8.95674786456203E-4
5347 8.95674786456203E-4
5371 8.95674786456203E-4
5460 8.95674786456203E-4
5655 8.95674786456203E-4
5670 8.95674786456203E-4
5742 8.95674786456203E-4
5770 8.95674786456203E-4
5788 8.95674786456203E-4
5891 8.95674786456203E-4
6425 8.95674786456203E-4
6648 8.95674786456203E-4
6657 8.95674786456203E-4
6662 8.95674786456203E-4
6783 8.95674786456203E-4
6935 8.95674786456203E-4
7001 8.95674786456203E-4
7291 8.95674786456203E-4
7294 8.95674786456203E-4
7430 8.95674786456203E-4
7480 8.95674786456203E-4
7543 8.95674786456203E-4
8091 8.95674786456203E-4
8434 8.95674786456203E-4
8661 8.95674786456203E-4
8720 8.95674786456203E-4
8741 8.95674786456203E-4
8745 8.95674786456203E-4
8996 8.95674786456203E-4
9037 8.95674786456203E-4
9152 8.95674786456203E-4
10276 8.95674786456203E-4
10413 8.95674786456203E-4
10550 8.95674786456203E-4
10573 8.95674786456203E-4
10863 8.95674786456203E-4
11199 8.95674786456203E-4
23405 8.95674786456203E-4
23583 8.95674786456203E-4
27122 8.95674786456203E-4
28954 8.95674786456203E-4
29107 8.95674786456203E-4
29126 8.95674786456203E-4
29919 8.95674786456203E-4
30827 8.95674786456203E-4
54106 8.95674786456203E-4
54567 8.95674786456203E-4
54658 8.95674786456203E-4
55119 8.95674786456203E-4
55294 8.95674786456203E-4
57447 8.95674786456203E-4
57575 8.95674786456203E-4
57650 8.95674786456203E-4
65211 8.95674786456203E-4
79192 8.95674786456203E-4
80326 8.95674786456203E-4
83478 8.95674786456203E-4
92140 8.95674786456203E-4
129831 8.95674786456203E-4
406938 8.95674786456203E-4
407008 8.95674786456203E-4
101669765 8.95674786456203E-4
13 5.97116524304135E-4
19 5.97116524304135E-4
54 5.97116524304135E-4
175 5.97116524304135E-4
185 5.97116524304135E-4
231 5.97116524304135E-4
285 5.97116524304135E-4
301 5.97116524304135E-4
330 5.97116524304135E-4
353 5.97116524304135E-4
367 5.97116524304135E-4
389 5.97116524304135E-4
397 5.97116524304135E-4
496 5.97116524304135E-4
545 5.97116524304135E-4
581 5.97116524304135E-4
650 5.97116524304135E-4
652 5.97116524304135E-4
699 5.97116524304135E-4
701 5.97116524304135E-4
861 5.97116524304135E-4
875 5.97116524304135E-4
891 5.97116524304135E-4
894 5.97116524304135E-4
921 5.97116524304135E-4
978 5.97116524304135E-4
1001 5.97116524304135E-4
1028 5.97116524304135E-4
1068 5.97116524304135E-4
1164 5.97116524304135E-4
1192 5.97116524304135E-4
1385 5.97116524304135E-4
1399 5.97116524304135E-4
1462 5.97116524304135E-4
1513 5.97116524304135E-4
1522 5.97116524304135E-4
1523 5.97116524304135E-4
1535 5.97116524304135E-4
1557 5.97116524304135E-4
1576 5.97116524304135E-4
1586 5.97116524304135E-4
1604 5.97116524304135E-4
1620 5.97116524304135E-4
1644 5.97116524304135E-4
1760 5.97116524304135E-4
1773 5.97116524304135E-4
1874 5.97116524304135E-4
1958 5.97116524304135E-4
2022 5.97116524304135E-4
2033 5.97116524304135E-4
2052 5.97116524304135E-4
2100 5.97116524304135E-4
2119 5.97116524304135E-4
2150 5.97116524304135E-4
2191 5.97116524304135E-4
2258 5.97116524304135E-4
2348 5.97116524304135E-4
2548 5.97116524304135E-4
2619 5.97116524304135E-4
2627 5.97116524304135E-4
2678 5.97116524304135E-4
2735 5.97116524304135E-4
2876 5.97116524304135E-4
2908 5.97116524304135E-4
2919 5.97116524304135E-4
2922 5.97116524304135E-4
2947 5.97116524304135E-4
3065 5.97116524304135E-4
3077 5.97116524304135E-4
3106 5.97116524304135E-4
3117 5.97116524304135E-4
3118 5.97116524304135E-4
3127 5.97116524304135E-4
3135 5.97116524304135E-4
3292 5.97116524304135E-4
3297 5.97116524304135E-4
3375 5.97116524304135E-4
3381 5.97116524304135E-4
3397 5.97116524304135E-4
3429 5.97116524304135E-4
3579 5.97116524304135E-4
3589 5.97116524304135E-4
3606 5.97116524304135E-4
3624 5.97116524304135E-4
3651 5.97116524304135E-4
3673 5.97116524304135E-4
3757 5.97116524304135E-4
3815 5.97116524304135E-4
3816 5.97116524304135E-4
3848 5.97116524304135E-4
3914 5.97116524304135E-4
3918 5.97116524304135E-4
3925 5.97116524304135E-4
3952 5.97116524304135E-4
4015 5.97116524304135E-4
4072 5.97116524304135E-4
4085 5.97116524304135E-4
4100 5.97116524304135E-4
4118 5.97116524304135E-4
4153 5.97116524304135E-4
4204 5.97116524304135E-4
4311 5.97116524304135E-4
4321 5.97116524304135E-4
4350 5.97116524304135E-4
4363 5.97116524304135E-4
4548 5.97116524304135E-4
4552 5.97116524304135E-4
4585 5.97116524304135E-4
4601 5.97116524304135E-4
4610 5.97116524304135E-4
4645 5.97116524304135E-4
4691 5.97116524304135E-4
4791 5.97116524304135E-4
4792 5.97116524304135E-4
4843 5.97116524304135E-4
4864 5.97116524304135E-4
4904 5.97116524304135E-4
4985 5.97116524304135E-4
5047 5.97116524304135E-4
5058 5.97116524304135E-4
5062 5.97116524304135E-4
5170 5.97116524304135E-4
5245 5.97116524304135E-4
5310 5.97116524304135E-4
5315 5.97116524304135E-4
5327 5.97116524304135E-4
5467 5.97116524304135E-4
5562 5.97116524304135E-4
5587 5.97116524304135E-4
5599 5.97116524304135E-4
5649 5.97116524304135E-4
5653 5.97116524304135E-4
5715 5.97116524304135E-4
5734 5.97116524304135E-4
5747 5.97116524304135E-4
5914 5.97116524304135E-4
6232 5.97116524304135E-4
6273 5.97116524304135E-4
6279 5.97116524304135E-4
6280 5.97116524304135E-4
6286 5.97116524304135E-4
6304 5.97116524304135E-4
6352 5.97116524304135E-4
6423 5.97116524304135E-4
6468 5.97116524304135E-4
6487 5.97116524304135E-4
6502 5.97116524304135E-4
6597 5.97116524304135E-4
6659 5.97116524304135E-4
6753 5.97116524304135E-4
6781 5.97116524304135E-4
6782 5.97116524304135E-4
6817 5.97116524304135E-4
6867 5.97116524304135E-4
6927 5.97116524304135E-4
7023 5.97116524304135E-4
7100 5.97116524304135E-4
7132 5.97116524304135E-4
7153 5.97116524304135E-4
7175 5.97116524304135E-4
7183 5.97116524304135E-4
7184 5.97116524304135E-4
7186 5.97116524304135E-4
7200 5.97116524304135E-4
7251 5.97116524304135E-4
7272 5.97116524304135E-4
7345 5.97116524304135E-4
7372 5.97116524304135E-4
7412 5.97116524304135E-4
7415 5.97116524304135E-4
7475 5.97116524304135E-4
7479 5.97116524304135E-4
7504 5.97116524304135E-4
7531 5.97116524304135E-4
7538 5.97116524304135E-4
7545 5.97116524304135E-4
8050 5.97116524304135E-4
8163 5.97116524304135E-4
8277 5.97116524304135E-4
8312 5.97116524304135E-4
8324 5.97116524304135E-4
8404 5.97116524304135E-4
8431 5.97116524304135E-4
8437 5.97116524304135E-4
8549 5.97116524304135E-4
8553 5.97116524304135E-4
8554 5.97116524304135E-4
8633 5.97116524304135E-4
8651 5.97116524304135E-4
8655 5.97116524304135E-4
8658 5.97116524304135E-4
8754 5.97116524304135E-4
8767 5.97116524304135E-4
8771 5.97116524304135E-4
8797 5.97116524304135E-4
8809 5.97116524304135E-4
8829 5.97116524304135E-4
8837 5.97116524304135E-4
8842 5.97116524304135E-4
8856 5.97116524304135E-4
8930 5.97116524304135E-4
9077 5.97116524304135E-4
9141 5.97116524304135E-4
9242 5.97116524304135E-4
9306 5.97116524304135E-4
9421 5.97116524304135E-4
9537 5.97116524304135E-4
9582 5.97116524304135E-4
9734 5.97116524304135E-4
9805 5.97116524304135E-4
9992 5.97116524304135E-4
10017 5.97116524304135E-4
10023 5.97116524304135E-4
10058 5.97116524304135E-4
10148 5.97116524304135E-4
10178 5.97116524304135E-4
10392 5.97116524304135E-4
10401 5.97116524304135E-4
10402 5.97116524304135E-4
10432 5.97116524304135E-4
10534 5.97116524304135E-4
10671 5.97116524304135E-4
10755 5.97116524304135E-4
10788 5.97116524304135E-4
11009 5.97116524304135E-4
11074 5.97116524304135E-4
11093 5.97116524304135E-4
11107 5.97116524304135E-4
11151 5.97116524304135E-4
11200 5.97116524304135E-4
11279 5.97116524304135E-4
22861 5.97116524304135E-4
22919 5.97116524304135E-4
23213 5.97116524304135E-4
23401 5.97116524304135E-4
23411 5.97116524304135E-4
23424 5.97116524304135E-4
23549 5.97116524304135E-4
23677 5.97116524304135E-4
25959 5.97116524304135E-4
25976 5.97116524304135E-4
26040 5.97116524304135E-4
26085 5.97116524304135E-4
26136 5.97116524304135E-4
26137 5.97116524304135E-4
27101 5.97116524304135E-4
27189 5.97116524304135E-4
28509 5.97116524304135E-4
28514 5.97116524304135E-4
29108 5.97116524304135E-4
29803 5.97116524304135E-4
43849 5.97116524304135E-4
50616 5.97116524304135E-4
51014 5.97116524304135E-4
51127 5.97116524304135E-4
51312 5.97116524304135E-4
54498 5.97116524304135E-4
54739 5.97116524304135E-4
54810 5.97116524304135E-4
54822 5.97116524304135E-4
55249 5.97116524304135E-4
55274 5.97116524304135E-4
56259 5.97116524304135E-4
56667 5.97116524304135E-4
57026 5.97116524304135E-4
57591 5.97116524304135E-4
57805 5.97116524304135E-4
59067 5.97116524304135E-4
64208 5.97116524304135E-4
79679 5.97116524304135E-4
80316 5.97116524304135E-4
80704 5.97116524304135E-4
81557 5.97116524304135E-4
83733 5.97116524304135E-4
84168 5.97116524304135E-4
84417 5.97116524304135E-4
84525 5.97116524304135E-4
112744 5.97116524304135E-4
114609 5.97116524304135E-4
127062 5.97116524304135E-4
128229 5.97116524304135E-4
140628 5.97116524304135E-4
149233 5.97116524304135E-4
200504 5.97116524304135E-4
326625 5.97116524304135E-4
353376 5.97116524304135E-4
390502 5.97116524304135E-4
401637 5.97116524304135E-4
406901 5.97116524304135E-4
406940 5.97116524304135E-4
406967 5.97116524304135E-4
406973 5.97116524304135E-4
653590 5.97116524304135E-4
728226 5.97116524304135E-4
728239 5.97116524304135E-4
728441 5.97116524304135E-4
729838 5.97116524304135E-4
100124700 5.97116524304135E-4
100133941 5.97116524304135E-4
100187907 5.97116524304135E-4
100302736 5.97116524304135E-4
100509457 5.97116524304135E-4
100526737 5.97116524304135E-4
9 2.98558262152068E-4
102 2.98558262152068E-4
124 2.98558262152068E-4
131 2.98558262152068E-4
154 2.98558262152068E-4
167 2.98558262152068E-4
214 2.98558262152068E-4
307 2.98558262152068E-4
335 2.98558262152068E-4
341 2.98558262152068E-4
348 2.98558262152068E-4
351 2.98558262152068E-4
354 2.98558262152068E-4
375 2.98558262152068E-4
420 2.98558262152068E-4
430 2.98558262152068E-4
445 2.98558262152068E-4
468 2.98558262152068E-4
473 2.98558262152068E-4
567 2.98558262152068E-4
570 2.98558262152068E-4
573 2.98558262152068E-4
574 2.98558262152068E-4
578 2.98558262152068E-4
605 2.98558262152068E-4
624 2.98558262152068E-4
627 2.98558262152068E-4
632 2.98558262152068E-4
634 2.98558262152068E-4
637 2.98558262152068E-4
657 2.98558262152068E-4
684 2.98558262152068E-4
715 2.98558262152068E-4
720 2.98558262152068E-4
721 2.98558262152068E-4
759 2.98558262152068E-4
777 2.98558262152068E-4
780 2.98558262152068E-4
800 2.98558262152068E-4
811 2.98558262152068E-4
820 2.98558262152068E-4
822 2.98558262152068E-4
831 2.98558262152068E-4
846 2.98558262152068E-4
858 2.98558262152068E-4
860 2.98558262152068E-4
865 2.98558262152068E-4
890 2.98558262152068E-4
898 2.98558262152068E-4
963 2.98558262152068E-4
977 2.98558262152068E-4
983 2.98558262152068E-4
991 2.98558262152068E-4
1002 2.98558262152068E-4
1017 2.98558262152068E-4
1051 2.98558262152068E-4
1080 2.98558262152068E-4
1081 2.98558262152068E-4
1111 2.98558262152068E-4
1113 2.98558262152068E-4
1136 2.98558262152068E-4
1191 2.98558262152068E-4
1244 2.98558262152068E-4
1312 2.98558262152068E-4
1380 2.98558262152068E-4
1396 2.98558262152068E-4
1397 2.98558262152068E-4
1469 2.98558262152068E-4
1493 2.98558262152068E-4
1545 2.98558262152068E-4
1577 2.98558262152068E-4
1591 2.98558262152068E-4
1613 2.98558262152068E-4
1647 2.98558262152068E-4
1649 2.98558262152068E-4
1671 2.98558262152068E-4
1672 2.98558262152068E-4
1673 2.98558262152068E-4
1687 2.98558262152068E-4
1714 2.98558262152068E-4
1725 2.98558262152068E-4
1761 2.98558262152068E-4
1796 2.98558262152068E-4
1824 2.98558262152068E-4
1825 2.98558262152068E-4
1847 2.98558262152068E-4
1982 2.98558262152068E-4
2005 2.98558262152068E-4
2018 2.98558262152068E-4
2034 2.98558262152068E-4
2042 2.98558262152068E-4
2065 2.98558262152068E-4
2066 2.98558262152068E-4
2078 2.98558262152068E-4
2107 2.98558262152068E-4
2114 2.98558262152068E-4
2118 2.98558262152068E-4
2152 2.98558262152068E-4
2203 2.98558262152068E-4
2237 2.98558262152068E-4
2242 2.98558262152068E-4
2261 2.98558262152068E-4
2305 2.98558262152068E-4
2308 2.98558262152068E-4
2309 2.98558262152068E-4
2526 2.98558262152068E-4
2668 2.98558262152068E-4
2669 2.98558262152068E-4
2690 2.98558262152068E-4
2703 2.98558262152068E-4
2720 2.98558262152068E-4
2734 2.98558262152068E-4
2739 2.98558262152068E-4
2764 2.98558262152068E-4
2833 2.98558262152068E-4
2852 2.98558262152068E-4
2859 2.98558262152068E-4
2889 2.98558262152068E-4
2898 2.98558262152068E-4
2904 2.98558262152068E-4
2925 2.98558262152068E-4
2932 2.98558262152068E-4
2957 2.98558262152068E-4
3055 2.98558262152068E-4
3059 2.98558262152068E-4
3066 2.98558262152068E-4
3067 2.98558262152068E-4
3070 2.98558262152068E-4
3075 2.98558262152068E-4
3081 2.98558262152068E-4
3098 2.98558262152068E-4
3107 2.98558262152068E-4
3111 2.98558262152068E-4
3134 2.98558262152068E-4
3161 2.98558262152068E-4
3164 2.98558262152068E-4
3206 2.98558262152068E-4
3240 2.98558262152068E-4
3283 2.98558262152068E-4
3294 2.98558262152068E-4
3384 2.98558262152068E-4
3400 2.98558262152068E-4
3425 2.98558262152068E-4
3439 2.98558262152068E-4
3447 2.98558262152068E-4
3454 2.98558262152068E-4
3459 2.98558262152068E-4
3460 2.98558262152068E-4
3489 2.98558262152068E-4
3491 2.98558262152068E-4
3560 2.98558262152068E-4
3577 2.98558262152068E-4
3592 2.98558262152068E-4
3596 2.98558262152068E-4
3603 2.98558262152068E-4
3619 2.98558262152068E-4
3627 2.98558262152068E-4
3638 2.98558262152068E-4
3640 2.98558262152068E-4
3654 2.98558262152068E-4
3662 2.98558262152068E-4
3665 2.98558262152068E-4
3675 2.98558262152068E-4
3678 2.98558262152068E-4
3685 2.98558262152068E-4
3692 2.98558262152068E-4
3716 2.98558262152068E-4
3718 2.98558262152068E-4
3814 2.98558262152068E-4
3818 2.98558262152068E-4
3838 2.98558262152068E-4
3853 2.98558262152068E-4
3934 2.98558262152068E-4
3939 2.98558262152068E-4
3957 2.98558262152068E-4
3959 2.98558262152068E-4
3981 2.98558262152068E-4
4004 2.98558262152068E-4
4009 2.98558262152068E-4
4017 2.98558262152068E-4
4040 2.98558262152068E-4
4045 2.98558262152068E-4
4069 2.98558262152068E-4
4087 2.98558262152068E-4
4139 2.98558262152068E-4
4214 2.98558262152068E-4
4217 2.98558262152068E-4
4246 2.98558262152068E-4
4283 2.98558262152068E-4
4291 2.98558262152068E-4
4319 2.98558262152068E-4
4325 2.98558262152068E-4
4342 2.98558262152068E-4
4361 2.98558262152068E-4
4504 2.98558262152068E-4
4522 2.98558262152068E-4
4594 2.98558262152068E-4
4627 2.98558262152068E-4
4680 2.98558262152068E-4
4709 2.98558262152068E-4
4804 2.98558262152068E-4
4824 2.98558262152068E-4
4853 2.98558262152068E-4
4858 2.98558262152068E-4
4907 2.98558262152068E-4
4913 2.98558262152068E-4
4914 2.98558262152068E-4
4929 2.98558262152068E-4
5010 2.98558262152068E-4
5079 2.98558262152068E-4
5159 2.98558262152068E-4
5217 2.98558262152068E-4
5250 2.98558262152068E-4
5265 2.98558262152068E-4
5268 2.98558262152068E-4
5333 2.98558262152068E-4
5337 2.98558262152068E-4
5447 2.98558262152068E-4
5469 2.98558262152068E-4
5480 2.98558262152068E-4
5524 2.98558262152068E-4
5541 2.98558262152068E-4
5567 2.98558262152068E-4
5578 2.98558262152068E-4
5585 2.98558262152068E-4
5589 2.98558262152068E-4
5654 2.98558262152068E-4
5660 2.98558262152068E-4
5754 2.98558262152068E-4
5777 2.98558262152068E-4
5789 2.98558262152068E-4
5790 2.98558262152068E-4
5794 2.98558262152068E-4
5889 2.98558262152068E-4
5906 2.98558262152068E-4
5925 2.98558262152068E-4
5927 2.98558262152068E-4
5948 2.98558262152068E-4
5954 2.98558262152068E-4
5962 2.98558262152068E-4
5981 2.98558262152068E-4
6035 2.98558262152068E-4
6091 2.98558262152068E-4
6093 2.98558262152068E-4
6095 2.98558262152068E-4
6128 2.98558262152068E-4
6159 2.98558262152068E-4
6240 2.98558262152068E-4
6241 2.98558262152068E-4
6274 2.98558262152068E-4
6278 2.98558262152068E-4
6281 2.98558262152068E-4
6303 2.98558262152068E-4
6362 2.98558262152068E-4
6374 2.98558262152068E-4
6449 2.98558262152068E-4
6462 2.98558262152068E-4
6506 2.98558262152068E-4
6528 2.98558262152068E-4
6541 2.98558262152068E-4
6556 2.98558262152068E-4
6573 2.98558262152068E-4
6590 2.98558262152068E-4
6608 2.98558262152068E-4
6709 2.98558262152068E-4
6711 2.98558262152068E-4
6776 2.98558262152068E-4
6777 2.98558262152068E-4
6789 2.98558262152068E-4
6876 2.98558262152068E-4
6888 2.98558262152068E-4
6899 2.98558262152068E-4
6910 2.98558262152068E-4
6925 2.98558262152068E-4
6929 2.98558262152068E-4
6932 2.98558262152068E-4
6955 2.98558262152068E-4
6996 2.98558262152068E-4
7056 2.98558262152068E-4
7067 2.98558262152068E-4
7126 2.98558262152068E-4
7127 2.98558262152068E-4
7133 2.98558262152068E-4
7159 2.98558262152068E-4
7162 2.98558262152068E-4
7193 2.98558262152068E-4
7295 2.98558262152068E-4
7334 2.98558262152068E-4
7408 2.98558262152068E-4
7417 2.98558262152068E-4
7436 2.98558262152068E-4
7498 2.98558262152068E-4
7507 2.98558262152068E-4
7508 2.98558262152068E-4
7518 2.98558262152068E-4
7529 2.98558262152068E-4
7764 2.98558262152068E-4
7809 2.98558262152068E-4
7873 2.98558262152068E-4
7991 2.98558262152068E-4
8086 2.98558262152068E-4
8202 2.98558262152068E-4
8284 2.98558262152068E-4
8294 2.98558262152068E-4
8359 2.98558262152068E-4
8360 2.98558262152068E-4
8361 2.98558262152068E-4
8362 2.98558262152068E-4
8363 2.98558262152068E-4
8364 2.98558262152068E-4
8365 2.98558262152068E-4
8366 2.98558262152068E-4
8367 2.98558262152068E-4
8368 2.98558262152068E-4
8370 2.98558262152068E-4
8445 2.98558262152068E-4
8487 2.98558262152068E-4
8519 2.98558262152068E-4
8570 2.98558262152068E-4
8573 2.98558262152068E-4
8614 2.98558262152068E-4
8630 2.98558262152068E-4
8718 2.98558262152068E-4
8739 2.98558262152068E-4
8748 2.98558262152068E-4
8795 2.98558262152068E-4
8814 2.98558262152068E-4
8840 2.98558262152068E-4
8841 2.98558262152068E-4
8870 2.98558262152068E-4
8872 2.98558262152068E-4
8874 2.98558262152068E-4
8897 2.98558262152068E-4
9046 2.98558262152068E-4
9052 2.98558262152068E-4
9169 2.98558262152068E-4
9184 2.98558262152068E-4
9201 2.98558262152068E-4
9271 2.98558262152068E-4
9351 2.98558262152068E-4
9462 2.98558262152068E-4
9514 2.98558262152068E-4
9590 2.98558262152068E-4
9596 2.98558262152068E-4
9612 2.98558262152068E-4
9617 2.98558262152068E-4
9638 2.98558262152068E-4
9775 2.98558262152068E-4
9788 2.98558262152068E-4
9940 2.98558262152068E-4
9962 2.98558262152068E-4
9963 2.98558262152068E-4
9971 2.98558262152068E-4
10016 2.98558262152068E-4
10020 2.98558262152068E-4
10076 2.98558262152068E-4
10095 2.98558262152068E-4
10112 2.98558262152068E-4
10139 2.98558262152068E-4
10155 2.98558262152068E-4
10163 2.98558262152068E-4
10298 2.98558262152068E-4
10395 2.98558262152068E-4
10406 2.98558262152068E-4
10419 2.98558262152068E-4
10451 2.98558262152068E-4
10512 2.98558262152068E-4
10536 2.98558262152068E-4
10587 2.98558262152068E-4
10630 2.98558262152068E-4
10653 2.98558262152068E-4
10663 2.98558262152068E-4
10682 2.98558262152068E-4
10753 2.98558262152068E-4
10849 2.98558262152068E-4
10892 2.98558262152068E-4
10899 2.98558262152068E-4
10910 2.98558262152068E-4
10981 2.98558262152068E-4
10991 2.98558262152068E-4
11082 2.98558262152068E-4
11132 2.98558262152068E-4
11149 2.98558262152068E-4
11168 2.98558262152068E-4
11178 2.98558262152068E-4
11181 2.98558262152068E-4
11278 2.98558262152068E-4
11319 2.98558262152068E-4
11322 2.98558262152068E-4
11339 2.98558262152068E-4
22859 2.98558262152068E-4
22924 2.98558262152068E-4
22933 2.98558262152068E-4
23054 2.98558262152068E-4
23095 2.98558262152068E-4
23136 2.98558262152068E-4
23221 2.98558262152068E-4
23286 2.98558262152068E-4
23291 2.98558262152068E-4
23308 2.98558262152068E-4
23352 2.98558262152068E-4
23378 2.98558262152068E-4
23474 2.98558262152068E-4
23504 2.98558262152068E-4
23512 2.98558262152068E-4
23542 2.98558262152068E-4
23568 2.98558262152068E-4
25797 2.98558262152068E-4
25927 2.98558262152068E-4
26059 2.98558262152068E-4
26128 2.98558262152068E-4
27022 2.98558262152068E-4
27036 2.98558262152068E-4
27074 2.98558262152068E-4
27113 2.98558262152068E-4
27152 2.98558262152068E-4
27248 2.98558262152068E-4
27259 2.98558262152068E-4
27286 2.98558262152068E-4
27319 2.98558262152068E-4
27342 2.98558262152068E-4
28755 2.98558262152068E-4
29128 2.98558262152068E-4
30837 2.98558262152068E-4
50484 2.98558262152068E-4
50514 2.98558262152068E-4
50848 2.98558262152068E-4
50947 2.98558262152068E-4
51008 2.98558262152068E-4
51053 2.98558262152068E-4
51079 2.98558262152068E-4
51146 2.98558262152068E-4
51201 2.98558262152068E-4
51203 2.98558262152068E-4
51298 2.98558262152068E-4
51339 2.98558262152068E-4
51364 2.98558262152068E-4
51365 2.98558262152068E-4
51366 2.98558262152068E-4
51574 2.98558262152068E-4
51715 2.98558262152068E-4
54345 2.98558262152068E-4
54386 2.98558262152068E-4
54585 2.98558262152068E-4
54765 2.98558262152068E-4
54802 2.98558262152068E-4
54858 2.98558262152068E-4
55034 2.98558262152068E-4
55035 2.98558262152068E-4
55143 2.98558262152068E-4
55278 2.98558262152068E-4
55353 2.98558262152068E-4
55422 2.98558262152068E-4
55536 2.98558262152068E-4
55578 2.98558262152068E-4
55665 2.98558262152068E-4
55799 2.98558262152068E-4
55801 2.98558262152068E-4
55920 2.98558262152068E-4
55959 2.98558262152068E-4
56475 2.98558262152068E-4
56649 2.98558262152068E-4
56849 2.98558262152068E-4
56888 2.98558262152068E-4
56975 2.98558262152068E-4
56999 2.98558262152068E-4
57016 2.98558262152068E-4
57126 2.98558262152068E-4
57144 2.98558262152068E-4
57626 2.98558262152068E-4
57799 2.98558262152068E-4
58191 2.98558262152068E-4
63970 2.98558262152068E-4
64285 2.98558262152068E-4
64326 2.98558262152068E-4
64399 2.98558262152068E-4
64506 2.98558262152068E-4
64840 2.98558262152068E-4
65986 2.98558262152068E-4
79017 2.98558262152068E-4
79148 2.98558262152068E-4
79187 2.98558262152068E-4
79289 2.98558262152068E-4
79581 2.98558262152068E-4
79661 2.98558262152068E-4
79683 2.98558262152068E-4
80332 2.98558262152068E-4
80856 2.98558262152068E-4
83439 2.98558262152068E-4
83540 2.98558262152068E-4
83756 2.98558262152068E-4
84289 2.98558262152068E-4
84292 2.98558262152068E-4
84632 2.98558262152068E-4
84660 2.98558262152068E-4
84879 2.98558262152068E-4
84951 2.98558262152068E-4
90678 2.98558262152068E-4
91056 2.98558262152068E-4
112464 2.98558262152068E-4
113829 2.98558262152068E-4
114131 2.98558262152068E-4
114769 2.98558262152068E-4
115908 2.98558262152068E-4
116135 2.98558262152068E-4
116833 2.98558262152068E-4
119391 2.98558262152068E-4
121441 2.98558262152068E-4
121504 2.98558262152068E-4
123920 2.98558262152068E-4
124872 2.98558262152068E-4
127069 2.98558262152068E-4
128338 2.98558262152068E-4
128408 2.98558262152068E-4
131566 2.98558262152068E-4
132320 2.98558262152068E-4
138429 2.98558262152068E-4
139596 2.98558262152068E-4
145389 2.98558262152068E-4
145624 2.98558262152068E-4
146664 2.98558262152068E-4
147719 2.98558262152068E-4
152503 2.98558262152068E-4
159989 2.98558262152068E-4
166824 2.98558262152068E-4
201163 2.98558262152068E-4
219972 2.98558262152068E-4
220001 2.98558262152068E-4
253738 2.98558262152068E-4
255877 2.98558262152068E-4
283871 2.98558262152068E-4
284110 2.98558262152068E-4
284348 2.98558262152068E-4
284403 2.98558262152068E-4
284406 2.98558262152068E-4
343170 2.98558262152068E-4
343406 2.98558262152068E-4
346389 2.98558262152068E-4
391109 2.98558262152068E-4
406899 2.98558262152068E-4
406910 2.98558262152068E-4
406920 2.98558262152068E-4
406933 2.98558262152068E-4
406937 2.98558262152068E-4
406958 2.98558262152068E-4
406984 2.98558262152068E-4
407003 2.98558262152068E-4
407007 2.98558262152068E-4
407041 2.98558262152068E-4
441933 2.98558262152068E-4
442892 2.98558262152068E-4
442904 2.98558262152068E-4
494324 2.98558262152068E-4
554313 2.98558262152068E-4
574413 2.98558262152068E-4
693195 2.98558262152068E-4
727897 2.98558262152068E-4
100126327 2.98558262152068E-4
100130958 2.98558262152068E-4
100132074 2.98558262152068E-4
100289462 2.98558262152068E-4
100293534 2.98558262152068E-4
100329167 2.98558262152068E-4
