3949 0.706269723505193
19 0.3
3700 0.3
336 0.3
2053 0.3
2690 0.3
10842 0.3
255738 0.00865818960240996
338 0.00626972350519342
6520 0.00537404871873722
4625 0.00447837393228102
5554 0.00298558262152068
5555 0.00298558262152068
5660 0.00298558262152068
7168 0.00208990783506447
3680 0.00179134957291241
4607 0.00179134957291241
10627 0.00179134957291241
3133 0.00119423304860827
7139 8.95674786456203E-4
7137 8.95674786456203E-4
4620 5.97116524304135E-4
3630 5.97116524304135E-4
808 5.97116524304135E-4
1493 5.97116524304135E-4
801 5.97116524304135E-4
925 5.97116524304135E-4
805 5.97116524304135E-4
344 2.98558262152068E-4
213 2.98558262152068E-4
9414 2.98558262152068E-4
3622 2.98558262152068E-4
70 2.98558262152068E-4
59 2.98558262152068E-4
51440 2.98558262152068E-4
55315 2.98558262152068E-4
348 2.98558262152068E-4
488 2.98558262152068E-4
551 2.98558262152068E-4
6272 2.98558262152068E-4
570 2.98558262152068E-4
708 2.98558262152068E-4
4594 2.98558262152068E-4
4397 2.98558262152068E-4
940 2.98558262152068E-4
3145 2.98558262152068E-4
6363 2.98558262152068E-4
