675 0.463881257407977
94025 0.415578455055723
898 0.400298558262152
672 0.381197636612797
1956 0.334999826036518
2064 0.330559793587142
4292 0.31126853099597
6774 0.310671414471666
3845 0.309551214983662
5594 0.308451398246978
10381 0.307555723460521
332 0.307555723460521
5728 0.306828498546593
3569 0.305335707235833
25803 0.305335707235833
4978 0.305335707235833
1647 0.305335707235833
2475 0.305037148973681
4288 0.305037148973681
1545 0.305037148973681
5595 0.305037148973681
999 0.305037148973681
8626 0.305037148973681
25976 0.303449941350997
29086 0.303449941350997
54796 0.303449941350997
8631 0.303449941350997
207 0.303414249273297
7015 0.302817132748993
8991 0.302817132748993
4233 0.302817132748993
6678 0.302817132748993
6513 0.302817132748993
331 0.302817132748993
6502 0.302817132748993
1027 0.302817132748993
8743 0.30251857448684
540 0.30251857448684
6648 0.30251857448684
4072 0.30251857448684
4609 0.30251857448684
7298 0.30251857448684
4436 0.300597116524304
3576 0.300597116524304
1499 0.300597116524304
2348 0.300597116524304
374 0.300298558262152
10395 0.300298558262152
607 0.300298558262152
5889 0.300298558262152
6528 0.300298558262152
2194 0.300298558262152
5934 0.300298558262152
8725 0.3
4831 0.3
56952 0.3
10013 0.3
7099 0.3
2069 0.3
23213 0.3
10772 0.3
285601 0.3
574048 0.3
83990 0.3
3590 0.3
51029 0.3
10775 0.3
360 0.3
83636 0.3
3572 0.3
92421 0.3
115761 0.3
306 0.3
79156 0.3
894 0.3
3237 0.3
10413 0.3
9149 0.3
3231 0.3
5892 0.3
8516 0.3
5501 0.3
467 0.3
6765 0.3
6647 0.3
857 0.3
1796 0.3
595 0.110541306082042
2099 0.104011365797601
268 0.102817132748993
3732 0.100298558262152
7157 0.0576519124771714
7422 0.0278727692277731
5743 0.0157085634453468
1029 0.015448346666099
6790 0.0128914306963543
4318 0.0115670892581221
367 0.0112685309959701
673 0.0108398643441941
1026 0.0106714144716659
2067 0.0103728562095139
7040 0.0103728562095139
6198 0.0103728562095139
56946 0.0100742979473618
3611 0.0100742979473618
4313 0.00934707303343375
1365 0.00904851477128168
5290 0.00845139824697755
3091 0.00815283998482548
6696 0.00815283998482548
3135 0.00815283998482548
580 0.00815283998482548
1030 0.00815283998482548
5328 0.00785428172267341
6928 0.00785428172267341
9077 0.00785428172267341
836 0.00785428172267341
11012 0.00785428172267341
596 0.00785428172267341
2100 0.00785428172267341
5054 0.00785428172267341
51773 0.00755572346052135
100133941 0.00755572346052135
2796 0.00755572346052135
5747 0.00755572346052135
1485 0.00755572346052135
5894 0.00755572346052135
3690 0.00755572346052135
3685 0.00755572346052135
3481 0.0068284985465933
5243 0.00623138202228917
7124 0.0059328237601371
960 0.0059328237601371
5653 0.0059328237601371
4582 0.00563426549798503
5241 0.00563426549798503
10232 0.00563426549798503
2188 0.00563426549798503
4790 0.00563426549798503
4316 0.00563426549798503
3791 0.00563426549798503
2335 0.00533570723583296
4680 0.00533570723583296
4524 0.00533570723583296
25818 0.00533570723583296
4683 0.00533570723583296
208 0.00533570723583296
5071 0.00533570723583296
7070 0.00533570723583296
6590 0.00533570723583296
2896 0.00533570723583296
3485 0.00533570723583296
682 0.00533570723583296
2944 0.00533570723583296
9170 0.00533570723583296
5970 0.00533570723583296
1869 0.00533570723583296
1890 0.00533570723583296
652 0.00533570723583296
3479 0.0050371489736809
79679 0.0050371489736809
3606 0.0050371489736809
4854 0.0050371489736809
59348 0.0050371489736809
5578 0.0050371489736809
5156 0.0050371489736809
2056 0.0050371489736809
7251 0.0050371489736809
6667 0.0050371489736809
4915 0.0050371489736809
2113 0.0050371489736809
440 0.0050371489736809
1969 0.0050371489736809
958 0.0050371489736809
8682 0.0050371489736809
1588 0.0050371489736809
214 0.0050371489736809
1508 0.0050371489736809
1366 0.0050371489736809
1432 0.0050371489736809
1950 0.00430992405975285
6750 0.00401136579760079
7490 0.00401136579760079
1017 0.00371280753544872
4322 0.00344994135099703
54361 0.00344994135099703
4321 0.00344994135099703
338645 0.00344994135099703
126549 0.00344994135099703
5820 0.00344994135099703
3232 0.00344994135099703
5325 0.00341424927329665
1843 0.00341424927329665
8202 0.00341424927329665
6623 0.00341424927329665
5654 0.00341424927329665
6462 0.00341424927329665
3265 0.00341424927329665
4323 0.00341424927329665
4513 0.00341424927329665
7052 0.00341424927329665
2263 0.00341424927329665
2492 0.00311569101114458
58506 0.00311569101114458
23566 0.00311569101114458
11200 0.00311569101114458
23405 0.00311569101114458
10855 0.00311569101114458
10406 0.00311569101114458
5468 0.00311569101114458
11202 0.00311569101114458
5176 0.00311569101114458
1917 0.00311569101114458
5058 0.00311569101114458
1495 0.00281713274899252
1392 0.00281713274899252
133 0.00281713274899252
1364 0.00281713274899252
3586 0.00281713274899252
1316 0.00281713274899252
1909 0.00281713274899252
6093 0.00281713274899252
7991 0.00281713274899252
43 0.00281713274899252
10857 0.00281713274899252
7849 0.00281713274899252
3458 0.00281713274899252
3598 0.00281713274899252
5046 0.00281713274899252
185 0.00281713274899252
9940 0.00281713274899252
56849 0.00281713274899252
9429 0.00281713274899252
53340 0.00281713274899252
4437 0.00281713274899252
56648 0.00281713274899252
864 0.00281713274899252
3815 0.00281713274899252
10000 0.00281713274899252
7764 0.00281713274899252
29103 0.00281713274899252
1028 0.00281713274899252
4585 0.00281713274899252
8635 0.00281713274899252
10555 0.00281713274899252
5655 0.00281713274899252
472 0.00281713274899252
1509 0.00281713274899252
2429 0.00281713274899252
2678 0.00281713274899252
2050 0.00281713274899252
1576 0.00281713274899252
3082 0.00281713274899252
6768 0.00281713274899252
2253 0.00281713274899252
7153 0.00281713274899252
2950 0.00281713274899252
7077 0.00281713274899252
7421 0.00281713274899252
5327 0.00281713274899252
2246 0.00281713274899252
2066 0.00281713274899252
2952 0.00281713274899252
1525 0.00281713274899252
80781 0.00281713274899252
2919 0.00281713274899252
94031 0.00281713274899252
2252 0.00281713274899252
1786 0.00281713274899252
7076 0.00281713274899252
2052 0.00281713274899252
7163 0.00251857448684045
54346 0.00251857448684045
6714 0.00251857448684045
7216 0.00251857448684045
26271 0.00251857448684045
9846 0.00251857448684045
6615 0.00251857448684045
8915 0.00251857448684045
9112 0.00251857448684045
9166 0.00251857448684045
5268 0.00251857448684045
9168 0.00251857448684045
7402 0.00251857448684045
7345 0.00251857448684045
7222 0.00251857448684045
11279 0.00251857448684045
5329 0.00251857448684045
26135 0.00251857448684045
54658 0.00251857448684045
23452 0.00251857448684045
5087 0.00251857448684045
10481 0.00251857448684045
10642 0.00251857448684045
6926 0.00251857448684045
10653 0.00251857448684045
5037 0.00251857448684045
7012 0.00251857448684045
54514 0.00251857448684045
5155 0.00251857448684045
11047 0.00251857448684045
5178 0.00251857448684045
5168 0.00251857448684045
26038 0.00251857448684045
7083 0.00251857448684045
5159 0.00251857448684045
6817 0.00251857448684045
6868 0.00251857448684045
11156 0.00251857448684045
7066 0.00251857448684045
5395 0.00251857448684045
6041 0.00251857448684045
8321 0.00251857448684045
7516 0.00251857448684045
5742 0.00251857448684045
23362 0.00251857448684045
6387 0.00251857448684045
29775 0.00251857448684045
29126 0.00251857448684045
6422 0.00251857448684045
8605 0.00251857448684045
5724 0.00251857448684045
7515 0.00251857448684045
50943 0.00251857448684045
6382 0.00251857448684045
6036 0.00251857448684045
6249 0.00251857448684045
6286 0.00251857448684045
5947 0.00251857448684045
7850 0.00251857448684045
30848 0.00251857448684045
6303 0.00251857448684045
1019 0.00251857448684045
8091 0.00251857448684045
6347 0.00251857448684045
5829 0.00251857448684045
5720 0.00251857448684045
5660 0.00251857448684045
5584 0.00251857448684045
8797 0.00251857448684045
5566 0.00251857448684045
5562 0.00251857448684045
5528 0.00251857448684045
5524 0.00251857448684045
51366 0.00251857448684045
8826 0.00251857448684045
29102 0.00251857448684045
8837 0.00251857448684045
5444 0.00251857448684045
8751 0.00251857448684045
7412 0.00251857448684045
8611 0.00251857448684045
6423 0.00251857448684045
6470 0.00251857448684045
5650 0.00251857448684045
8647 0.00251857448684045
5605 0.00251857448684045
5604 0.00251857448684045
7045 0.00251857448684045
7482 0.00251857448684045
7448 0.00251857448684045
8728 0.00251857448684045
51720 0.00251857448684045
54940 0.00251857448684045
3416 0.00251857448684045
2309 0.00251857448684045
2277 0.00251857448684045
91768 0.00251857448684045
2175 0.00251857448684045
93659 0.00251857448684045
2139 0.00251857448684045
2118 0.00251857448684045
2101 0.00251857448684045
2071 0.00251857448684045
2068 0.00251857448684045
2057 0.00251857448684045
1394 0.00251857448684045
1977 0.00251857448684045
112939 0.00251857448684045
1906 0.00251857448684045
1870 0.00251857448684045
1848 0.00251857448684045
2321 0.00251857448684045
90780 0.00251857448684045
2592 0.00251857448684045
3291 0.00251857448684045
80705 0.00251857448684045
3159 0.00251857448684045
3123 0.00251857448684045
3117 0.00251857448684045
3109 0.00251857448684045
1806 0.00251857448684045
3084 0.00251857448684045
2932 0.00251857448684045
84142 0.00251857448684045
2822 0.00251857448684045
2817 0.00251857448684045
2810 0.00251857448684045
2706 0.00251857448684045
2697 0.00251857448684045
2664 0.00251857448684045
2621 0.00251857448684045
1839 0.00251857448684045
1789 0.00251857448684045
796 0.00251857448684045
780 0.00251857448684045
768 0.00251857448684045
406883 0.00251857448684045
598 0.00251857448684045
572 0.00251857448684045
406938 0.00251857448684045
538 0.00251857448684045
406991 0.00251857448684045
407008 0.00251857448684045
387 0.00251857448684045
356 0.00251857448684045
355 0.00251857448684045
348 0.00251857448684045
329 0.00251857448684045
328 0.00251857448684045
240 0.00251857448684045
814 0.00251857448684045
390998 0.00251857448684045
360226 0.00251857448684045
119391 0.00251857448684045
1544 0.00251857448684045
130399 0.00251857448684045
1490 0.00251857448684045
140690 0.00251857448684045
144455 0.00251857448684045
157310 0.00251857448684045
192343 0.00251857448684045
1401 0.00251857448684045
9473 0.00251857448684045
1385 0.00251857448684045
1241 0.00251857448684045
967 0.00251857448684045
340547 0.00251857448684045
901 0.00251857448684045
874 0.00251857448684045
861 0.00251857448684045
182 0.00251857448684045
3698 0.00251857448684045
3976 0.00251857448684045
63928 0.00251857448684045
3574 0.00251857448684045
3643 0.00251857448684045
3565 0.00251857448684045
57111 0.00251857448684045
4162 0.00251857448684045
4052 0.00251857448684045
3973 0.00251857448684045
3688 0.00251857448684045
57602 0.00251857448684045
3678 0.00251857448684045
3814 0.00251857448684045
3855 0.00251857448684045
60468 0.00251857448684045
3640 0.00251857448684045
3897 0.00251857448684045
3621 0.00251857448684045
3605 0.00251857448684045
3552 0.00251857448684045
4214 0.00251857448684045
4215 0.00251857448684045
56413 0.00251857448684045
3486 0.00251857448684045
56259 0.00251857448684045
56667 0.00251857448684045
4615 0.00251857448684045
4486 0.00251857448684045
4756 0.00251857448684045
55554 0.00251857448684045
4282 0.00251857448684045
4254 0.00251857448684045
55294 0.00251857448684045
4221 0.00251857448684045
3488 0.00251857448684045
3557 0.00251857448684045
3342 0.00238846609721654
5111 0.00208990783506447
4077 0.00208990783506447
7314 0.00149279131076034
4018 0.00149279131076034
7316 0.00149279131076034
7039 0.00119423304860827
7248 0.00119423304860827
283120 0.00119423304860827
7161 8.95674786456203E-4
1462 8.95674786456203E-4
10801 8.95674786456203E-4
1630 8.95674786456203E-4
7431 8.95674786456203E-4
51741 8.95674786456203E-4
25797 8.95674786456203E-4
1801 8.95674786456203E-4
9636 8.95674786456203E-4
4193 8.95674786456203E-4
1822 8.95674786456203E-4
2048 8.95674786456203E-4
4360 8.95674786456203E-4
7096 8.95674786456203E-4
83478 8.95674786456203E-4
3204 8.95674786456203E-4
2272 8.95674786456203E-4
11186 8.95674786456203E-4
353174 5.97116524304135E-4
4255 5.97116524304135E-4
925 5.97116524304135E-4
23038 5.97116524304135E-4
353376 5.97116524304135E-4
23158 5.97116524304135E-4
8661 5.97116524304135E-4
1191 5.97116524304135E-4
81557 5.97116524304135E-4
4100 5.97116524304135E-4
4312 5.97116524304135E-4
29107 5.97116524304135E-4
6428 5.97116524304135E-4
3201 5.97116524304135E-4
1437 5.97116524304135E-4
1435 5.97116524304135E-4
116833 5.97116524304135E-4
64699 5.97116524304135E-4
8829 5.97116524304135E-4
8996 5.97116524304135E-4
55611 5.97116524304135E-4
4830 5.97116524304135E-4
3429 5.97116524304135E-4
324 5.97116524304135E-4
10534 5.97116524304135E-4
10923 5.97116524304135E-4
728239 5.97116524304135E-4
10573 5.97116524304135E-4
10671 5.97116524304135E-4
358 5.97116524304135E-4
4763 5.97116524304135E-4
4363 5.97116524304135E-4
6046 5.97116524304135E-4
590 5.97116524304135E-4
9622 5.97116524304135E-4
6023 5.97116524304135E-4
4597 5.97116524304135E-4
3400 5.97116524304135E-4
5062 5.97116524304135E-4
2627 5.97116524304135E-4
100302736 5.97116524304135E-4
1543 5.97116524304135E-4
1678 5.97116524304135E-4
6581 5.97116524304135E-4
2119 5.97116524304135E-4
5727 5.97116524304135E-4
2626 5.97116524304135E-4
5725 5.97116524304135E-4
58155 5.97116524304135E-4
5585 5.97116524304135E-4
3090 5.97116524304135E-4
3596 5.97116524304135E-4
2305 5.97116524304135E-4
2146 5.97116524304135E-4
5715 5.97116524304135E-4
3702 5.97116524304135E-4
6794 5.97116524304135E-4
6520 5.97116524304135E-4
5624 5.97116524304135E-4
2922 5.97116524304135E-4
124641 5.97116524304135E-4
5530 5.97116524304135E-4
2264 5.97116524304135E-4
51014 5.97116524304135E-4
7058 5.97116524304135E-4
11261 2.98558262152068E-4
55655 2.98558262152068E-4
11266 2.98558262152068E-4
79971 2.98558262152068E-4
96764 2.98558262152068E-4
65018 2.98558262152068E-4
51312 2.98558262152068E-4
11258 2.98558262152068E-4
27043 2.98558262152068E-4
407977 2.98558262152068E-4
51214 2.98558262152068E-4
43847 2.98558262152068E-4
100188776 2.98558262152068E-4
65108 2.98558262152068E-4
54894 2.98558262152068E-4
101669765 2.98558262152068E-4
11151 2.98558262152068E-4
11009 2.98558262152068E-4
26017 2.98558262152068E-4
54852 2.98558262152068E-4
55578 2.98558262152068E-4
25900 2.98558262152068E-4
653108 2.98558262152068E-4
89869 2.98558262152068E-4
100528032 2.98558262152068E-4
55695 2.98558262152068E-4
23200 2.98558262152068E-4
50507 2.98558262152068E-4
23205 2.98558262152068E-4
84519 2.98558262152068E-4
266740 2.98558262152068E-4
245913 2.98558262152068E-4
203068 2.98558262152068E-4
64866 2.98558262152068E-4
23387 2.98558262152068E-4
117246 2.98558262152068E-4
24140 2.98558262152068E-4
23586 2.98558262152068E-4
84000 2.98558262152068E-4
64221 2.98558262152068E-4
133396 2.98558262152068E-4
83719 2.98558262152068E-4
284366 2.98558262152068E-4
84692 2.98558262152068E-4
23136 2.98558262152068E-4
114609 2.98558262152068E-4
80018 2.98558262152068E-4
80325 2.98558262152068E-4
12 2.98558262152068E-4
389421 2.98558262152068E-4
114907 2.98558262152068E-4
30816 2.98558262152068E-4
50511 2.98558262152068E-4
11331 2.98558262152068E-4
22914 2.98558262152068E-4
57506 2.98558262152068E-4
57591 2.98558262152068E-4
29893 2.98558262152068E-4
27306 2.98558262152068E-4
89782 2.98558262152068E-4
29072 2.98558262152068E-4
23569 2.98558262152068E-4
10902 2.98558262152068E-4
1959 2.98558262152068E-4
2885 2.98558262152068E-4
2971 2.98558262152068E-4
3059 2.98558262152068E-4
3065 2.98558262152068E-4
3066 2.98558262152068E-4
3133 2.98558262152068E-4
3192 2.98558262152068E-4
3202 2.98558262152068E-4
2833 2.98558262152068E-4
2719 2.98558262152068E-4
2065 2.98558262152068E-4
2122 2.98558262152068E-4
2167 2.98558262152068E-4
2247 2.98558262152068E-4
2260 2.98558262152068E-4
2463 2.98558262152068E-4
2520 2.98558262152068E-4
2688 2.98558262152068E-4
3216 2.98558262152068E-4
3249 2.98558262152068E-4
3250 2.98558262152068E-4
3726 2.98558262152068E-4
3816 2.98558262152068E-4
3916 2.98558262152068E-4
3918 2.98558262152068E-4
3956 2.98558262152068E-4
4101 2.98558262152068E-4
4118 2.98558262152068E-4
4192 2.98558262152068E-4
3667 2.98558262152068E-4
3600 2.98558262152068E-4
3373 2.98558262152068E-4
3381 2.98558262152068E-4
3398 2.98558262152068E-4
3456 2.98558262152068E-4
3482 2.98558262152068E-4
3491 2.98558262152068E-4
3547 2.98558262152068E-4
3558 2.98558262152068E-4
4194 2.98558262152068E-4
81 2.98558262152068E-4
558 2.98558262152068E-4
668 2.98558262152068E-4
820 2.98558262152068E-4
838 2.98558262152068E-4
846 2.98558262152068E-4
890 2.98558262152068E-4
947 2.98558262152068E-4
961 2.98558262152068E-4
445 2.98558262152068E-4
407 2.98558262152068E-4
90 2.98558262152068E-4
142 2.98558262152068E-4
177 2.98558262152068E-4
238 2.98558262152068E-4
320 2.98558262152068E-4
354 2.98558262152068E-4
362 2.98558262152068E-4
389 2.98558262152068E-4
1009 2.98558262152068E-4
1022 2.98558262152068E-4
1033 2.98558262152068E-4
1558 2.98558262152068E-4
1601 2.98558262152068E-4
1634 2.98558262152068E-4
1655 2.98558262152068E-4
1778 2.98558262152068E-4
1855 2.98558262152068E-4
1902 2.98558262152068E-4
1910 2.98558262152068E-4
1523 2.98558262152068E-4
1500 2.98558262152068E-4
1236 2.98558262152068E-4
1326 2.98558262152068E-4
1356 2.98558262152068E-4
1363 2.98558262152068E-4
1436 2.98558262152068E-4
1442 2.98558262152068E-4
1443 2.98558262152068E-4
1488 2.98558262152068E-4
1949 2.98558262152068E-4
6662 2.98558262152068E-4
7384 2.98558262152068E-4
7428 2.98558262152068E-4
7476 2.98558262152068E-4
7546 2.98558262152068E-4
8048 2.98558262152068E-4
8215 2.98558262152068E-4
8289 2.98558262152068E-4
8322 2.98558262152068E-4
7097 2.98558262152068E-4
7024 2.98558262152068E-4
6677 2.98558262152068E-4
6687 2.98558262152068E-4
6692 2.98558262152068E-4
6732 2.98558262152068E-4
6776 2.98558262152068E-4
6777 2.98558262152068E-4
6783 2.98558262152068E-4
6892 2.98558262152068E-4
8448 2.98558262152068E-4
8543 2.98558262152068E-4
8646 2.98558262152068E-4
9770 2.98558262152068E-4
9970 2.98558262152068E-4
10206 2.98558262152068E-4
10216 2.98558262152068E-4
10249 2.98558262152068E-4
10365 2.98558262152068E-4
10383 2.98558262152068E-4
10519 2.98558262152068E-4
9518 2.98558262152068E-4
9242 2.98558262152068E-4
8655 2.98558262152068E-4
8714 2.98558262152068E-4
8742 2.98558262152068E-4
8794 2.98558262152068E-4
8841 2.98558262152068E-4
8895 2.98558262152068E-4
9159 2.98558262152068E-4
9232 2.98558262152068E-4
10535 2.98558262152068E-4
4311 2.98558262152068E-4
4914 2.98558262152068E-4
4936 2.98558262152068E-4
5002 2.98558262152068E-4
5047 2.98558262152068E-4
5104 2.98558262152068E-4
5125 2.98558262152068E-4
5175 2.98558262152068E-4
5231 2.98558262152068E-4
4878 2.98558262152068E-4
4860 2.98558262152068E-4
4352 2.98558262152068E-4
4477 2.98558262152068E-4
4485 2.98558262152068E-4
4583 2.98558262152068E-4
4586 2.98558262152068E-4
4760 2.98558262152068E-4
4783 2.98558262152068E-4
4839 2.98558262152068E-4
5245 2.98558262152068E-4
5295 2.98558262152068E-4
5308 2.98558262152068E-4
5932 2.98558262152068E-4
6278 2.98558262152068E-4
6294 2.98558262152068E-4
6397 2.98558262152068E-4
6416 2.98558262152068E-4
6446 2.98558262152068E-4
6576 2.98558262152068E-4
6596 2.98558262152068E-4
5925 2.98558262152068E-4
5920 2.98558262152068E-4
5443 2.98558262152068E-4
5518 2.98558262152068E-4
5539 2.98558262152068E-4
5573 2.98558262152068E-4
5641 2.98558262152068E-4
5730 2.98558262152068E-4
5753 2.98558262152068E-4
5891 2.98558262152068E-4
6659 2.98558262152068E-4
