5144 0.0371533951968424
4524 0.0358930768032411
2153 0.0299549542326963
2147 0.025310779833091
1636 0.0234863875876821
2244 0.0212967646302863
348 0.0194393297123809
4846 0.0163209892960325
5054 0.0160224310338804
2162 0.0143968819282923
1401 0.0119753731585792
3553 0.0118426153637514
5444 0.0116768148964271
5327 0.0116768148964271
3569 0.0113782566342751
3673 0.0112454988394473
3690 0.0109469405772952
241 0.0107811401099709
2155 0.00869123227490647
3383 0.00779555748845027
2243 0.00779555748845027
7124 0.00733119875897391
3303 0.00719844096414613
5340 0.00597116524304135
116519 0.00553984918606151
2053 0.00494273266175737
7099 0.00494273266175737
6401 0.0046441743996053
3552 0.0046441743996053
9365 0.00434561613745324
3674 0.00434561613745324
2878 0.00434561613745324
4314 0.00404705787530117
929 0.00404705787530117
4883 0.00404705787530117
4973 0.00404705787530117
11093 0.00404705787530117
1282 0.00388125740797688
4282 0.0037484996131491
3305 0.0037484996131491
3304 0.0037484996131491
11132 0.0037484996131491
3123 0.0037484996131491
8858 0.0037484996131491
5175 0.0037484996131491
2161 0.0037484996131491
6347 0.0037484996131491
1284 0.00358269914582481
6532 0.00344994135099703
6548 0.00344994135099703
3119 0.00344994135099703
2811 0.00344994135099703
3091 0.00344994135099703
3106 0.00344994135099703
5265 0.00344994135099703
3122 0.00344994135099703
3676 0.00344994135099703
5555 0.00298558262152068
4023 0.00298558262152068
5554 0.00298558262152068
5660 0.00298558262152068
5743 0.00238846609721654
185 0.00208990783506447
3557 0.00208990783506447
3769 0.00208990783506447
3576 0.00179134957291241
183 0.00179134957291241
7450 0.00179134957291241
4854 0.00149279131076034
22915 0.00149279131076034
338 0.00149279131076034
5624 0.00149279131076034
4049 0.00149279131076034
2099 0.00149279131076034
342977 0.00149279131076034
4815 0.00149279131076034
4760 0.00119423304860827
10383 0.00119423304860827
1535 0.00119423304860827
462 0.00119423304860827
4056 0.00119423304860827
1361 0.00119423304860827
407977 0.00119423304860827
2152 0.00119423304860827
1071 0.00119423304860827
7040 0.00119423304860827
8529 0.00119423304860827
4018 0.00119423304860827
5468 0.00119423304860827
8742 0.00119423304860827
1585 0.00119423304860827
6403 0.00119423304860827
3565 8.95674786456203E-4
140913 8.95674786456203E-4
3586 8.95674786456203E-4
89822 8.95674786456203E-4
3936 8.95674786456203E-4
5972 8.95674786456203E-4
7422 8.95674786456203E-4
5742 8.95674786456203E-4
9734 8.95674786456203E-4
5583 8.95674786456203E-4
5445 8.95674786456203E-4
367 8.95674786456203E-4
4878 8.95674786456203E-4
4855 8.95674786456203E-4
4852 8.95674786456203E-4
4548 8.95674786456203E-4
627 8.95674786456203E-4
12 8.95674786456203E-4
1465 8.95674786456203E-4
1559 8.95674786456203E-4
79001 8.95674786456203E-4
2266 8.95674786456203E-4
51206 8.95674786456203E-4
3077 8.95674786456203E-4
3605 5.97116524304135E-4
2028 5.97116524304135E-4
2643 5.97116524304135E-4
2668 5.97116524304135E-4
8131 5.97116524304135E-4
2717 5.97116524304135E-4
4695 5.97116524304135E-4
118 5.97116524304135E-4
7941 5.97116524304135E-4
6367 5.97116524304135E-4
10855 5.97116524304135E-4
4318 5.97116524304135E-4
2837 5.97116524304135E-4
8170 5.97116524304135E-4
55829 5.97116524304135E-4
5465 5.97116524304135E-4
1573 5.97116524304135E-4
177 5.97116524304135E-4
100048912 5.97116524304135E-4
2212 5.97116524304135E-4
197 5.97116524304135E-4
8997 5.97116524304135E-4
4908 5.97116524304135E-4
8626 5.97116524304135E-4
5687 5.97116524304135E-4
324 5.97116524304135E-4
2260 5.97116524304135E-4
9370 5.97116524304135E-4
9620 5.97116524304135E-4
4513 5.97116524304135E-4
10856 5.97116524304135E-4
3308 5.97116524304135E-4
3791 5.97116524304135E-4
19 5.97116524304135E-4
959 5.97116524304135E-4
2100 5.97116524304135E-4
1029 5.97116524304135E-4
1351 5.97116524304135E-4
6948 5.97116524304135E-4
59 5.97116524304135E-4
1312 5.97116524304135E-4
2056 5.97116524304135E-4
26246 5.97116524304135E-4
60495 5.97116524304135E-4
3162 5.97116524304135E-4
7056 5.97116524304135E-4
1121 5.97116524304135E-4
3949 5.97116524304135E-4
3957 5.97116524304135E-4
3075 5.97116524304135E-4
3993 5.97116524304135E-4
4048 5.97116524304135E-4
875 5.97116524304135E-4
2701 5.97116524304135E-4
260402 5.97116524304135E-4
4185 5.97116524304135E-4
958 5.97116524304135E-4
3958 5.97116524304135E-4
28 5.97116524304135E-4
3976 5.97116524304135E-4
7351 2.98558262152068E-4
56955 2.98558262152068E-4
7292 2.98558262152068E-4
55349 2.98558262152068E-4
54822 2.98558262152068E-4
54658 2.98558262152068E-4
7494 2.98558262152068E-4
23158 2.98558262152068E-4
54763 2.98558262152068E-4
8215 2.98558262152068E-4
55937 2.98558262152068E-4
7495 2.98558262152068E-4
7980 2.98558262152068E-4
54821 2.98558262152068E-4
101669765 2.98558262152068E-4
54209 2.98558262152068E-4
59272 2.98558262152068E-4
10580 2.98558262152068E-4
10645 2.98558262152068E-4
327657 2.98558262152068E-4
50604 2.98558262152068E-4
51284 2.98558262152068E-4
28954 2.98558262152068E-4
50506 2.98558262152068E-4
255738 2.98558262152068E-4
22933 2.98558262152068E-4
23531 2.98558262152068E-4
130507 2.98558262152068E-4
26768 2.98558262152068E-4
27190 2.98558262152068E-4
64805 2.98558262152068E-4
50805 2.98558262152068E-4
10578 2.98558262152068E-4
8807 2.98558262152068E-4
53905 2.98558262152068E-4
51802 2.98558262152068E-4
497258 2.98558262152068E-4
9027 2.98558262152068E-4
450093 2.98558262152068E-4
9197 2.98558262152068E-4
51599 2.98558262152068E-4
9429 2.98558262152068E-4
51311 2.98558262152068E-4
391191 2.98558262152068E-4
9971 2.98558262152068E-4
10085 2.98558262152068E-4
391114 2.98558262152068E-4
51085 2.98558262152068E-4
27319 2.98558262152068E-4
3567 2.98558262152068E-4
2258 2.98558262152068E-4
2247 2.98558262152068E-4
2 2.98558262152068E-4
2167 2.98558262152068E-4
2157 2.98558262152068E-4
2146 2.98558262152068E-4
1917 2.98558262152068E-4
1910 2.98558262152068E-4
2590 2.98558262152068E-4
2593 2.98558262152068E-4
3479 2.98558262152068E-4
3356 2.98558262152068E-4
3084 2.98558262152068E-4
3026 2.98558262152068E-4
2784 2.98558262152068E-4
2737 2.98558262152068E-4
2646 2.98558262152068E-4
2628 2.98558262152068E-4
1855 2.98558262152068E-4
1839 2.98558262152068E-4
1728 2.98558262152068E-4
690 2.98558262152068E-4
580 2.98558262152068E-4
472 2.98558262152068E-4
463 2.98558262152068E-4
350 2.98558262152068E-4
246 2.98558262152068E-4
213 2.98558262152068E-4
154 2.98558262152068E-4
718 2.98558262152068E-4
1020 2.98558262152068E-4
1557 2.98558262152068E-4
1130 2.98558262152068E-4
1116 2.98558262152068E-4
1087 2.98558262152068E-4
1048 2.98558262152068E-4
1033 2.98558262152068E-4
1030 2.98558262152068E-4
1022 2.98558262152068E-4
133 2.98558262152068E-4
7098 2.98558262152068E-4
5734 2.98558262152068E-4
5732 2.98558262152068E-4
5670 2.98558262152068E-4
5467 2.98558262152068E-4
5346 2.98558262152068E-4
5328 2.98558262152068E-4
5270 2.98558262152068E-4
5243 2.98558262152068E-4
5891 2.98558262152068E-4
6036 2.98558262152068E-4
7097 2.98558262152068E-4
7077 2.98558262152068E-4
6783 2.98558262152068E-4
6470 2.98558262152068E-4
6446 2.98558262152068E-4
6404 2.98558262152068E-4
6352 2.98558262152068E-4
6272 2.98558262152068E-4
5154 2.98558262152068E-4
5092 2.98558262152068E-4
5027 2.98558262152068E-4
4306 2.98558262152068E-4
4261 2.98558262152068E-4
4015 2.98558262152068E-4
3630 2.98558262152068E-4
3613 2.98558262152068E-4
3606 2.98558262152068E-4
3588 2.98558262152068E-4
3587 2.98558262152068E-4
4319 2.98558262152068E-4
4512 2.98558262152068E-4
5025 2.98558262152068E-4
4982 2.98558262152068E-4
4881 2.98558262152068E-4
4879 2.98558262152068E-4
4877 2.98558262152068E-4
4810 2.98558262152068E-4
4552 2.98558262152068E-4
1084 2.98558262152068E-4
3568 2.98558262152068E-4
