672 0.44
1499 0.4
4978 0.301791349572912
7157 0.232448768370938
675 0.14
5925 0.122192439416743
3845 0.122026638949418
5728 0.111975373158579
4086 0.1
4090 0.1
2944 0.0418306122689442
7422 0.0381818277781264
2952 0.037484996131491
2950 0.0371864378693389
5243 0.0347649290996259
367 0.0341678125753218
5241 0.0295236381757164
1029 0.028462162921936
2064 0.027666203257811
7421 0.0271351720784999
2067 0.0248794637761111
1026 0.0239837889896549
1543 0.0236852307275029
94025 0.0232875444478613
2068 0.0221924394167425
4077 0.0208990783506447
673 0.0193396145900496
5290 0.0193065719175531
1027 0.0187424980657455
1545 0.0187424980657455
2099 0.018709455393249
1312 0.0184439398035934
4524 0.0170839062876609
1956 0.0170178209426679
4292 0.0163209892960325
11200 0.0158896732390526
4312 0.0149939984525964
894 0.0143968819282923
4683 0.0143968819282923
595 0.0139325231988159
4436 0.0131696062071875
5889 0.0128710479450354
7248 0.0128380052725389
5888 0.0127382901502076
1950 0.0122739314207313
898 0.0121411736259035
1017 0.0121411736259035
1586 0.0121411736259035
2492 0.0121411736259035
7515 0.0121411736259035
3557 0.0118426153637514
3569 0.0116768148964271
1030 0.0112454988394473
1576 0.0112454988394473
3553 0.0112454988394473
4314 0.0112454988394473
6648 0.0112454988394473
896 0.0106483823151432
1019 0.0106483823151432
3123 0.0106483823151432
4318 0.0104825818478189
1031 0.0103498240529911
1032 0.0103498240529911
7124 0.0100182231183425
960 0.00971966485619045
841 0.00898979053705854
2247 0.00898979053705854
5054 0.00898979053705854
6790 0.00898979053705854
580 0.00882399006973425
2100 0.00869123227490647
472 0.0083926740127544
2956 0.0083926740127544
4313 0.0083926740127544
4316 0.0083926740127544
3479 0.00809411575060234
5328 0.00809411575060234
6716 0.00809411575060234
1544 0.00779555748845027
1558 0.00779555748845027
3552 0.00779555748845027
7516 0.00779555748845027
7517 0.00779555748845027
7015 0.00762975702112598
10 0.0074969992262982
1244 0.0074969992262982
3486 0.0074969992262982
3606 0.0074969992262982
3690 0.0074969992262982
4363 0.0074969992262982
54796 0.0074969992262982
4582 0.00733119875897391
1588 0.00719844096414613
2589 0.00719844096414613
3105 0.00719844096414613
3119 0.00719844096414613
4353 0.00719844096414613
4361 0.00719844096414613
4792 0.00719844096414613
5327 0.00719844096414613
5932 0.00719844096414613
9111 0.00719844096414613
54658 0.00719844096414613
119391 0.00719844096414613
5111 0.00703264049682184
5743 0.00703264049682184
1021 0.00689988270199407
1788 0.00689988270199407
3117 0.00689988270199407
3488 0.00689988270199407
6817 0.00689988270199407
406932 0.00689988270199407
406935 0.00689988270199407
406938 0.00689988270199407
4193 0.00673408223466978
8743 0.00673408223466978
1435 0.00643552397251771
2592 0.00613696571036564
3576 0.00613696571036564
6774 0.00583840744821357
142 0.00567260698088929
2263 0.00553984918606151
5245 0.00553984918606151
5594 0.00553984918606151
6678 0.00553984918606151
8202 0.00553984918606151
83990 0.00553984918606151
23158 0.00537404871873722
3091 0.00524129092390944
3586 0.00524129092390944
4323 0.00524129092390944
5655 0.00524129092390944
6696 0.00524129092390944
207 0.00507549045658515
4018 0.00507549045658515
5291 0.00507549045658515
5293 0.00507549045658515
5294 0.00507549045658515
3630 0.00494273266175737
7040 0.00494273266175737
7298 0.00494273266175737
596 0.0046441743996053
652 0.0046441743996053
1601 0.0046441743996053
1869 0.0046441743996053
2052 0.0046441743996053
2335 0.0046441743996053
3554 0.0046441743996053
3685 0.0046441743996053
4194 0.0046441743996053
4609 0.0046441743996053
8837 0.0046441743996053
11259 0.0046441743996053
51741 0.0046441743996053
2837 0.00447837393228102
3481 0.00447837393228102
8170 0.00447837393228102
10232 0.00447837393228102
1806 0.00434561613745324
2065 0.00434561613745324
2919 0.00434561613745324
3292 0.00434561613745324
3897 0.00434561613745324
3934 0.00434561613745324
4513 0.00434561613745324
7507 0.00434561613745324
9429 0.00434561613745324
100133941 0.00434561613745324
355 0.00404705787530117
999 0.00404705787530117
1490 0.00404705787530117
3398 0.00404705787530117
3480 0.00404705787530117
3484 0.00404705787530117
3981 0.00404705787530117
4052 0.00404705787530117
4072 0.00404705787530117
4288 0.00404705787530117
4437 0.00404705787530117
4512 0.00404705787530117
4968 0.00404705787530117
5444 0.00404705787530117
5742 0.00404705787530117
5893 0.00404705787530117
7076 0.00404705787530117
7077 0.00404705787530117
7078 0.00404705787530117
7424 0.00404705787530117
8991 0.00404705787530117
10468 0.00404705787530117
26038 0.00404705787530117
56849 0.00404705787530117
115761 0.00404705787530117
149233 0.00404705787530117
406883 0.00404705787530117
1364 0.00388125740797688
3702 0.00388125740797688
6581 0.00388125740797688
25 0.0037484996131491
332 0.0037484996131491
598 0.0037484996131491
684 0.0037484996131491
699 0.0037484996131491
718 0.0037484996131491
796 0.0037484996131491
843 0.0037484996131491
993 0.0037484996131491
1022 0.0037484996131491
1361 0.0037484996131491
1509 0.0037484996131491
1634 0.0037484996131491
1728 0.0037484996131491
1870 0.0037484996131491
1871 0.0037484996131491
1874 0.0037484996131491
2073 0.0037484996131491
2353 0.0037484996131491
2627 0.0037484996131491
3106 0.0037484996131491
3231 0.0037484996131491
3295 0.0037484996131491
3336 0.0037484996131491
3572 0.0037484996131491
3579 0.0037484996131491
3688 0.0037484996131491
3725 0.0037484996131491
4035 0.0037484996131491
4232 0.0037484996131491
4522 0.0037484996131491
4793 0.0037484996131491
4846 0.0037484996131491
4854 0.0037484996131491
5329 0.0037484996131491
5347 0.0037484996131491
5378 0.0037484996131491
5395 0.0037484996131491
5934 0.0037484996131491
6278 0.0037484996131491
6470 0.0037484996131491
6531 0.0037484996131491
6615 0.0037484996131491
6772 0.0037484996131491
7043 0.0037484996131491
7291 0.0037484996131491
7430 0.0037484996131491
7508 0.0037484996131491
8313 0.0037484996131491
8314 0.0037484996131491
8607 0.0037484996131491
8631 0.0037484996131491
8850 0.0037484996131491
9232 0.0037484996131491
11073 0.0037484996131491
23345 0.0037484996131491
25976 0.0037484996131491
26872 0.0037484996131491
27063 0.0037484996131491
54875 0.0037484996131491
55862 0.0037484996131491
56547 0.0037484996131491
59348 0.0037484996131491
64127 0.0037484996131491
81847 0.0037484996131491
406937 0.0037484996131491
406983 0.0037484996131491
4360 0.00358269914582481
5653 0.00358269914582481
7161 0.00358269914582481
83478 0.00358269914582481
101 0.00344994135099703
356 0.00344994135099703
374 0.00344994135099703
466 0.00344994135099703
649 0.00344994135099703
710 0.00344994135099703
838 0.00344994135099703
890 0.00344994135099703
891 0.00344994135099703
900 0.00344994135099703
901 0.00344994135099703
970 0.00344994135099703
991 0.00344994135099703
994 0.00344994135099703
1513 0.00344994135099703
1537 0.00344994135099703
1548 0.00344994135099703
1571 0.00344994135099703
1577 0.00344994135099703
1803 0.00344994135099703
1847 0.00344994135099703
1875 0.00344994135099703
1876 0.00344994135099703
1959 0.00344994135099703
1979 0.00344994135099703
2323 0.00344994135099703
2537 0.00344994135099703
2619 0.00344994135099703
2705 0.00344994135099703
2706 0.00344994135099703
2879 0.00344994135099703
2921 0.00344994135099703
2938 0.00344994135099703
2947 0.00344994135099703
3005 0.00344994135099703
3107 0.00344994135099703
3212 0.00344994135099703
3428 0.00344994135099703
3430 0.00344994135099703
3434 0.00344994135099703
3487 0.00344994135099703
3489 0.00344994135099703
3491 0.00344994135099703
3624 0.00344994135099703
3655 0.00344994135099703
3665 0.00344994135099703
3838 0.00344994135099703
3915 0.00344994135099703
4137 0.00344994135099703
4171 0.00344994135099703
4175 0.00344994135099703
4239 0.00344994135099703
4283 0.00344994135099703
4351 0.00344994135099703
4508 0.00344994135099703
4509 0.00344994135099703
4511 0.00344994135099703
4514 0.00344994135099703
4536 0.00344994135099703
4553 0.00344994135099703
4555 0.00344994135099703
4563 0.00344994135099703
4566 0.00344994135099703
4573 0.00344994135099703
4574 0.00344994135099703
4578 0.00344994135099703
4579 0.00344994135099703
4599 0.00344994135099703
4791 0.00344994135099703
4907 0.00344994135099703
4921 0.00344994135099703
4938 0.00344994135099703
4940 0.00344994135099703
5055 0.00344994135099703
5155 0.00344994135099703
5159 0.00344994135099703
5351 0.00344994135099703
5352 0.00344994135099703
5420 0.00344994135099703
5440 0.00344994135099703
5462 0.00344994135099703
5610 0.00344994135099703
5612 0.00344994135099703
5770 0.00344994135099703
5933 0.00344994135099703
5997 0.00344994135099703
6272 0.00344994135099703
6303 0.00344994135099703
6354 0.00344994135099703
6356 0.00344994135099703
6357 0.00344994135099703
6372 0.00344994135099703
6502 0.00344994135099703
6652 0.00344994135099703
6662 0.00344994135099703
6737 0.00344994135099703
6940 0.00344994135099703
7027 0.00344994135099703
7029 0.00344994135099703
7042 0.00344994135099703
7060 0.00344994135099703
7071 0.00344994135099703
7127 0.00344994135099703
7128 0.00344994135099703
7130 0.00344994135099703
7133 0.00344994135099703
7297 0.00344994135099703
7305 0.00344994135099703
7472 0.00344994135099703
7474 0.00344994135099703
7480 0.00344994135099703
7803 0.00344994135099703
8454 0.00344994135099703
8473 0.00344994135099703
8519 0.00344994135099703
8575 0.00344994135099703
8710 0.00344994135099703
8744 0.00344994135099703
8840 0.00344994135099703
8869 0.00344994135099703
8900 0.00344994135099703
8974 0.00344994135099703
9133 0.00344994135099703
9134 0.00344994135099703
9180 0.00344994135099703
9338 0.00344994135099703
9536 0.00344994135099703
9547 0.00344994135099703
9636 0.00344994135099703
10111 0.00344994135099703
10252 0.00344994135099703
10380 0.00344994135099703
10581 0.00344994135099703
10588 0.00344994135099703
10630 0.00344994135099703
10663 0.00344994135099703
10734 0.00344994135099703
22943 0.00344994135099703
23710 0.00344994135099703
24145 0.00344994135099703
27030 0.00344994135099703
28984 0.00344994135099703
51330 0.00344994135099703
51379 0.00344994135099703
64400 0.00344994135099703
84883 0.00344994135099703
91543 0.00344994135099703
126549 0.00344994135099703
157638 0.00344994135099703
406881 0.00344994135099703
406882 0.00344994135099703
406884 0.00344994135099703
406900 0.00344994135099703
406903 0.00344994135099703
406910 0.00344994135099703
406911 0.00344994135099703
406912 0.00344994135099703
406921 0.00344994135099703
406931 0.00344994135099703
406941 0.00344994135099703
406946 0.00344994135099703
406952 0.00344994135099703
406961 0.00344994135099703
406964 0.00344994135099703
406966 0.00344994135099703
406974 0.00344994135099703
406975 0.00344994135099703
406979 0.00344994135099703
406982 0.00344994135099703
406985 0.00344994135099703
406988 0.00344994135099703
406989 0.00344994135099703
406991 0.00344994135099703
406998 0.00344994135099703
407006 0.00344994135099703
407007 0.00344994135099703
407017 0.00344994135099703
407018 0.00344994135099703
407021 0.00344994135099703
407025 0.00344994135099703
407037 0.00344994135099703
407046 0.00344994135099703
407047 0.00344994135099703
407048 0.00344994135099703
407050 0.00344994135099703
407051 0.00344994135099703
442914 0.00344994135099703
442915 0.00344994135099703
494330 0.00344994135099703
494335 0.00344994135099703
648570 0.00344994135099703
1365 0.00328414088367274
1594 0.00328414088367274
3342 0.00328414088367274
5747 0.00298558262152068
6046 0.00298558262152068
7852 0.00298558262152068
8220 0.00298558262152068
836 0.00268702435936861
1678 0.00268702435936861
9077 0.00268702435936861
1437 0.00238846609721654
2048 0.00238846609721654
2348 0.00238846609721654
3082 0.00238846609721654
3816 0.00238846609721654
4477 0.00238846609721654
4485 0.00238846609721654
4790 0.00238846609721654
6387 0.00238846609721654
10381 0.00238846609721654
10406 0.00238846609721654
23038 0.00238846609721654
56996 0.00238846609721654
79728 0.00238846609721654
80781 0.00238846609721654
84000 0.00238846609721654
89782 0.00238846609721654
581 0.00208990783506447
925 0.00208990783506447
3265 0.00208990783506447
6323 0.00208990783506447
6347 0.00208990783506447
6590 0.00208990783506447
6928 0.00208990783506447
8091 0.00208990783506447
8842 0.00208990783506447
11186 0.00208990783506447
27319 0.00208990783506447
56946 0.00208990783506447
57045 0.00208990783506447
112939 0.00208990783506447
133482 0.00208990783506447
373156 0.00208990783506447
1917 0.00179134957291241
1969 0.00179134957291241
2194 0.00179134957291241
2272 0.00179134957291241
2796 0.00179134957291241
2922 0.00179134957291241
3458 0.00179134957291241
3611 0.00179134957291241
4914 0.00179134957291241
5892 0.00179134957291241
6750 0.00179134957291241
7057 0.00179134957291241
7376 0.00179134957291241
7764 0.00179134957291241
25818 0.00179134957291241
208 0.00149279131076034
331 0.00149279131076034
354 0.00149279131076034
1363 0.00149279131076034
1890 0.00149279131076034
2086 0.00149279131076034
2146 0.00149279131076034
2188 0.00149279131076034
2321 0.00149279131076034
2896 0.00149279131076034
3135 0.00149279131076034
4089 0.00149279131076034
5340 0.00149279131076034
5468 0.00149279131076034
6416 0.00149279131076034
6462 0.00149279131076034
6623 0.00149279131076034
7052 0.00149279131076034
7096 0.00149279131076034
7490 0.00149279131076034
8661 0.00149279131076034
11202 0.00149279131076034
27306 0.00149279131076034
29103 0.00149279131076034
30816 0.00149279131076034
43847 0.00149279131076034
55511 0.00149279131076034
133 0.00119423304860827
268 0.00119423304860827
269 0.00119423304860827
324 0.00119423304860827
545 0.00119423304860827
864 0.00119423304860827
920 0.00119423304860827
1111 0.00119423304860827
1525 0.00119423304860827
1839 0.00119423304860827
1906 0.00119423304860827
1909 0.00119423304860827
2122 0.00119423304860827
2248 0.00119423304860827
2309 0.00119423304860827
2597 0.00119423304860827
3126 0.00119423304860827
3485 0.00119423304860827
3558 0.00119423304860827
3952 0.00119423304860827
3973 0.00119423304860827
4246 0.00119423304860827
4744 0.00119423304860827
5654 0.00119423304860827
6786 0.00119423304860827
7046 0.00119423304860827
7251 0.00119423304860827
8205 0.00119423304860827
8493 0.00119423304860827
8996 0.00119423304860827
9622 0.00119423304860827
11012 0.00119423304860827
50943 0.00119423304860827
51773 0.00119423304860827
64699 0.00119423304860827
64979 0.00119423304860827
79679 0.00119423304860827
84168 0.00119423304860827
92140 0.00119423304860827
116833 0.00119423304860827
140690 0.00119423304860827
283120 0.00119423304860827
326625 0.00119423304860827
390502 0.00119423304860827
405754 0.00119423304860827
216 8.95674786456203E-4
259 8.95674786456203E-4
407 8.95674786456203E-4
627 8.95674786456203E-4
846 8.95674786456203E-4
947 8.95674786456203E-4
963 8.95674786456203E-4
968 8.95674786456203E-4
1012 8.95674786456203E-4
1048 8.95674786456203E-4
1191 8.95674786456203E-4
1236 8.95674786456203E-4
1316 8.95674786456203E-4
1380 8.95674786456203E-4
1485 8.95674786456203E-4
1748 8.95674786456203E-4
1843 8.95674786456203E-4
1934 8.95674786456203E-4
2118 8.95674786456203E-4
2177 8.95674786456203E-4
2305 8.95674786456203E-4
2475 8.95674786456203E-4
2691 8.95674786456203E-4
2703 8.95674786456203E-4
3084 8.95674786456203E-4
3090 8.95674786456203E-4
3146 8.95674786456203E-4
3205 8.95674786456203E-4
3207 8.95674786456203E-4
3249 8.95674786456203E-4
3250 8.95674786456203E-4
3294 8.95674786456203E-4
3315 8.95674786456203E-4
3316 8.95674786456203E-4
3456 8.95674786456203E-4
3620 8.95674786456203E-4
3791 8.95674786456203E-4
4255 8.95674786456203E-4
4810 8.95674786456203E-4
4830 8.95674786456203E-4
4856 8.95674786456203E-4
4904 8.95674786456203E-4
5519 8.95674786456203E-4
5573 8.95674786456203E-4
5578 8.95674786456203E-4
5624 8.95674786456203E-4
6023 8.95674786456203E-4
6241 8.95674786456203E-4
6422 8.95674786456203E-4
6424 8.95674786456203E-4
6528 8.95674786456203E-4
6654 8.95674786456203E-4
6687 8.95674786456203E-4
7039 8.95674786456203E-4
7045 8.95674786456203E-4
7070 8.95674786456203E-4
7167 8.95674786456203E-4
7412 8.95674786456203E-4
7514 8.95674786456203E-4
8635 8.95674786456203E-4
8797 8.95674786456203E-4
8829 8.95674786456203E-4
8988 8.95674786456203E-4
9242 8.95674786456203E-4
9308 8.95674786456203E-4
9365 8.95674786456203E-4
9970 8.95674786456203E-4
10011 8.95674786456203E-4
10206 8.95674786456203E-4
10413 8.95674786456203E-4
10519 8.95674786456203E-4
11009 8.95674786456203E-4
23405 8.95674786456203E-4
23566 8.95674786456203E-4
23583 8.95674786456203E-4
27250 8.95674786456203E-4
29108 8.95674786456203E-4
51312 8.95674786456203E-4
55536 8.95674786456203E-4
55578 8.95674786456203E-4
56648 8.95674786456203E-4
57111 8.95674786456203E-4
58506 8.95674786456203E-4
60500 8.95674786456203E-4
79447 8.95674786456203E-4
79648 8.95674786456203E-4
80150 8.95674786456203E-4
84260 8.95674786456203E-4
147719 8.95674786456203E-4
246100 8.95674786456203E-4
653108 8.95674786456203E-4
100188776 8.95674786456203E-4
19 5.97116524304135E-4
31 5.97116524304135E-4
47 5.97116524304135E-4
102 5.97116524304135E-4
173 5.97116524304135E-4
185 5.97116524304135E-4
196 5.97116524304135E-4
250 5.97116524304135E-4
335 5.97116524304135E-4
348 5.97116524304135E-4
408 5.97116524304135E-4
440 5.97116524304135E-4
571 5.97116524304135E-4
572 5.97116524304135E-4
667 5.97116524304135E-4
682 5.97116524304135E-4
861 5.97116524304135E-4
885 5.97116524304135E-4
966 5.97116524304135E-4
1028 5.97116524304135E-4
1033 5.97116524304135E-4
1116 5.97116524304135E-4
1152 5.97116524304135E-4
1366 5.97116524304135E-4
1429 5.97116524304135E-4
1436 5.97116524304135E-4
1440 5.97116524304135E-4
1462 5.97116524304135E-4
1488 5.97116524304135E-4
1523 5.97116524304135E-4
1565 5.97116524304135E-4
1602 5.97116524304135E-4
1630 5.97116524304135E-4
1642 5.97116524304135E-4
1822 5.97116524304135E-4
2000 5.97116524304135E-4
2022 5.97116524304135E-4
2053 5.97116524304135E-4
2066 5.97116524304135E-4
2113 5.97116524304135E-4
2119 5.97116524304135E-4
2152 5.97116524304135E-4
2246 5.97116524304135E-4
2252 5.97116524304135E-4
2264 5.97116524304135E-4
2516 5.97116524304135E-4
2719 5.97116524304135E-4
2768 5.97116524304135E-4
2798 5.97116524304135E-4
2810 5.97116524304135E-4
2923 5.97116524304135E-4
2946 5.97116524304135E-4
3133 5.97116524304135E-4
3172 5.97116524304135E-4
3196 5.97116524304135E-4
3206 5.97116524304135E-4
3251 5.97116524304135E-4
3272 5.97116524304135E-4
3320 5.97116524304135E-4
3329 5.97116524304135E-4
3381 5.97116524304135E-4
3439 5.97116524304135E-4
3447 5.97116524304135E-4
3482 5.97116524304135E-4
3559 5.97116524304135E-4
3565 5.97116524304135E-4
3574 5.97116524304135E-4
3605 5.97116524304135E-4
3621 5.97116524304135E-4
3623 5.97116524304135E-4
3643 5.97116524304135E-4
3667 5.97116524304135E-4
3669 5.97116524304135E-4
3678 5.97116524304135E-4
3857 5.97116524304135E-4
3918 5.97116524304135E-4
3925 5.97116524304135E-4
3956 5.97116524304135E-4
3960 5.97116524304135E-4
4012 5.97116524304135E-4
4015 5.97116524304135E-4
4082 5.97116524304135E-4
4153 5.97116524304135E-4
4162 5.97116524304135E-4
4179 5.97116524304135E-4
4192 5.97116524304135E-4
4210 5.97116524304135E-4
4214 5.97116524304135E-4
4215 5.97116524304135E-4
4254 5.97116524304135E-4
4585 5.97116524304135E-4
5046 5.97116524304135E-4
5047 5.97116524304135E-4
5132 5.97116524304135E-4
5176 5.97116524304135E-4
5178 5.97116524304135E-4
5308 5.97116524304135E-4
5324 5.97116524304135E-4
5325 5.97116524304135E-4
5361 5.97116524304135E-4
5530 5.97116524304135E-4
5595 5.97116524304135E-4
5604 5.97116524304135E-4
5617 5.97116524304135E-4
5627 5.97116524304135E-4
5650 5.97116524304135E-4
5744 5.97116524304135E-4
5947 5.97116524304135E-4
5970 5.97116524304135E-4
5978 5.97116524304135E-4
5979 5.97116524304135E-4
6045 5.97116524304135E-4
6093 5.97116524304135E-4
6094 5.97116524304135E-4
6134 5.97116524304135E-4
6198 5.97116524304135E-4
6240 5.97116524304135E-4
6480 5.97116524304135E-4
6586 5.97116524304135E-4
6647 5.97116524304135E-4
6667 5.97116524304135E-4
6690 5.97116524304135E-4
6692 5.97116524304135E-4
6768 5.97116524304135E-4
6781 5.97116524304135E-4
6783 5.97116524304135E-4
6794 5.97116524304135E-4
6857 5.97116524304135E-4
6868 5.97116524304135E-4
6888 5.97116524304135E-4
6900 5.97116524304135E-4
7026 5.97116524304135E-4
7184 5.97116524304135E-4
7222 5.97116524304135E-4
7356 5.97116524304135E-4
7431 5.97116524304135E-4
7485 5.97116524304135E-4
7965 5.97116524304135E-4
7979 5.97116524304135E-4
7991 5.97116524304135E-4
8201 5.97116524304135E-4
8209 5.97116524304135E-4
8517 5.97116524304135E-4
8626 5.97116524304135E-4
8728 5.97116524304135E-4
8821 5.97116524304135E-4
8851 5.97116524304135E-4
8856 5.97116524304135E-4
8932 5.97116524304135E-4
8997 5.97116524304135E-4
9146 5.97116524304135E-4
9168 5.97116524304135E-4
9170 5.97116524304135E-4
9353 5.97116524304135E-4
9373 5.97116524304135E-4
9518 5.97116524304135E-4
9520 5.97116524304135E-4
9641 5.97116524304135E-4
9724 5.97116524304135E-4
9734 5.97116524304135E-4
9759 5.97116524304135E-4
9839 5.97116524304135E-4
10016 5.97116524304135E-4
10273 5.97116524304135E-4
10457 5.97116524304135E-4
10551 5.97116524304135E-4
10573 5.97116524304135E-4
10755 5.97116524304135E-4
10855 5.97116524304135E-4
10916 5.97116524304135E-4
10923 5.97116524304135E-4
11047 5.97116524304135E-4
11076 5.97116524304135E-4
23205 5.97116524304135E-4
23543 5.97116524304135E-4
23619 5.97116524304135E-4
25855 5.97116524304135E-4
26085 5.97116524304135E-4
27043 5.97116524304135E-4
27324 5.97116524304135E-4
27429 5.97116524304135E-4
29072 5.97116524304135E-4
29107 5.97116524304135E-4
29950 5.97116524304135E-4
29968 5.97116524304135E-4
50624 5.97116524304135E-4
51029 5.97116524304135E-4
51343 5.97116524304135E-4
51478 5.97116524304135E-4
53340 5.97116524304135E-4
54453 5.97116524304135E-4
54732 5.97116524304135E-4
55249 5.97116524304135E-4
55294 5.97116524304135E-4
55554 5.97116524304135E-4
55655 5.97116524304135E-4
55743 5.97116524304135E-4
56649 5.97116524304135E-4
56652 5.97116524304135E-4
57506 5.97116524304135E-4
57508 5.97116524304135E-4
57534 5.97116524304135E-4
57626 5.97116524304135E-4
64689 5.97116524304135E-4
65125 5.97116524304135E-4
79017 5.97116524304135E-4
79612 5.97116524304135E-4
80316 5.97116524304135E-4
81539 5.97116524304135E-4
84181 5.97116524304135E-4
84312 5.97116524304135E-4
84516 5.97116524304135E-4
84557 5.97116524304135E-4
84692 5.97116524304135E-4
85348 5.97116524304135E-4
90678 5.97116524304135E-4
94031 5.97116524304135E-4
114614 5.97116524304135E-4
114907 5.97116524304135E-4
118429 5.97116524304135E-4
155465 5.97116524304135E-4
203068 5.97116524304135E-4
259266 5.97116524304135E-4
406958 5.97116524304135E-4
474221 5.97116524304135E-4
728378 5.97116524304135E-4
780912 5.97116524304135E-4
100130958 5.97116524304135E-4
24 2.98558262152068E-4
43 2.98558262152068E-4
49 2.98558262152068E-4
90 2.98558262152068E-4
146 2.98558262152068E-4
182 2.98558262152068E-4
213 2.98558262152068E-4
238 2.98558262152068E-4
240 2.98558262152068E-4
285 2.98558262152068E-4
286 2.98558262152068E-4
306 2.98558262152068E-4
308 2.98558262152068E-4
309 2.98558262152068E-4
311 2.98558262152068E-4
317 2.98558262152068E-4
330 2.98558262152068E-4
336 2.98558262152068E-4
344 2.98558262152068E-4
405 2.98558262152068E-4
410 2.98558262152068E-4
412 2.98558262152068E-4
434 2.98558262152068E-4
443 2.98558262152068E-4
445 2.98558262152068E-4
537 2.98558262152068E-4
538 2.98558262152068E-4
540 2.98558262152068E-4
546 2.98558262152068E-4
602 2.98558262152068E-4
635 2.98558262152068E-4
706 2.98558262152068E-4
761 2.98558262152068E-4
762 2.98558262152068E-4
820 2.98558262152068E-4
842 2.98558262152068E-4
928 2.98558262152068E-4
958 2.98558262152068E-4
1004 2.98558262152068E-4
1055 2.98558262152068E-4
1084 2.98558262152068E-4
1087 2.98558262152068E-4
1326 2.98558262152068E-4
1356 2.98558262152068E-4
1385 2.98558262152068E-4
1390 2.98558262152068E-4
1401 2.98558262152068E-4
1410 2.98558262152068E-4
1434 2.98558262152068E-4
1445 2.98558262152068E-4
1465 2.98558262152068E-4
1470 2.98558262152068E-4
1473 2.98558262152068E-4
1474 2.98558262152068E-4
1500 2.98558262152068E-4
1508 2.98558262152068E-4
1514 2.98558262152068E-4
1540 2.98558262152068E-4
1564 2.98558262152068E-4
1616 2.98558262152068E-4
1643 2.98558262152068E-4
1644 2.98558262152068E-4
1645 2.98558262152068E-4
1719 2.98558262152068E-4
1738 2.98558262152068E-4
1740 2.98558262152068E-4
1749 2.98558262152068E-4
1786 2.98558262152068E-4
1793 2.98558262152068E-4
1845 2.98558262152068E-4
1848 2.98558262152068E-4
1855 2.98558262152068E-4
1902 2.98558262152068E-4
1915 2.98558262152068E-4
1978 2.98558262152068E-4
1984 2.98558262152068E-4
1991 2.98558262152068E-4
1999 2.98558262152068E-4
2017 2.98558262152068E-4
2033 2.98558262152068E-4
2059 2.98558262152068E-4
2071 2.98558262152068E-4
2101 2.98558262152068E-4
2139 2.98558262152068E-4
2150 2.98558262152068E-4
2167 2.98558262152068E-4
2175 2.98558262152068E-4
2200 2.98558262152068E-4
2207 2.98558262152068E-4
2253 2.98558262152068E-4
2260 2.98558262152068E-4
2296 2.98558262152068E-4
2324 2.98558262152068E-4
2332 2.98558262152068E-4
2354 2.98558262152068E-4
2429 2.98558262152068E-4
2463 2.98558262152068E-4
2477 2.98558262152068E-4
2625 2.98558262152068E-4
2658 2.98558262152068E-4
2720 2.98558262152068E-4
2735 2.98558262152068E-4
2833 2.98558262152068E-4
2886 2.98558262152068E-4
2990 2.98558262152068E-4
3098 2.98558262152068E-4
3148 2.98558262152068E-4
3159 2.98558262152068E-4
3162 2.98558262152068E-4
3197 2.98558262152068E-4
3201 2.98558262152068E-4
3237 2.98558262152068E-4
3312 2.98558262152068E-4
3373 2.98558262152068E-4
3386 2.98558262152068E-4
3400 2.98558262152068E-4
3438 2.98558262152068E-4
3440 2.98558262152068E-4
3451 2.98558262152068E-4
3604 2.98558262152068E-4
3612 2.98558262152068E-4
3654 2.98558262152068E-4
3659 2.98558262152068E-4
3660 2.98558262152068E-4
3676 2.98558262152068E-4
3726 2.98558262152068E-4
3727 2.98558262152068E-4
3730 2.98558262152068E-4
3739 2.98558262152068E-4
3757 2.98558262152068E-4
3775 2.98558262152068E-4
3815 2.98558262152068E-4
3852 2.98558262152068E-4
3872 2.98558262152068E-4
3916 2.98558262152068E-4
3939 2.98558262152068E-4
3953 2.98558262152068E-4
3988 2.98558262152068E-4
4009 2.98558262152068E-4
4043 2.98558262152068E-4
4046 2.98558262152068E-4
4067 2.98558262152068E-4
4091 2.98558262152068E-4
4096 2.98558262152068E-4
4118 2.98558262152068E-4
4222 2.98558262152068E-4
4233 2.98558262152068E-4
4282 2.98558262152068E-4
4324 2.98558262152068E-4
4342 2.98558262152068E-4
4350 2.98558262152068E-4
4355 2.98558262152068E-4
4481 2.98558262152068E-4
4486 2.98558262152068E-4
4502 2.98558262152068E-4
4519 2.98558262152068E-4
4548 2.98558262152068E-4
4552 2.98558262152068E-4
4584 2.98558262152068E-4
4594 2.98558262152068E-4
4613 2.98558262152068E-4
4668 2.98558262152068E-4
4692 2.98558262152068E-4
4738 2.98558262152068E-4
4758 2.98558262152068E-4
4760 2.98558262152068E-4
4803 2.98558262152068E-4
4827 2.98558262152068E-4
4835 2.98558262152068E-4
4851 2.98558262152068E-4
4855 2.98558262152068E-4
4858 2.98558262152068E-4
4893 2.98558262152068E-4
4915 2.98558262152068E-4
4948 2.98558262152068E-4
5010 2.98558262152068E-4
5018 2.98558262152068E-4
5037 2.98558262152068E-4
5087 2.98558262152068E-4
5175 2.98558262152068E-4
5196 2.98558262152068E-4
5232 2.98558262152068E-4
5233 2.98558262152068E-4
5296 2.98558262152068E-4
5341 2.98558262152068E-4
5359 2.98558262152068E-4
5371 2.98558262152068E-4
5452 2.98558262152068E-4
5465 2.98558262152068E-4
5469 2.98558262152068E-4
5478 2.98558262152068E-4
5538 2.98558262152068E-4
5541 2.98558262152068E-4
5554 2.98558262152068E-4
5555 2.98558262152068E-4
5590 2.98558262152068E-4
5599 2.98558262152068E-4
5618 2.98558262152068E-4
5640 2.98558262152068E-4
5641 2.98558262152068E-4
5644 2.98558262152068E-4
5645 2.98558262152068E-4
5660 2.98558262152068E-4
5669 2.98558262152068E-4
5670 2.98558262152068E-4
5725 2.98558262152068E-4
5753 2.98558262152068E-4
5777 2.98558262152068E-4
5819 2.98558262152068E-4
5820 2.98558262152068E-4
5906 2.98558262152068E-4
5914 2.98558262152068E-4
6001 2.98558262152068E-4
6012 2.98558262152068E-4
6121 2.98558262152068E-4
6150 2.98558262152068E-4
6259 2.98558262152068E-4
6275 2.98558262152068E-4
6277 2.98558262152068E-4
6281 2.98558262152068E-4
6286 2.98558262152068E-4
6297 2.98558262152068E-4
6311 2.98558262152068E-4
6317 2.98558262152068E-4
6319 2.98558262152068E-4
6320 2.98558262152068E-4
6425 2.98558262152068E-4
6428 2.98558262152068E-4
6446 2.98558262152068E-4
6447 2.98558262152068E-4
6482 2.98558262152068E-4
6484 2.98558262152068E-4
6487 2.98558262152068E-4
6490 2.98558262152068E-4
6499 2.98558262152068E-4
6584 2.98558262152068E-4
6591 2.98558262152068E-4
6659 2.98558262152068E-4
6664 2.98558262152068E-4
6677 2.98558262152068E-4
6721 2.98558262152068E-4
6732 2.98558262152068E-4
6908 2.98558262152068E-4
6934 2.98558262152068E-4
6935 2.98558262152068E-4
6948 2.98558262152068E-4
7001 2.98558262152068E-4
7010 2.98558262152068E-4
7019 2.98558262152068E-4
7080 2.98558262152068E-4
7097 2.98558262152068E-4
7099 2.98558262152068E-4
7122 2.98558262152068E-4
7132 2.98558262152068E-4
7153 2.98558262152068E-4
7158 2.98558262152068E-4
7163 2.98558262152068E-4
7205 2.98558262152068E-4
7306 2.98558262152068E-4
7345 2.98558262152068E-4
7405 2.98558262152068E-4
7448 2.98558262152068E-4
7476 2.98558262152068E-4
7494 2.98558262152068E-4
7498 2.98558262152068E-4
7528 2.98558262152068E-4
7571 2.98558262152068E-4
7704 2.98558262152068E-4
7750 2.98558262152068E-4
7849 2.98558262152068E-4
7905 2.98558262152068E-4
8024 2.98558262152068E-4
8031 2.98558262152068E-4
8045 2.98558262152068E-4
8076 2.98558262152068E-4
8099 2.98558262152068E-4
8215 2.98558262152068E-4
8438 2.98558262152068E-4
8448 2.98558262152068E-4
8498 2.98558262152068E-4
8516 2.98558262152068E-4
8538 2.98558262152068E-4
8646 2.98558262152068E-4
8651 2.98558262152068E-4
8655 2.98558262152068E-4
8682 2.98558262152068E-4
8720 2.98558262152068E-4
8731 2.98558262152068E-4
8737 2.98558262152068E-4
8742 2.98558262152068E-4
8771 2.98558262152068E-4
8794 2.98558262152068E-4
8817 2.98558262152068E-4
8835 2.98558262152068E-4
8841 2.98558262152068E-4
8870 2.98558262152068E-4
8930 2.98558262152068E-4
8976 2.98558262152068E-4
9046 2.98558262152068E-4
9076 2.98558262152068E-4
9112 2.98558262152068E-4
9113 2.98558262152068E-4
9128 2.98558262152068E-4
9148 2.98558262152068E-4
9212 2.98558262152068E-4
9221 2.98558262152068E-4
9223 2.98558262152068E-4
9235 2.98558262152068E-4
9372 2.98558262152068E-4
9423 2.98558262152068E-4
9463 2.98558262152068E-4
9474 2.98558262152068E-4
9501 2.98558262152068E-4
9519 2.98558262152068E-4
9531 2.98558262152068E-4
9732 2.98558262152068E-4
9733 2.98558262152068E-4
9788 2.98558262152068E-4
9928 2.98558262152068E-4
9940 2.98558262152068E-4
9958 2.98558262152068E-4
9966 2.98558262152068E-4
10000 2.98558262152068E-4
10006 2.98558262152068E-4
10036 2.98558262152068E-4
10049 2.98558262152068E-4
10087 2.98558262152068E-4
10128 2.98558262152068E-4
10153 2.98558262152068E-4
10230 2.98558262152068E-4
10278 2.98558262152068E-4
10294 2.98558262152068E-4
10297 2.98558262152068E-4
10383 2.98558262152068E-4
10393 2.98558262152068E-4
10395 2.98558262152068E-4
10402 2.98558262152068E-4
10419 2.98558262152068E-4
10536 2.98558262152068E-4
10555 2.98558262152068E-4
10569 2.98558262152068E-4
10611 2.98558262152068E-4
10620 2.98558262152068E-4
10642 2.98558262152068E-4
10647 2.98558262152068E-4
10664 2.98558262152068E-4
10769 2.98558262152068E-4
10879 2.98558262152068E-4
10928 2.98558262152068E-4
10970 2.98558262152068E-4
11118 2.98558262152068E-4
11119 2.98558262152068E-4
11151 2.98558262152068E-4
11156 2.98558262152068E-4
11168 2.98558262152068E-4
11178 2.98558262152068E-4
11249 2.98558262152068E-4
11322 2.98558262152068E-4
22914 2.98558262152068E-4
22930 2.98558262152068E-4
23075 2.98558262152068E-4
23093 2.98558262152068E-4
23113 2.98558262152068E-4
23136 2.98558262152068E-4
23200 2.98558262152068E-4
23235 2.98558262152068E-4
23387 2.98558262152068E-4
23423 2.98558262152068E-4
23452 2.98558262152068E-4
23523 2.98558262152068E-4
23569 2.98558262152068E-4
23581 2.98558262152068E-4
25800 2.98558262152068E-4
25801 2.98558262152068E-4
25803 2.98558262152068E-4
25805 2.98558262152068E-4
25900 2.98558262152068E-4
25932 2.98558262152068E-4
25953 2.98558262152068E-4
25975 2.98558262152068E-4
26017 2.98558262152068E-4
26135 2.98558262152068E-4
26136 2.98558262152068E-4
26575 2.98558262152068E-4
26999 2.98558262152068E-4
27086 2.98558262152068E-4
27190 2.98558262152068E-4
27342 2.98558262152068E-4
27346 2.98558262152068E-4
28996 2.98558262152068E-4
29126 2.98558262152068E-4
29882 2.98558262152068E-4
29893 2.98558262152068E-4
29974 2.98558262152068E-4
50818 2.98558262152068E-4
51010 2.98558262152068E-4
51115 2.98558262152068E-4
51182 2.98558262152068E-4
51230 2.98558262152068E-4
51298 2.98558262152068E-4
51309 2.98558262152068E-4
51341 2.98558262152068E-4
51361 2.98558262152068E-4
51366 2.98558262152068E-4
51435 2.98558262152068E-4
51514 2.98558262152068E-4
51561 2.98558262152068E-4
51726 2.98558262152068E-4
51755 2.98558262152068E-4
53353 2.98558262152068E-4
53834 2.98558262152068E-4
54106 2.98558262152068E-4
54361 2.98558262152068E-4
54386 2.98558262152068E-4
54567 2.98558262152068E-4
54741 2.98558262152068E-4
54897 2.98558262152068E-4
54967 2.98558262152068E-4
55122 2.98558262152068E-4
55177 2.98558262152068E-4
55278 2.98558262152068E-4
55540 2.98558262152068E-4
55638 2.98558262152068E-4
55718 2.98558262152068E-4
56616 2.98558262152068E-4
56647 2.98558262152068E-4
56667 2.98558262152068E-4
56952 2.98558262152068E-4
57152 2.98558262152068E-4
57504 2.98558262152068E-4
57591 2.98558262152068E-4
57876 2.98558262152068E-4
58155 2.98558262152068E-4
58531 2.98558262152068E-4
60343 2.98558262152068E-4
60468 2.98558262152068E-4
63826 2.98558262152068E-4
64063 2.98558262152068E-4
64856 2.98558262152068E-4
64866 2.98558262152068E-4
79085 2.98558262152068E-4
79811 2.98558262152068E-4
79923 2.98558262152068E-4
80350 2.98558262152068E-4
81502 2.98558262152068E-4
81788 2.98558262152068E-4
83596 2.98558262152068E-4
83700 2.98558262152068E-4
83853 2.98558262152068E-4
84126 2.98558262152068E-4
84464 2.98558262152068E-4
84519 2.98558262152068E-4
84700 2.98558262152068E-4
84959 2.98558262152068E-4
85406 2.98558262152068E-4
85407 2.98558262152068E-4
92421 2.98558262152068E-4
112476 2.98558262152068E-4
113829 2.98558262152068E-4
114131 2.98558262152068E-4
114609 2.98558262152068E-4
115426 2.98558262152068E-4
116135 2.98558262152068E-4
116832 2.98558262152068E-4
128367 2.98558262152068E-4
137492 2.98558262152068E-4
140453 2.98558262152068E-4
140801 2.98558262152068E-4
140913 2.98558262152068E-4
148479 2.98558262152068E-4
151393 2.98558262152068E-4
162515 2.98558262152068E-4
164153 2.98558262152068E-4
196294 2.98558262152068E-4
197257 2.98558262152068E-4
199699 2.98558262152068E-4
199720 2.98558262152068E-4
203074 2.98558262152068E-4
221895 2.98558262152068E-4
255061 2.98558262152068E-4
266790 2.98558262152068E-4
284366 2.98558262152068E-4
285601 2.98558262152068E-4
317754 2.98558262152068E-4
326343 2.98558262152068E-4
353174 2.98558262152068E-4
374291 2.98558262152068E-4
387535 2.98558262152068E-4
387882 2.98558262152068E-4
388112 2.98558262152068E-4
388228 2.98558262152068E-4
389421 2.98558262152068E-4
391548 2.98558262152068E-4
394269 2.98558262152068E-4
401237 2.98558262152068E-4
406947 2.98558262152068E-4
406963 2.98558262152068E-4
407977 2.98558262152068E-4
450093 2.98558262152068E-4
474256 2.98558262152068E-4
541466 2.98558262152068E-4
619570 2.98558262152068E-4
729230 2.98558262152068E-4
100133790 2.98558262152068E-4
100288966 2.98558262152068E-4
100507436 2.98558262152068E-4
100528032 2.98558262152068E-4
101060521 2.98558262152068E-4
101234261 2.98558262152068E-4
