6531 0.54368467674511
1815 0.532209354393708
1813 0.33536204562393
1312 0.330817586346656
1816 0.328760721184088
121278 0.317681022811965
23284 0.30673408223467
450087 0.305539849186061
1137 0.305241290923909
2915 0.303748499613149
412 0.300895674786456
2917 0.300597116524304
28964 0.300597116524304
5789 0.300298558262152
450090 0.300298558262152
450088 0.300298558262152
2245 0.300298558262152
1268 0.300298558262152
6869 0.300298558262152
100190790 0.300298558262152
1141 0.3
2918 0.3
2911 0.3
100190791 0.3
450089 0.3
1644 0.108392674012754
7422 0.1
6532 0.074304140988481
6616 0.0403047782856874
150 0.0376177539263188
4128 0.028760721184088
55885 0.0283630349044464
1621 0.0271021294060034
6530 0.0251449793657667
3356 0.0248794637761111
3351 0.0217280806872662
627 0.0197352385693291
4129 0.0130368484123597
1791 0.0119423304860827
1812 0.0109112484995949
8170 0.0092553061267141
2837 0.0092553061267141
1012 0.0083926740127544
10276 0.0083926740127544
3358 0.0074969992262982
2668 0.00719844096414613
6855 0.00689988270199407
4908 0.00524129092390944
7166 0.00494273266175737
285195 0.0046441743996053
3350 0.00434561613745324
23245 0.00434561613745324
4842 0.00434561613745324
7068 0.00434561613745324
4803 0.00404705787530117
6507 0.00404705787530117
3360 0.00404705787530117
4877 0.0037484996131491
9415 0.0037484996131491
6529 0.0037484996131491
50632 0.0037484996131491
9509 0.0037484996131491
2904 0.0037484996131491
3352 0.0037484996131491
5592 0.0037484996131491
3098 0.0037484996131491
4929 0.0037484996131491
9215 0.00344994135099703
85445 0.00344994135099703
89797 0.00344994135099703
83707 0.00344994135099703
9586 0.00344994135099703
9647 0.00344994135099703
9914 0.00344994135099703
10049 0.00344994135099703
10082 0.00344994135099703
10371 0.00344994135099703
84304 0.00344994135099703
8464 0.00344994135099703
154 0.00344994135099703
728655 0.00344994135099703
6434 0.00344994135099703
1420 0.00344994135099703
504 0.00344994135099703
114784 0.00344994135099703
93100 0.00344994135099703
409 0.00344994135099703
7042 0.00344994135099703
7093 0.00344994135099703
7247 0.00344994135099703
7336 0.00344994135099703
100190955 0.00344994135099703
100270875 0.00344994135099703
89978 0.00344994135099703
7905 0.00344994135099703
6031 0.00344994135099703
10655 0.00344994135099703
83706 0.00344994135099703
27086 0.00344994135099703
27300 0.00344994135099703
28232 0.00344994135099703
57460 0.00344994135099703
100271466 0.00344994135099703
30010 0.00344994135099703
51559 0.00344994135099703
56892 0.00344994135099703
53335 0.00344994135099703
54575 0.00344994135099703
54576 0.00344994135099703
54600 0.00344994135099703
54715 0.00344994135099703
55174 0.00344994135099703
55327 0.00344994135099703
55619 0.00344994135099703
55668 0.00344994135099703
27010 0.00344994135099703
57504 0.00344994135099703
57554 0.00344994135099703
10893 0.00344994135099703
83530 0.00344994135099703
10963 0.00344994135099703
11044 0.00344994135099703
80217 0.00344994135099703
80201 0.00344994135099703
22801 0.00344994135099703
80052 0.00344994135099703
23040 0.00344994135099703
79750 0.00344994135099703
79071 0.00344994135099703
23090 0.00344994135099703
60496 0.00344994135099703
60468 0.00344994135099703
100270945 0.00344994135099703
56160 0.00344994135099703
25771 0.00344994135099703
55959 0.00344994135099703
2897 0.00344994135099703
2318 0.00344994135099703
255488 0.00344994135099703
4122 0.00344994135099703
646620 0.00344994135099703
4131 0.00344994135099703
2272 0.00344994135099703
4188 0.00344994135099703
340351 0.00344994135099703
4212 0.00344994135099703
2255 0.00344994135099703
255324 0.00344994135099703
4336 0.00344994135099703
221458 0.00344994135099703
256536 0.00344994135099703
1548 0.00344994135099703
344148 0.00344994135099703
341880 0.00344994135099703
3280 0.00344994135099703
340460 0.00344994135099703
400454 0.00344994135099703
348980 0.00344994135099703
645641 0.00344994135099703
3603 0.00344994135099703
284467 0.00344994135099703
171416 0.00344994135099703
3670 0.00344994135099703
3672 0.00344994135099703
3682 0.00344994135099703
219699 0.00344994135099703
143689 0.00344994135099703
5088 0.00344994135099703
154141 0.00344994135099703
389101 0.00344994135099703
1759 0.00344994135099703
400110 0.00344994135099703
5409 0.00344994135099703
131583 0.00344994135099703
390980 0.00344994135099703
5744 0.00344994135099703
658 0.00344994135099703
131149 0.00344994135099703
5331 0.00344994135099703
157506 0.00344994135099703
201134 0.00344994135099703
388815 0.00344994135099703
200373 0.00344994135099703
171425 0.00344994135099703
158441 0.00344994135099703
157927 0.00344994135099703
2013 0.00344994135099703
497258 0.00298558262152068
414 0.00268702435936861
6999 0.00238846609721654
56994 0.00238846609721654
6012 0.00238846609721654
1814 0.00238846609721654
79947 0.00238846609721654
57152 0.00238846609721654
130497 0.00208990783506447
2697 0.00208990783506447
2004 0.00179134957291241
10137 0.00179134957291241
10103 0.00149279131076034
4524 0.00149279131076034
55119 0.00149279131076034
152 0.00149279131076034
9152 0.00149279131076034
1565 0.00119423304860827
2047 0.00119423304860827
2332 0.00119423304860827
29974 0.00119423304860827
718 0.00119423304860827
9474 0.00119423304860827
83853 0.00119423304860827
259266 0.00119423304860827
443 0.00119423304860827
434 0.00119423304860827
89832 8.95674786456203E-4
720 8.95674786456203E-4
1211 8.95674786456203E-4
5199 8.95674786456203E-4
117159 8.95674786456203E-4
100293534 8.95674786456203E-4
5788 8.95674786456203E-4
4160 8.95674786456203E-4
721 8.95674786456203E-4
1139 8.95674786456203E-4
2903 8.95674786456203E-4
3000 8.95674786456203E-4
9575 8.95674786456203E-4
3476 8.95674786456203E-4
80218 8.95674786456203E-4
2477 8.95674786456203E-4
91752 5.97116524304135E-4
161582 5.97116524304135E-4
474256 5.97116524304135E-4
282553 5.97116524304135E-4
84650 5.97116524304135E-4
84515 5.97116524304135E-4
58163 5.97116524304135E-4
26047 5.97116524304135E-4
8224 5.97116524304135E-4
4597 5.97116524304135E-4
10519 5.97116524304135E-4
1748 5.97116524304135E-4
1756 5.97116524304135E-4
3630 5.97116524304135E-4
3557 5.97116524304135E-4
1978 5.97116524304135E-4
4843 5.97116524304135E-4
2194 5.97116524304135E-4
3123 5.97116524304135E-4
3126 5.97116524304135E-4
9048 5.97116524304135E-4
4051 5.97116524304135E-4
4684 5.97116524304135E-4
5225 5.97116524304135E-4
148 5.97116524304135E-4
355 5.97116524304135E-4
26053 5.97116524304135E-4
4397 5.97116524304135E-4
51201 5.97116524304135E-4
4306 5.97116524304135E-4
3401 2.98558262152068E-4
283659 2.98558262152068E-4
4544 2.98558262152068E-4
4080 2.98558262152068E-4
4543 2.98558262152068E-4
4502 2.98558262152068E-4
101929889 2.98558262152068E-4
3708 2.98558262152068E-4
3952 2.98558262152068E-4
15 2.98558262152068E-4
135 2.98558262152068E-4
273 2.98558262152068E-4
288 2.98558262152068E-4
438 2.98558262152068E-4
100188947 2.98558262152068E-4
546 2.98558262152068E-4
775 2.98558262152068E-4
801 2.98558262152068E-4
805 2.98558262152068E-4
808 2.98558262152068E-4
1029 2.98558262152068E-4
1066 2.98558262152068E-4
1788 2.98558262152068E-4
1795 2.98558262152068E-4
1136 2.98558262152068E-4
2774 2.98558262152068E-4
118 2.98558262152068E-4
56259 2.98558262152068E-4
79740 2.98558262152068E-4
23049 2.98558262152068E-4
23024 2.98558262152068E-4
22954 2.98558262152068E-4
11151 2.98558262152068E-4
11102 2.98558262152068E-4
10993 2.98558262152068E-4
80333 2.98558262152068E-4
23078 2.98558262152068E-4
79068 2.98558262152068E-4
51639 2.98558262152068E-4
51119 2.98558262152068E-4
28956 2.98558262152068E-4
23522 2.98558262152068E-4
5027 2.98558262152068E-4
23212 2.98558262152068E-4
60625 2.98558262152068E-4
64324 2.98558262152068E-4
10923 2.98558262152068E-4
10814 2.98558262152068E-4
10522 2.98558262152068E-4
6280 2.98558262152068E-4
5864 2.98558262152068E-4
5799 2.98558262152068E-4
5582 2.98558262152068E-4
5168 2.98558262152068E-4
7103 2.98558262152068E-4
4760 2.98558262152068E-4
4645 2.98558262152068E-4
6469 2.98558262152068E-4
6663 2.98558262152068E-4
10383 2.98558262152068E-4
10263 2.98558262152068E-4
9248 2.98558262152068E-4
84687 2.98558262152068E-4
8997 2.98558262152068E-4
7439 2.98558262152068E-4
6693 2.98558262152068E-4
114781 2.98558262152068E-4
1636 2.98558262152068E-4
