6532 0.413737083623184
3356 0.350057485814374
121278 0.313766722731492
1394 0.309288348799211
2289 0.306136965710366
431708 0.301791349572912
431709 0.300298558262152
6863 0.300298558262152
3558 0.300298558262152
5649 0.3
27185 0.105075490456585
337 0.1
335 0.1
3350 0.0543674098741272
627 0.0447144174677715
7166 0.0401720204908596
4128 0.0278650463976318
2784 0.0196381728522017
1312 0.0171809720047883
6530 0.0170839062876609
3358 0.0130368484123597
2908 0.0125724896828834
1385 0.0116411228187268
348 0.00988546532351474
27445 0.00928834879921061
1565 0.00928834879921061
9575 0.00869123227490647
1813 0.0083926740127544
6281 0.00809411575060234
9177 0.0074969992262982
1393 0.0074969992262982
2099 0.00746130714859782
6671 0.00719844096414613
3359 0.00719844096414613
51291 0.00626707409998955
152 0.00626707409998955
5243 0.00613696571036564
2899 0.00596851583783748
4524 0.00583840744821357
5027 0.00553984918606151
1392 0.00537404871873722
2932 0.00524129092390944
6531 0.00494273266175737
3362 0.00494273266175737
3351 0.0046441743996053
84062 0.0046441743996053
1814 0.0046441743996053
2984 0.00447837393228102
92002 0.00447837393228102
6770 0.00447837393228102
1815 0.00434561613745324
1559 0.00434561613745324
3303 0.00434561613745324
3586 0.00434561613745324
7422 0.00434561613745324
5999 0.00434561613745324
3304 0.00434561613745324
367 0.00404705787530117
153 0.00404705787530117
1129 0.00404705787530117
1395 0.00404705787530117
5116 0.00404705787530117
6285 0.00404705787530117
5142 0.0037484996131491
50940 0.0037484996131491
2556 0.0037484996131491
5152 0.0037484996131491
50604 0.0037484996131491
29949 0.0037484996131491
6347 0.0037484996131491
11009 0.0037484996131491
2668 0.0037484996131491
3776 0.0037484996131491
2917 0.0037484996131491
3305 0.0037484996131491
9444 0.0037484996131491
9968 0.0037484996131491
2263 0.0037484996131491
886 0.0037484996131491
655 0.0037484996131491
1812 0.0037484996131491
116 0.0037484996131491
148 0.0037484996131491
894 0.00344994135099703
8863 0.00344994135099703
100271297 0.00344994135099703
388939 0.00344994135099703
399694 0.00344994135099703
7227 0.00344994135099703
360227 0.00344994135099703
347706 0.00344994135099703
339845 0.00344994135099703
3357 0.00344994135099703
1139 0.00344994135099703
6860 0.00344994135099703
285382 0.00344994135099703
9450 0.00344994135099703
284613 0.00344994135099703
283902 0.00344994135099703
553 0.00344994135099703
401725 0.00344994135099703
100271291 0.00344994135099703
100147747 0.00344994135099703
117 0.00344994135099703
100130435 0.00344994135099703
5793 0.00344994135099703
5004 0.00344994135099703
6095 0.00344994135099703
4931 0.00344994135099703
6315 0.00344994135099703
207 0.00344994135099703
6527 0.00344994135099703
271 0.00344994135099703
653665 0.00344994135099703
4289 0.00344994135099703
4158 0.00344994135099703
526 0.00344994135099703
1462 0.00344994135099703
284612 0.00344994135099703
22871 0.00344994135099703
23174 0.00344994135099703
2558 0.00344994135099703
2768 0.00344994135099703
1734 0.00344994135099703
2897 0.00344994135099703
1857 0.00344994135099703
133748 0.00344994135099703
92126 0.00344994135099703
127002 0.00344994135099703
2780 0.00344994135099703
2773 0.00344994135099703
89978 0.00344994135099703
2100 0.00344994135099703
54465 0.00344994135099703
1544 0.00344994135099703
9741 0.00344994135099703
9690 0.00344994135099703
2272 0.00344994135099703
165631 0.00344994135099703
165186 0.00344994135099703
54016 0.00344994135099703
100379198 0.00328414088367274
1636 0.00328414088367274
9248 0.00311569101114458
6999 0.00298558262152068
2670 0.00281713274899252
3952 0.00281713274899252
1728 0.00281713274899252
28954 0.00268702435936861
497258 0.00268702435936861
7124 0.00208990783506447
4852 0.00208990783506447
4915 0.00179134957291241
2571 0.00149279131076034
474257 0.00149279131076034
775 0.00149279131076034
3569 0.00149279131076034
3485 0.00149279131076034
27319 0.00149279131076034
3553 0.00149279131076034
1268 0.00149279131076034
1978 0.00119423304860827
267012 0.00119423304860827
474256 0.00119423304860827
1748 0.00119423304860827
667 0.00119423304860827
472 0.00119423304860827
10522 8.95674786456203E-4
5443 8.95674786456203E-4
60675 8.95674786456203E-4
79947 8.95674786456203E-4
51083 8.95674786456203E-4
10611 8.95674786456203E-4
7133 8.95674786456203E-4
7012 8.95674786456203E-4
6506 8.95674786456203E-4
6507 8.95674786456203E-4
5199 8.95674786456203E-4
5173 8.95674786456203E-4
1523 8.95674786456203E-4
465 8.95674786456203E-4
551 8.95674786456203E-4
3240 8.95674786456203E-4
1437 8.95674786456203E-4
3458 8.95674786456203E-4
2288 8.95674786456203E-4
2149 8.95674786456203E-4
11113 8.95674786456203E-4
5141 8.95674786456203E-4
3918 8.95674786456203E-4
3552 5.97116524304135E-4
1109 5.97116524304135E-4
2891 5.97116524304135E-4
2903 5.97116524304135E-4
3560 5.97116524304135E-4
1401 5.97116524304135E-4
3308 5.97116524304135E-4
1950 5.97116524304135E-4
8564 5.97116524304135E-4
9048 5.97116524304135E-4
8570 5.97116524304135E-4
8909 5.97116524304135E-4
1557 5.97116524304135E-4
3084 5.97116524304135E-4
1786 5.97116524304135E-4
23040 5.97116524304135E-4
128674 5.97116524304135E-4
1789 5.97116524304135E-4
23411 5.97116524304135E-4
118460 5.97116524304135E-4
27036 5.97116524304135E-4
1791 5.97116524304135E-4
2904 5.97116524304135E-4
11168 5.97116524304135E-4
3002 5.97116524304135E-4
1843 5.97116524304135E-4
2643 5.97116524304135E-4
1621 5.97116524304135E-4
1672 5.97116524304135E-4
2890 5.97116524304135E-4
2893 5.97116524304135E-4
3040 5.97116524304135E-4
3039 5.97116524304135E-4
2332 5.97116524304135E-4
5074 5.97116524304135E-4
4846 5.97116524304135E-4
4858 5.97116524304135E-4
56117 5.97116524304135E-4
56144 5.97116524304135E-4
150 5.97116524304135E-4
4908 5.97116524304135E-4
6303 5.97116524304135E-4
4923 5.97116524304135E-4
317 5.97116524304135E-4
113 5.97116524304135E-4
4988 5.97116524304135E-4
5978 5.97116524304135E-4
5021 5.97116524304135E-4
56925 5.97116524304135E-4
5594 5.97116524304135E-4
57030 5.97116524304135E-4
2033 5.97116524304135E-4
288 5.97116524304135E-4
4842 5.97116524304135E-4
4804 5.97116524304135E-4
51728 5.97116524304135E-4
7257 5.97116524304135E-4
3620 5.97116524304135E-4
3059 5.97116524304135E-4
2166 5.97116524304135E-4
7054 5.97116524304135E-4
55117 5.97116524304135E-4
6947 5.97116524304135E-4
4129 5.97116524304135E-4
5020 5.97116524304135E-4
4306 5.97116524304135E-4
55885 5.97116524304135E-4
501 5.97116524304135E-4
55749 5.97116524304135E-4
6750 5.97116524304135E-4
671 5.97116524304135E-4
1956 2.98558262152068E-4
84174 2.98558262152068E-4
114131 2.98558262152068E-4
2048 2.98558262152068E-4
140913 2.98558262152068E-4
1022 2.98558262152068E-4
883 2.98558262152068E-4
404684 2.98558262152068E-4
125 2.98558262152068E-4
154 2.98558262152068E-4
503614 2.98558262152068E-4
111 2.98558262152068E-4
43 2.98558262152068E-4
100303453 2.98558262152068E-4
1029 2.98558262152068E-4
340719 2.98558262152068E-4
140947 2.98558262152068E-4
145270 2.98558262152068E-4
340533 2.98558262152068E-4
245910 2.98558262152068E-4
266727 2.98558262152068E-4
1465 2.98558262152068E-4
284695 2.98558262152068E-4
319100 2.98558262152068E-4
340451 2.98558262152068E-4
124935 2.98558262152068E-4
79104 2.98558262152068E-4
5225 2.98558262152068E-4
6688 2.98558262152068E-4
4141 2.98558262152068E-4
4094 2.98558262152068E-4
4036 2.98558262152068E-4
7015 2.98558262152068E-4
3930 2.98558262152068E-4
3925 2.98558262152068E-4
7276 2.98558262152068E-4
7349 2.98558262152068E-4
8001 2.98558262152068E-4
4240 2.98558262152068E-4
6651 2.98558262152068E-4
6586 2.98558262152068E-4
5542 2.98558262152068E-4
5579 2.98558262152068E-4
5625 2.98558262152068E-4
4986 2.98558262152068E-4
4968 2.98558262152068E-4
4869 2.98558262152068E-4
6403 2.98558262152068E-4
6444 2.98558262152068E-4
4843 2.98558262152068E-4
6585 2.98558262152068E-4
8520 2.98558262152068E-4
8942 2.98558262152068E-4
23263 2.98558262152068E-4
23583 2.98558262152068E-4
27152 2.98558262152068E-4
2900 2.98558262152068E-4
2644 2.98558262152068E-4
2477 2.98558262152068E-4
15 2.98558262152068E-4
51593 2.98558262152068E-4
55238 2.98558262152068E-4
57084 2.98558262152068E-4
9572 2.98558262152068E-4
22904 2.98558262152068E-4
3052 2.98558262152068E-4
3355 2.98558262152068E-4
3352 2.98558262152068E-4
9632 2.98558262152068E-4
9641 2.98558262152068E-4
3065 2.98558262152068E-4
9771 2.98558262152068E-4
10270 2.98558262152068E-4
10280 2.98558262152068E-4
10306 2.98558262152068E-4
10468 2.98558262152068E-4
2103 2.98558262152068E-4
