8929 0.728396077576943
5979 0.601791349572912
627 0.600597116524304
1908 0.301194233048608
429 0.300895674786456
2668 0.300597116524304
30012 0.101194233048608
717 8.95674786456203E-4
4513 8.95674786456203E-4
1621 5.97116524304135E-4
9839 5.97116524304135E-4
55824 2.98558262152068E-4
57060 2.98558262152068E-4
79594 2.98558262152068E-4
81559 2.98558262152068E-4
116519 2.98558262152068E-4
158506 2.98558262152068E-4
401 2.98558262152068E-4
28954 2.98558262152068E-4
5956 2.98558262152068E-4
5071 2.98558262152068E-4
3196 2.98558262152068E-4
2674 2.98558262152068E-4
1977 2.98558262152068E-4
1387 2.98558262152068E-4
497258 2.98558262152068E-4
