673 0.44
1499 0.321429522425114
4512 0.304644174399605
5157 0.300298558262152
324 0.24
3845 0.24
4292 0.14
4436 0.14
7157 0.14
7298 0.112244292312423
4524 0.111050059263815
5743 0.109901308934774
4595 0.107765918380142
1956 0.101399296211964
2956 0.101197636612797
2944 0.0949279131076034
2952 0.0913452139617786
10 0.0904495391753224
595 0.0897981902482541
7515 0.0895538643888662
2950 0.0865682817673455
1543 0.0862697235051934
2068 0.0856726069808893
5290 0.0795480813175943
54658 0.0790170501382832
9 0.0748372344681542
7421 0.0722499252311169
2067 0.0694301430769205
4548 0.0650845269394673
999 0.064918726472143
1544 0.0637244934235347
4360 0.063449941350997
1571 0.0599759938103856
5243 0.0586159602944531
7422 0.0568912831713754
5468 0.0545689024191519
5624 0.0522476958766118
1559 0.0515833197976312
4552 0.0503890867490229
1728 0.0490290532330904
4968 0.0484319367087862
1029 0.0481670082239724
3569 0.0476690197171578
7124 0.0476690197171578
4092 0.0473704614550058
2052 0.047237703660178
6817 0.047237703660178
3479 0.0442190783661608
1806 0.0432903609072081
1545 0.0412334957446401
7517 0.0389777874422513
64127 0.0389777874422513
5395 0.038513428712775
4312 0.0376177539263188
7046 0.0370206374020147
7040 0.0358264043534064
11200 0.0347649290996259
217 0.034333613042646
1048 0.0337370836231836
4255 0.0337034538458454
3576 0.0335706960510176
54577 0.0331393799940378
1950 0.0310164294864768
126 0.0293908803808887
348 0.0293908803808887
3486 0.0283294051271082
85415 0.0278980890701283
4193 0.0263722550868715
1630 0.0261403692745542
2938 0.0253438225055875
4318 0.025310779833091
2947 0.0247467059812834
1565 0.0244481477191313
2214 0.0241495894569792
3077 0.0233866724653508
4313 0.0229223137358745
125 0.0224909976788946
4513 0.0218277958095974
3553 0.0215953228924384
54578 0.0215953228924384
57026 0.0211976366127968
4619 0.0206996481059822
672 0.0206666054334857
846 0.0202352893765058
4790 0.0197709306470295
7248 0.0197048453020365
1789 0.0193396145900496
3265 0.0193065719175531
1026 0.0185766975984212
2073 0.0184439398035934
3667 0.0184439398035934
4521 0.0184439398035934
4522 0.0178468232792893
2212 0.0175482650171372
3091 0.0173824645498129
6790 0.0164867897633567
9370 0.0164867897633567
652 0.0161882315012047
2099 0.0161882315012047
27030 0.0161882315012047
4314 0.0158896732390526
328 0.0155911149769005
5728 0.0153922718370797
2688 0.0152925567147485
9429 0.0152925567147485
3938 0.0149939984525964
4846 0.0146954401904443
7161 0.01452963972312
6648 0.0143968819282923
8667 0.0140983236661402
3586 0.0139325231988159
5054 0.0139325231988159
4953 0.0133354066745118
4437 0.0130368484123597
6387 0.0130368484123597
54474 0.0128380052725389
841 0.0127382901502076
3630 0.0125724896828834
5328 0.0124397318880556
5467 0.0124397318880556
239 0.0118426153637514
1493 0.0118426153637514
6934 0.0116768148964271
1548 0.0115440571015994
1576 0.0115440571015994
1577 0.0115440571015994
1588 0.0115440571015994
2346 0.0115440571015994
2876 0.0115440571015994
115761 0.0115440571015994
240 0.0112454988394473
875 0.0112454988394473
1586 0.0112454988394473
6948 0.0112454988394473
4316 0.0112124561669508
2100 0.011079698372123
960 0.0110466556996265
142 0.0109469405772952
355 0.0109469405772952
1244 0.0109469405772952
3566 0.0109469405772952
6555 0.0109469405772952
7507 0.0109469405772952
8660 0.0109469405772952
1312 0.0106483823151432
6470 0.0106483823151432
1594 0.0104495391753224
79612 0.0104495391753224
81539 0.0104495391753224
1557 0.0103498240529911
6799 0.0103498240529911
2064 0.0103167813804946
4893 0.00988546532351474
5742 0.00988546532351474
4089 0.00985242265101823
1045 0.00971966485619045
7048 0.00971966485619045
3952 0.00958690706136267
6581 0.0092553061267141
4609 0.00912254833188632
3565 0.00898979053705854
6423 0.00898979053705854
7057 0.00898979053705854
7099 0.00898979053705854
2048 0.00882399006973425
3383 0.00869123227490647
5423 0.00869123227490647
6573 0.00869123227490647
3481 0.00865818960240996
3702 0.00865818960240996
27306 0.00865818960240996
207 0.00852543180758218
5111 0.00852543180758218
5320 0.0083926740127544
5981 0.0083926740127544
7361 0.0083926740127544
7508 0.0083926740127544
9156 0.0083926740127544
1636 0.00809411575060234
3557 0.00809411575060234
5241 0.00809411575060234
6401 0.00809411575060234
1581 0.00779555748845027
1719 0.00779555748845027
1813 0.00779555748845027
3643 0.00779555748845027
4843 0.00779555748845027
8842 0.00776251481595376
7852 0.00762975702112598
641 0.0074969992262982
948 0.0074969992262982
1030 0.0074969992262982
3294 0.0074969992262982
3552 0.0074969992262982
3593 0.0074969992262982
4536 0.0074969992262982
7516 0.0074969992262982
8312 0.0074969992262982
54600 0.0074969992262982
56729 0.0074969992262982
196 0.00719844096414613
356 0.00719844096414613
2153 0.00719844096414613
2328 0.00719844096414613
2953 0.00719844096414613
4610 0.00719844096414613
5378 0.00719844096414613
7037 0.00719844096414613
9231 0.00719844096414613
2837 0.00716539829164962
2984 0.00716539829164962
8170 0.00716539829164962
675 0.00703264049682184
2072 0.00689988270199407
4535 0.00689988270199407
5450 0.00689988270199407
7504 0.00689988270199407
7896 0.00689988270199407
399948 0.00689988270199407
373156 0.00686684002949756
9423 0.00686684002949756
133482 0.00686684002949756
7372 0.00643552397251771
26585 0.00643552397251771
51343 0.00597116524304135
472 0.00583840744821357
1786 0.00583840744821357
3480 0.00583840744821357
3791 0.00583840744821357
3342 0.00567260698088929
29974 0.00567260698088929
387569 0.00567260698088929
2946 0.00553984918606151
581 0.00537404871873722
864 0.00537404871873722
1890 0.00537404871873722
2272 0.00537404871873722
5291 0.00537404871873722
5293 0.00537404871873722
5294 0.00537404871873722
2356 0.00524129092390944
8313 0.00524129092390944
338377 0.00524129092390944
650 0.00494273266175737
857 0.00494273266175737
1111 0.00494273266175737
1612 0.00494273266175737
6414 0.00494273266175737
7097 0.00494273266175737
8836 0.00494273266175737
8856 0.00494273266175737
10397 0.00494273266175737
925 0.00477693219443308
1084 0.00477693219443308
1087 0.00477693219443308
11186 0.00477693219443308
23158 0.00477693219443308
842 0.0046441743996053
942 0.0046441743996053
1268 0.0046441743996053
1401 0.0046441743996053
3090 0.0046441743996053
3248 0.0046441743996053
4683 0.0046441743996053
4792 0.0046441743996053
5621 0.0046441743996053
5795 0.0046441743996053
9518 0.0046441743996053
51094 0.0046441743996053
5594 0.00447837393228102
5670 0.00447837393228102
929 0.00434561613745324
1001 0.00434561613745324
3953 0.00434561613745324
4192 0.00434561613745324
4353 0.00434561613745324
4363 0.00434561613745324
4830 0.00434561613745324
5888 0.00434561613745324
7486 0.00434561613745324
8795 0.00434561613745324
8797 0.00434561613745324
2520 0.00417981567012895
7015 0.00417981567012895
7076 0.00417981567012895
659 0.00404705787530117
940 0.00404705787530117
1301 0.00404705787530117
1687 0.00404705787530117
1870 0.00404705787530117
2209 0.00404705787530117
2487 0.00404705787530117
2737 0.00404705787530117
2778 0.00404705787530117
3156 0.00404705787530117
3606 0.00404705787530117
3673 0.00404705787530117
3690 0.00404705787530117
4049 0.00404705787530117
4153 0.00404705787530117
4160 0.00404705787530117
4257 0.00404705787530117
4261 0.00404705787530117
5176 0.00404705787530117
5265 0.00404705787530117
6041 0.00404705787530117
6376 0.00404705787530117
6416 0.00404705787530117
6424 0.00404705787530117
6583 0.00404705787530117
6584 0.00404705787530117
7518 0.00404705787530117
7799 0.00404705787530117
8425 0.00404705787530117
8838 0.00404705787530117
8840 0.00404705787530117
9474 0.00404705787530117
9734 0.00404705787530117
11216 0.00404705787530117
22914 0.00404705787530117
25805 0.00404705787530117
50484 0.00404705787530117
55829 0.00404705787530117
100507436 0.00404705787530117
4163 0.00388125740797688
4485 0.00388125740797688
6696 0.00388125740797688
8743 0.00388125740797688
10801 0.00388125740797688
124 0.0037484996131491
155 0.0037484996131491
332 0.0037484996131491
598 0.0037484996131491
649 0.0037484996131491
836 0.0037484996131491
839 0.0037484996131491
840 0.0037484996131491
843 0.0037484996131491
847 0.0037484996131491
1457 0.0037484996131491
1508 0.0037484996131491
1788 0.0037484996131491
2066 0.0037484996131491
2074 0.0037484996131491
2147 0.0037484996131491
2169 0.0037484996131491
2348 0.0037484996131491
2618 0.0037484996131491
2693 0.0037484996131491
2879 0.0037484996131491
2908 0.0037484996131491
2939 0.0037484996131491
3123 0.0037484996131491
3551 0.0037484996131491
3621 0.0037484996131491
3990 0.0037484996131491
4126 0.0037484996131491
5045 0.0037484996131491
5338 0.0037484996131491
5506 0.0037484996131491
5925 0.0037484996131491
6256 0.0037484996131491
6374 0.0037484996131491
6403 0.0037484996131491
6532 0.0037484996131491
6932 0.0037484996131491
7272 0.0037484996131491
8714 0.0037484996131491
8737 0.0037484996131491
8824 0.0037484996131491
8945 0.0037484996131491
9140 0.0037484996131491
9403 0.0037484996131491
10142 0.0037484996131491
10392 0.0037484996131491
10587 0.0037484996131491
10747 0.0037484996131491
10848 0.0037484996131491
10919 0.0037484996131491
11132 0.0037484996131491
11197 0.0037484996131491
22900 0.0037484996131491
26108 0.0037484996131491
50840 0.0037484996131491
51738 0.0037484996131491
53904 0.0037484996131491
54905 0.0037484996131491
55102 0.0037484996131491
56852 0.0037484996131491
79048 0.0037484996131491
79813 0.0037484996131491
80010 0.0037484996131491
285973 0.0037484996131491
246 0.00358269914582481
3133 0.00358269914582481
3172 0.00358269914582481
4477 0.00358269914582481
6774 0.00358269914582481
6925 0.00358269914582481
84000 0.00358269914582481
89782 0.00358269914582481
100 0.00344994135099703
103 0.00344994135099703
154 0.00344994135099703
191 0.00344994135099703
262 0.00344994135099703
270 0.00344994135099703
471 0.00344994135099703
635 0.00344994135099703
637 0.00344994135099703
765 0.00344994135099703
1814 0.00344994135099703
1815 0.00344994135099703
2053 0.00344994135099703
2071 0.00344994135099703
2104 0.00344994135099703
2189 0.00344994135099703
2249 0.00344994135099703
2694 0.00344994135099703
2941 0.00344994135099703
3117 0.00344994135099703
3119 0.00344994135099703
3293 0.00344994135099703
3484 0.00344994135099703
3624 0.00344994135099703
3980 0.00344994135099703
4052 0.00344994135099703
4144 0.00344994135099703
4508 0.00344994135099703
4514 0.00344994135099703
4519 0.00344994135099703
4537 0.00344994135099703
4538 0.00344994135099703
4539 0.00344994135099703
4540 0.00344994135099703
4541 0.00344994135099703
4555 0.00344994135099703
4563 0.00344994135099703
4568 0.00344994135099703
4570 0.00344994135099703
4572 0.00344994135099703
4573 0.00344994135099703
4576 0.00344994135099703
5698 0.00344994135099703
6035 0.00344994135099703
6346 0.00344994135099703
7088 0.00344994135099703
7172 0.00344994135099703
7482 0.00344994135099703
7520 0.00344994135099703
8029 0.00344994135099703
10062 0.00344994135099703
10588 0.00344994135099703
10716 0.00344994135099703
10840 0.00344994135099703
10849 0.00344994135099703
10891 0.00344994135099703
10973 0.00344994135099703
22915 0.00344994135099703
27122 0.00344994135099703
51200 0.00344994135099703
51339 0.00344994135099703
51701 0.00344994135099703
54576 0.00344994135099703
56475 0.00344994135099703
56853 0.00344994135099703
57154 0.00344994135099703
80380 0.00344994135099703
170506 0.00344994135099703
341032 0.00344994135099703
3880 0.00328414088367274
10991 0.00328414088367274
83478 0.00328414088367274
1738 0.00298558262152068
2191 0.00298558262152068
2194 0.00298558262152068
4072 0.00298558262152068
4583 0.00298558262152068
5595 0.00298558262152068
7431 0.00298558262152068
8996 0.00298558262152068
10879 0.00298558262152068
11156 0.00298558262152068
56996 0.00298558262152068
60343 0.00298558262152068
80316 0.00298558262152068
197257 0.00298558262152068
406991 0.00298558262152068
4709 0.00268702435936861
7126 0.00268702435936861
7424 0.00268702435936861
118429 0.00268702435936861
1056 0.00238846609721654
1316 0.00238846609721654
1429 0.00238846609721654
1982 0.00238846609721654
2475 0.00238846609721654
3082 0.00238846609721654
3105 0.00238846609721654
3126 0.00238846609721654
3490 0.00238846609721654
3725 0.00238846609721654
4015 0.00238846609721654
4295 0.00238846609721654
5894 0.00238846609721654
6530 0.00238846609721654
7980 0.00238846609721654
8549 0.00238846609721654
8651 0.00238846609721654
8988 0.00238846609721654
9314 0.00238846609721654
11146 0.00238846609721654
27352 0.00238846609721654
55743 0.00238846609721654
145389 0.00238846609721654
283120 0.00238846609721654
346389 0.00208990783506447
415 0.00208990783506447
887 0.00208990783506447
1024 0.00208990783506447
1351 0.00208990783506447
4233 0.00208990783506447
5037 0.00208990783506447
6422 0.00208990783506447
6678 0.00208990783506447
7345 0.00208990783506447
22882 0.00208990783506447
23671 0.00208990783506447
50943 0.00208990783506447
410 0.00179134957291241
1154 0.00179134957291241
1280 0.00179134957291241
1371 0.00179134957291241
2118 0.00179134957291241
3897 0.00179134957291241
3958 0.00179134957291241
4082 0.00179134957291241
4087 0.00179134957291241
4323 0.00179134957291241
4597 0.00179134957291241
4762 0.00179134957291241
6275 0.00179134957291241
6596 0.00179134957291241
6750 0.00179134957291241
6767 0.00179134957291241
6794 0.00179134957291241
7096 0.00179134957291241
7150 0.00179134957291241
7376 0.00179134957291241
7905 0.00179134957291241
8324 0.00179134957291241
8731 0.00179134957291241
8741 0.00179134957291241
9377 0.00179134957291241
10327 0.00179134957291241
55536 0.00179134957291241
79811 0.00179134957291241
91833 0.00179134957291241
1012 0.00149279131076034
1022 0.00149279131076034
1555 0.00149279131076034
1869 0.00149279131076034
2041 0.00149279131076034
2086 0.00149279131076034
2146 0.00149279131076034
2152 0.00149279131076034
2264 0.00149279131076034
2321 0.00149279131076034
2353 0.00149279131076034
2768 0.00149279131076034
4070 0.00149279131076034
4582 0.00149279131076034
4602 0.00149279131076034
5063 0.00149279131076034
5340 0.00149279131076034
5347 0.00149279131076034
5604 0.00149279131076034
5747 0.00149279131076034
5788 0.00149279131076034
5979 0.00149279131076034
6469 0.00149279131076034
6714 0.00149279131076034
7291 0.00149279131076034
8633 0.00149279131076034
8913 0.00149279131076034
10413 0.00149279131076034
23541 0.00149279131076034
23583 0.00149279131076034
30816 0.00149279131076034
405754 0.00149279131076034
199699 0.00119423304860827
780897 0.00119423304860827
388112 0.00119423304860827
406935 0.00119423304860827
92 0.00119423304860827
317 0.00119423304860827
412 0.00119423304860827
811 0.00119423304860827
920 0.00119423304860827
1044 0.00119423304860827
1234 0.00119423304860827
1381 0.00119423304860827
1604 0.00119423304860827
1874 0.00119423304860827
1917 0.00119423304860827
2247 0.00119423304860827
2263 0.00119423304860827
2354 0.00119423304860827
2526 0.00119423304860827
2833 0.00119423304860827
2896 0.00119423304860827
2919 0.00119423304860827
2981 0.00119423304860827
3135 0.00119423304860827
3146 0.00119423304860827
3309 0.00119423304860827
3315 0.00119423304860827
3316 0.00119423304860827
3485 0.00119423304860827
3596 0.00119423304860827
3605 0.00119423304860827
3645 0.00119423304860827
3678 0.00119423304860827
3685 0.00119423304860827
3726 0.00119423304860827
3727 0.00119423304860827
3960 0.00119423304860827
4322 0.00119423304860827
4361 0.00119423304860827
4654 0.00119423304860827
4771 0.00119423304860827
4810 0.00119423304860827
5159 0.00119423304860827
5228 0.00119423304860827
5321 0.00119423304860827
5617 0.00119423304860827
5653 0.00119423304860827
5669 0.00119423304860827
5716 0.00119423304860827
5727 0.00119423304860827
6046 0.00119423304860827
6240 0.00119423304860827
6241 0.00119423304860827
6280 0.00119423304860827
6304 0.00119423304860827
6657 0.00119423304860827
6667 0.00119423304860827
6781 0.00119423304860827
6935 0.00119423304860827
7077 0.00119423304860827
7114 0.00119423304860827
7474 0.00119423304860827
8930 0.00119423304860827
9076 0.00119423304860827
9112 0.00119423304860827
9536 0.00119423304860827
9590 0.00119423304860827
10923 0.00119423304860827
22806 0.00119423304860827
22943 0.00119423304860827
23411 0.00119423304860827
25819 0.00119423304860827
27121 0.00119423304860827
27250 0.00119423304860827
50818 0.00119423304860827
51151 0.00119423304860827
51727 0.00119423304860827
54453 0.00119423304860827
55294 0.00119423304860827
56655 0.00119423304860827
57379 0.00119423304860827
57498 0.00119423304860827
57804 0.00119423304860827
60529 0.00119423304860827
79923 0.00119423304860827
112476 0.00119423304860827
52 8.95674786456203E-4
133 8.95674786456203E-4
214 8.95674786456203E-4
302 8.95674786456203E-4
353 8.95674786456203E-4
374 8.95674786456203E-4
551 8.95674786456203E-4
567 8.95674786456203E-4
627 8.95674786456203E-4
634 8.95674786456203E-4
648 8.95674786456203E-4
651 8.95674786456203E-4
664 8.95674786456203E-4
667 8.95674786456203E-4
699 8.95674786456203E-4
706 8.95674786456203E-4
780 8.95674786456203E-4
885 8.95674786456203E-4
947 8.95674786456203E-4
968 8.95674786456203E-4
1013 8.95674786456203E-4
1017 8.95674786456203E-4
1019 8.95674786456203E-4
1326 8.95674786456203E-4
1366 8.95674786456203E-4
1434 8.95674786456203E-4
1591 8.95674786456203E-4
1800 8.95674786456203E-4
1934 8.95674786456203E-4
2033 8.95674786456203E-4
2261 8.95674786456203E-4
2309 8.95674786456203E-4
2597 8.95674786456203E-4
2690 8.95674786456203E-4
2965 8.95674786456203E-4
3066 8.95674786456203E-4
3068 8.95674786456203E-4
3081 8.95674786456203E-4
3161 8.95674786456203E-4
3329 8.95674786456203E-4
3458 8.95674786456203E-4
3549 8.95674786456203E-4
3558 8.95674786456203E-4
3603 8.95674786456203E-4
3627 8.95674786456203E-4
3732 8.95674786456203E-4
3855 8.95674786456203E-4
3987 8.95674786456203E-4
4282 8.95674786456203E-4
4306 8.95674786456203E-4
4321 8.95674786456203E-4
4629 8.95674786456203E-4
4680 8.95674786456203E-4
4695 8.95674786456203E-4
4739 8.95674786456203E-4
4756 8.95674786456203E-4
4763 8.95674786456203E-4
4851 8.95674786456203E-4
4929 8.95674786456203E-4
5058 8.95674786456203E-4
5068 8.95674786456203E-4
5071 8.95674786456203E-4
5089 8.95674786456203E-4
5315 8.95674786456203E-4
5319 8.95674786456203E-4
5426 8.95674786456203E-4
5460 8.95674786456203E-4
5530 8.95674786456203E-4
5734 8.95674786456203E-4
5793 8.95674786456203E-4
5829 8.95674786456203E-4
6281 8.95674786456203E-4
6303 8.95674786456203E-4
6347 8.95674786456203E-4
6513 8.95674786456203E-4
6558 8.95674786456203E-4
6623 8.95674786456203E-4
6624 8.95674786456203E-4
6647 8.95674786456203E-4
6654 8.95674786456203E-4
6662 8.95674786456203E-4
6891 8.95674786456203E-4
6950 8.95674786456203E-4
7019 8.95674786456203E-4
7033 8.95674786456203E-4
7078 8.95674786456203E-4
7145 8.95674786456203E-4
7183 8.95674786456203E-4
7294 8.95674786456203E-4
7371 8.95674786456203E-4
7430 8.95674786456203E-4
7490 8.95674786456203E-4
7538 8.95674786456203E-4
7936 8.95674786456203E-4
8091 8.95674786456203E-4
8099 8.95674786456203E-4
8493 8.95674786456203E-4
8932 8.95674786456203E-4
9075 8.95674786456203E-4
9180 8.95674786456203E-4
9447 8.95674786456203E-4
9501 8.95674786456203E-4
9699 8.95674786456203E-4
9770 8.95674786456203E-4
10052 8.95674786456203E-4
10178 8.95674786456203E-4
10249 8.95674786456203E-4
10481 8.95674786456203E-4
10562 8.95674786456203E-4
10644 8.95674786456203E-4
10657 8.95674786456203E-4
10664 8.95674786456203E-4
10902 8.95674786456203E-4
10903 8.95674786456203E-4
10993 8.95674786456203E-4
11009 8.95674786456203E-4
11093 8.95674786456203E-4
11122 8.95674786456203E-4
11171 8.95674786456203E-4
22827 8.95674786456203E-4
23326 8.95674786456203E-4
23677 8.95674786456203E-4
27034 8.95674786456203E-4
27319 8.95674786456203E-4
29108 8.95674786456203E-4
29128 8.95674786456203E-4
29803 8.95674786456203E-4
51014 8.95674786456203E-4
51196 8.95674786456203E-4
51747 8.95674786456203E-4
51754 8.95674786456203E-4
54741 8.95674786456203E-4
55249 8.95674786456203E-4
55655 8.95674786456203E-4
56994 8.95674786456203E-4
57447 8.95674786456203E-4
58476 8.95674786456203E-4
58478 8.95674786456203E-4
65125 8.95674786456203E-4
84168 8.95674786456203E-4
84668 8.95674786456203E-4
125111 8.95674786456203E-4
139596 8.95674786456203E-4
147719 8.95674786456203E-4
100302736 8.95674786456203E-4
406947 8.95674786456203E-4
266790 8.95674786456203E-4
266629 8.95674786456203E-4
727738 8.95674786456203E-4
151648 8.95674786456203E-4
100532731 8.95674786456203E-4
353376 8.95674786456203E-4
168400 8.95674786456203E-4
160728 8.95674786456203E-4
404672 5.97116524304135E-4
338339 5.97116524304135E-4
389090 5.97116524304135E-4
574045 5.97116524304135E-4
406985 5.97116524304135E-4
339345 5.97116524304135E-4
407035 5.97116524304135E-4
100133941 5.97116524304135E-4
170689 5.97116524304135E-4
246100 5.97116524304135E-4
153443 5.97116524304135E-4
100528032 5.97116524304135E-4
728378 5.97116524304135E-4
158506 5.97116524304135E-4
101669765 5.97116524304135E-4
619501 5.97116524304135E-4
284348 5.97116524304135E-4
13 5.97116524304135E-4
19 5.97116524304135E-4
108 5.97116524304135E-4
146 5.97116524304135E-4
175 5.97116524304135E-4
177 5.97116524304135E-4
183 5.97116524304135E-4
190 5.97116524304135E-4
238 5.97116524304135E-4
283 5.97116524304135E-4
285 5.97116524304135E-4
306 5.97116524304135E-4
347 5.97116524304135E-4
354 5.97116524304135E-4
362 5.97116524304135E-4
570 5.97116524304135E-4
573 5.97116524304135E-4
575 5.97116524304135E-4
689 5.97116524304135E-4
701 5.97116524304135E-4
717 5.97116524304135E-4
760 5.97116524304135E-4
768 5.97116524304135E-4
799 5.97116524304135E-4
801 5.97116524304135E-4
805 5.97116524304135E-4
808 5.97116524304135E-4
835 5.97116524304135E-4
860 5.97116524304135E-4
873 5.97116524304135E-4
889 5.97116524304135E-4
891 5.97116524304135E-4
941 5.97116524304135E-4
961 5.97116524304135E-4
1015 5.97116524304135E-4
1058 5.97116524304135E-4
1068 5.97116524304135E-4
1116 5.97116524304135E-4
1179 5.97116524304135E-4
1191 5.97116524304135E-4
1363 5.97116524304135E-4
1385 5.97116524304135E-4
1421 5.97116524304135E-4
1437 5.97116524304135E-4
1459 5.97116524304135E-4
1485 5.97116524304135E-4
1500 5.97116524304135E-4
1509 5.97116524304135E-4
1611 5.97116524304135E-4
1634 5.97116524304135E-4
1755 5.97116524304135E-4
1778 5.97116524304135E-4
1822 5.97116524304135E-4
1824 5.97116524304135E-4
1902 5.97116524304135E-4
1954 5.97116524304135E-4
1969 5.97116524304135E-4
1999 5.97116524304135E-4
2034 5.97116524304135E-4
2046 5.97116524304135E-4
2050 5.97116524304135E-4
2065 5.97116524304135E-4
2069 5.97116524304135E-4
2070 5.97116524304135E-4
2155 5.97116524304135E-4
2172 5.97116524304135E-4
2202 5.97116524304135E-4
2235 5.97116524304135E-4
2237 5.97116524304135E-4
2260 5.97116524304135E-4
2305 5.97116524304135E-4
2324 5.97116524304135E-4
2335 5.97116524304135E-4
2626 5.97116524304135E-4
2627 5.97116524304135E-4
2638 5.97116524304135E-4
2650 5.97116524304135E-4
2729 5.97116524304135E-4
2730 5.97116524304135E-4
2735 5.97116524304135E-4
2744 5.97116524304135E-4
2922 5.97116524304135E-4
2925 5.97116524304135E-4
2932 5.97116524304135E-4
2980 5.97116524304135E-4
3014 5.97116524304135E-4
3065 5.97116524304135E-4
3159 5.97116524304135E-4
3162 5.97116524304135E-4
3178 5.97116524304135E-4
3216 5.97116524304135E-4
3292 5.97116524304135E-4
3308 5.97116524304135E-4
3375 5.97116524304135E-4
3400 5.97116524304135E-4
3429 5.97116524304135E-4
3456 5.97116524304135E-4
3491 5.97116524304135E-4
3560 5.97116524304135E-4
3574 5.97116524304135E-4
3579 5.97116524304135E-4
3611 5.97116524304135E-4
3814 5.97116524304135E-4
3816 5.97116524304135E-4
3856 5.97116524304135E-4
3925 5.97116524304135E-4
3927 5.97116524304135E-4
3956 5.97116524304135E-4
3976 5.97116524304135E-4
4001 5.97116524304135E-4
4017 5.97116524304135E-4
4018 5.97116524304135E-4
4051 5.97116524304135E-4
4060 5.97116524304135E-4
4088 5.97116524304135E-4
4171 5.97116524304135E-4
4254 5.97116524304135E-4
4311 5.97116524304135E-4
4331 5.97116524304135E-4
4359 5.97116524304135E-4
4397 5.97116524304135E-4
4486 5.97116524304135E-4
4580 5.97116524304135E-4
4585 5.97116524304135E-4
4586 5.97116524304135E-4
4601 5.97116524304135E-4
4760 5.97116524304135E-4
4826 5.97116524304135E-4
4904 5.97116524304135E-4
4913 5.97116524304135E-4
4922 5.97116524304135E-4
4927 5.97116524304135E-4
5018 5.97116524304135E-4
5053 5.97116524304135E-4
5055 5.97116524304135E-4
5062 5.97116524304135E-4
5092 5.97116524304135E-4
5327 5.97116524304135E-4
5376 5.97116524304135E-4
5424 5.97116524304135E-4
5524 5.97116524304135E-4
5599 5.97116524304135E-4
5641 5.97116524304135E-4
5650 5.97116524304135E-4
5655 5.97116524304135E-4
5662 5.97116524304135E-4
5688 5.97116524304135E-4
5715 5.97116524304135E-4
5726 5.97116524304135E-4
5732 5.97116524304135E-4
5744 5.97116524304135E-4
5774 5.97116524304135E-4
5783 5.97116524304135E-4
5784 5.97116524304135E-4
5891 5.97116524304135E-4
5915 5.97116524304135E-4
5934 5.97116524304135E-4
5967 5.97116524304135E-4
6143 5.97116524304135E-4
6272 5.97116524304135E-4
6282 5.97116524304135E-4
6354 5.97116524304135E-4
6364 5.97116524304135E-4
6382 5.97116524304135E-4
6383 5.97116524304135E-4
6468 5.97116524304135E-4
6484 5.97116524304135E-4
6535 5.97116524304135E-4
6578 5.97116524304135E-4
6586 5.97116524304135E-4
6615 5.97116524304135E-4
6687 5.97116524304135E-4
6736 5.97116524304135E-4
6783 5.97116524304135E-4
6788 5.97116524304135E-4
6863 5.97116524304135E-4
6876 5.97116524304135E-4
6898 5.97116524304135E-4
6899 5.97116524304135E-4
7012 5.97116524304135E-4
7023 5.97116524304135E-4
7098 5.97116524304135E-4
7130 5.97116524304135E-4
7153 5.97116524304135E-4
7190 5.97116524304135E-4
7295 5.97116524304135E-4
7355 5.97116524304135E-4
7412 5.97116524304135E-4
7472 5.97116524304135E-4
8045 5.97116524304135E-4
8202 5.97116524304135E-4
8398 5.97116524304135E-4
8399 5.97116524304135E-4
8434 5.97116524304135E-4
8449 5.97116524304135E-4
8519 5.97116524304135E-4
8626 5.97116524304135E-4
8661 5.97116524304135E-4
8829 5.97116524304135E-4
8837 5.97116524304135E-4
8876 5.97116524304135E-4
8877 5.97116524304135E-4
8878 5.97116524304135E-4
8991 5.97116524304135E-4
9167 5.97116524304135E-4
9170 5.97116524304135E-4
9201 5.97116524304135E-4
9212 5.97116524304135E-4
9221 5.97116524304135E-4
9332 5.97116524304135E-4
9344 5.97116524304135E-4
9352 5.97116524304135E-4
9353 5.97116524304135E-4
9392 5.97116524304135E-4
9519 5.97116524304135E-4
9575 5.97116524304135E-4
9817 5.97116524304135E-4
9839 5.97116524304135E-4
9879 5.97116524304135E-4
9956 5.97116524304135E-4
10071 5.97116524304135E-4
10111 5.97116524304135E-4
10131 5.97116524304135E-4
10263 5.97116524304135E-4
10278 5.97116524304135E-4
10403 5.97116524304135E-4
10524 5.97116524304135E-4
10534 5.97116524304135E-4
10551 5.97116524304135E-4
10573 5.97116524304135E-4
10628 5.97116524304135E-4
10630 5.97116524304135E-4
10671 5.97116524304135E-4
10714 5.97116524304135E-4
10752 5.97116524304135E-4
10808 5.97116524304135E-4
10855 5.97116524304135E-4
10863 5.97116524304135E-4
10894 5.97116524304135E-4
10899 5.97116524304135E-4
10982 5.97116524304135E-4
10984 5.97116524304135E-4
11004 5.97116524304135E-4
11082 5.97116524304135E-4
11102 5.97116524304135E-4
11258 5.97116524304135E-4
11261 5.97116524304135E-4
11331 5.97116524304135E-4
11343 5.97116524304135E-4
22854 5.97116524304135E-4
22919 5.97116524304135E-4
22930 5.97116524304135E-4
23038 5.97116524304135E-4
23111 5.97116524304135E-4
23239 5.97116524304135E-4
23314 5.97116524304135E-4
23405 5.97116524304135E-4
23451 5.97116524304135E-4
23516 5.97116524304135E-4
23566 5.97116524304135E-4
23600 5.97116524304135E-4
23636 5.97116524304135E-4
23659 5.97116524304135E-4
25842 5.97116524304135E-4
26038 5.97116524304135E-4
26470 5.97116524304135E-4
26479 5.97116524304135E-4
26579 5.97116524304135E-4
27076 5.97116524304135E-4
27190 5.97116524304135E-4
28956 5.97116524304135E-4
29072 5.97116524304135E-4
29107 5.97116524304135E-4
29126 5.97116524304135E-4
29841 5.97116524304135E-4
30848 5.97116524304135E-4
50807 5.97116524304135E-4
51053 5.97116524304135E-4
51129 5.97116524304135E-4
51150 5.97116524304135E-4
51164 5.97116524304135E-4
51176 5.97116524304135E-4
51203 5.97116524304135E-4
51251 5.97116524304135E-4
51426 5.97116524304135E-4
51478 5.97116524304135E-4
51534 5.97116524304135E-4
51639 5.97116524304135E-4
51696 5.97116524304135E-4
53342 5.97116524304135E-4
54498 5.97116524304135E-4
54512 5.97116524304135E-4
54739 5.97116524304135E-4
54766 5.97116524304135E-4
54894 5.97116524304135E-4
55240 5.97116524304135E-4
55257 5.97116524304135E-4
55279 5.97116524304135E-4
55308 5.97116524304135E-4
55511 5.97116524304135E-4
55902 5.97116524304135E-4
56259 5.97116524304135E-4
56899 5.97116524304135E-4
56963 5.97116524304135E-4
57531 5.97116524304135E-4
57541 5.97116524304135E-4
57575 5.97116524304135E-4
57727 5.97116524304135E-4
57730 5.97116524304135E-4
57761 5.97116524304135E-4
58508 5.97116524304135E-4
59340 5.97116524304135E-4
60401 5.97116524304135E-4
64321 5.97116524304135E-4
64478 5.97116524304135E-4
64754 5.97116524304135E-4
64866 5.97116524304135E-4
65009 5.97116524304135E-4
65108 5.97116524304135E-4
65211 5.97116524304135E-4
79056 5.97116524304135E-4
79594 5.97116524304135E-4
79823 5.97116524304135E-4
79947 5.97116524304135E-4
79969 5.97116524304135E-4
79971 5.97116524304135E-4
80781 5.97116524304135E-4
80856 5.97116524304135E-4
80864 5.97116524304135E-4
81470 5.97116524304135E-4
84432 5.97116524304135E-4
84525 5.97116524304135E-4
84680 5.97116524304135E-4
84951 5.97116524304135E-4
89874 5.97116524304135E-4
91875 5.97116524304135E-4
92140 5.97116524304135E-4
94234 5.97116524304135E-4
113675 5.97116524304135E-4
114793 5.97116524304135E-4
115426 5.97116524304135E-4
138883 5.97116524304135E-4
140687 5.97116524304135E-4
127 2.98558262152068E-4
130 2.98558262152068E-4
197 2.98558262152068E-4
202 2.98558262152068E-4
231 2.98558262152068E-4
248 2.98558262152068E-4
257 2.98558262152068E-4
284 2.98558262152068E-4
308 2.98558262152068E-4
309 2.98558262152068E-4
310 2.98558262152068E-4
320 2.98558262152068E-4
330 2.98558262152068E-4
333 2.98558262152068E-4
357 2.98558262152068E-4
367 2.98558262152068E-4
373 2.98558262152068E-4
388 2.98558262152068E-4
390 2.98558262152068E-4
430 2.98558262152068E-4
465 2.98558262152068E-4
467 2.98558262152068E-4
474 2.98558262152068E-4
509 2.98558262152068E-4
540 2.98558262152068E-4
545 2.98558262152068E-4
553 2.98558262152068E-4
607 2.98558262152068E-4
654 2.98558262152068E-4
655 2.98558262152068E-4
688 2.98558262152068E-4
738 2.98558262152068E-4
759 2.98558262152068E-4
767 2.98558262152068E-4
794 2.98558262152068E-4
800 2.98558262152068E-4
894 2.98558262152068E-4
896 2.98558262152068E-4
902 2.98558262152068E-4
907 2.98558262152068E-4
931 2.98558262152068E-4
952 2.98558262152068E-4
958 2.98558262152068E-4
972 2.98558262152068E-4
978 2.98558262152068E-4
1036 2.98558262152068E-4
1051 2.98558262152068E-4
1052 2.98558262152068E-4
1063 2.98558262152068E-4
1080 2.98558262152068E-4
1089 2.98558262152068E-4
1121 2.98558262152068E-4
1131 2.98558262152068E-4
1152 2.98558262152068E-4
1164 2.98558262152068E-4
1178 2.98558262152068E-4
1236 2.98558262152068E-4
1290 2.98558262152068E-4
1303 2.98558262152068E-4
1364 2.98558262152068E-4
1365 2.98558262152068E-4
1374 2.98558262152068E-4
1376 2.98558262152068E-4
1384 2.98558262152068E-4
1403 2.98558262152068E-4
1407 2.98558262152068E-4
1432 2.98558262152068E-4
1435 2.98558262152068E-4
1487 2.98558262152068E-4
1583 2.98558262152068E-4
1595 2.98558262152068E-4
1645 2.98558262152068E-4
1649 2.98558262152068E-4
1655 2.98558262152068E-4
1674 2.98558262152068E-4
1737 2.98558262152068E-4
1803 2.98558262152068E-4
1811 2.98558262152068E-4
1846 2.98558262152068E-4
1893 2.98558262152068E-4
1894 2.98558262152068E-4
1896 2.98558262152068E-4
1910 2.98558262152068E-4
1947 2.98558262152068E-4
1977 2.98558262152068E-4
1978 2.98558262152068E-4
2019 2.98558262152068E-4
2022 2.98558262152068E-4
2028 2.98558262152068E-4
2045 2.98558262152068E-4
2049 2.98558262152068E-4
2063 2.98558262152068E-4
2078 2.98558262152068E-4
2101 2.98558262152068E-4
2103 2.98558262152068E-4
2119 2.98558262152068E-4
2130 2.98558262152068E-4
2137 2.98558262152068E-4
2158 2.98558262152068E-4
2177 2.98558262152068E-4
2195 2.98558262152068E-4
2200 2.98558262152068E-4
2206 2.98558262152068E-4
2232 2.98558262152068E-4
2241 2.98558262152068E-4
2243 2.98558262152068E-4
2251 2.98558262152068E-4
2495 2.98558262152068E-4
2522 2.98558262152068E-4
2587 2.98558262152068E-4
2617 2.98558262152068E-4
2619 2.98558262152068E-4
2641 2.98558262152068E-4
2668 2.98558262152068E-4
2669 2.98558262152068E-4
2706 2.98558262152068E-4
2720 2.98558262152068E-4
2740 2.98558262152068E-4
2877 2.98558262152068E-4
2885 2.98558262152068E-4
2920 2.98558262152068E-4
3002 2.98558262152068E-4
3122 2.98558262152068E-4
3127 2.98558262152068E-4
3148 2.98558262152068E-4
3205 2.98558262152068E-4
3208 2.98558262152068E-4
3217 2.98558262152068E-4
3218 2.98558262152068E-4
3257 2.98558262152068E-4
3313 2.98558262152068E-4
3324 2.98558262152068E-4
3454 2.98558262152068E-4
3476 2.98558262152068E-4
3482 2.98558262152068E-4
3492 2.98558262152068E-4
3514 2.98558262152068E-4
3567 2.98558262152068E-4
3575 2.98558262152068E-4
3622 2.98558262152068E-4
3625 2.98558262152068E-4
3676 2.98558262152068E-4
3689 2.98558262152068E-4
3692 2.98558262152068E-4
3717 2.98558262152068E-4
3738 2.98558262152068E-4
3755 2.98558262152068E-4
3757 2.98558262152068E-4
3767 2.98558262152068E-4
3799 2.98558262152068E-4
3811 2.98558262152068E-4
3835 2.98558262152068E-4
3859 2.98558262152068E-4
3860 2.98558262152068E-4
3911 2.98558262152068E-4
3916 2.98558262152068E-4
3918 2.98558262152068E-4
3920 2.98558262152068E-4
3932 2.98558262152068E-4
3959 2.98558262152068E-4
3981 2.98558262152068E-4
3991 2.98558262152068E-4
4000 2.98558262152068E-4
4040 2.98558262152068E-4
4041 2.98558262152068E-4
4085 2.98558262152068E-4
4086 2.98558262152068E-4
4090 2.98558262152068E-4
4118 2.98558262152068E-4
4149 2.98558262152068E-4
4150 2.98558262152068E-4
4204 2.98558262152068E-4
4208 2.98558262152068E-4
4211 2.98558262152068E-4
4256 2.98558262152068E-4
4277 2.98558262152068E-4
4302 2.98558262152068E-4
4320 2.98558262152068E-4
4350 2.98558262152068E-4
4493 2.98558262152068E-4
4507 2.98558262152068E-4
4588 2.98558262152068E-4
4713 2.98558262152068E-4
4724 2.98558262152068E-4
4734 2.98558262152068E-4
4804 2.98558262152068E-4
4841 2.98558262152068E-4
4858 2.98558262152068E-4
4869 2.98558262152068E-4
4877 2.98558262152068E-4
4884 2.98558262152068E-4
4899 2.98558262152068E-4
4908 2.98558262152068E-4
4916 2.98558262152068E-4
4923 2.98558262152068E-4
4982 2.98558262152068E-4
5016 2.98558262152068E-4
5095 2.98558262152068E-4
5096 2.98558262152068E-4
5098 2.98558262152068E-4
5141 2.98558262152068E-4
5142 2.98558262152068E-4
5156 2.98558262152068E-4
5163 2.98558262152068E-4
5170 2.98558262152068E-4
5187 2.98558262152068E-4
5201 2.98558262152068E-4
5203 2.98558262152068E-4
5223 2.98558262152068E-4
5242 2.98558262152068E-4
5287 2.98558262152068E-4
5308 2.98558262152068E-4
5314 2.98558262152068E-4
5333 2.98558262152068E-4
5348 2.98558262152068E-4
5356 2.98558262152068E-4
5358 2.98558262152068E-4
5420 2.98558262152068E-4
5452 2.98558262152068E-4
5465 2.98558262152068E-4
5469 2.98558262152068E-4
5471 2.98558262152068E-4
5511 2.98558262152068E-4
5521 2.98558262152068E-4
5590 2.98558262152068E-4
5591 2.98558262152068E-4
5605 2.98558262152068E-4
5611 2.98558262152068E-4
5629 2.98558262152068E-4
5634 2.98558262152068E-4
5645 2.98558262152068E-4
5672 2.98558262152068E-4
5678 2.98558262152068E-4
5696 2.98558262152068E-4
5729 2.98558262152068E-4
5730 2.98558262152068E-4
5740 2.98558262152068E-4
5757 2.98558262152068E-4
5761 2.98558262152068E-4
5764 2.98558262152068E-4
5770 2.98558262152068E-4
5781 2.98558262152068E-4
5792 2.98558262152068E-4
5797 2.98558262152068E-4
5801 2.98558262152068E-4
5803 2.98558262152068E-4
5817 2.98558262152068E-4
5860 2.98558262152068E-4
5889 2.98558262152068E-4
5892 2.98558262152068E-4
5901 2.98558262152068E-4
5914 2.98558262152068E-4
5921 2.98558262152068E-4
5970 2.98558262152068E-4
5976 2.98558262152068E-4
5978 2.98558262152068E-4
5983 2.98558262152068E-4
5993 2.98558262152068E-4
6004 2.98558262152068E-4
6014 2.98558262152068E-4
6101 2.98558262152068E-4
6118 2.98558262152068E-4
6121 2.98558262152068E-4
6175 2.98558262152068E-4
6187 2.98558262152068E-4
6191 2.98558262152068E-4
6271 2.98558262152068E-4
6277 2.98558262152068E-4
6279 2.98558262152068E-4
6285 2.98558262152068E-4
6344 2.98558262152068E-4
6352 2.98558262152068E-4
6358 2.98558262152068E-4
6395 2.98558262152068E-4
6398 2.98558262152068E-4
6406 2.98558262152068E-4
6446 2.98558262152068E-4
6447 2.98558262152068E-4
6472 2.98558262152068E-4
6476 2.98558262152068E-4
6490 2.98558262152068E-4
6491 2.98558262152068E-4
6520 2.98558262152068E-4
6528 2.98558262152068E-4
6541 2.98558262152068E-4
6545 2.98558262152068E-4
6576 2.98558262152068E-4
6582 2.98558262152068E-4
6588 2.98558262152068E-4
6622 2.98558262152068E-4
6635 2.98558262152068E-4
6638 2.98558262152068E-4
6642 2.98558262152068E-4
6700 2.98558262152068E-4
6707 2.98558262152068E-4
6717 2.98558262152068E-4
6721 2.98558262152068E-4
6739 2.98558262152068E-4
6772 2.98558262152068E-4
6776 2.98558262152068E-4
6777 2.98558262152068E-4
6786 2.98558262152068E-4
6789 2.98558262152068E-4
6795 2.98558262152068E-4
6839 2.98558262152068E-4
6847 2.98558262152068E-4
6857 2.98558262152068E-4
6890 2.98558262152068E-4
6908 2.98558262152068E-4
6926 2.98558262152068E-4
6927 2.98558262152068E-4
6938 2.98558262152068E-4
6939 2.98558262152068E-4
6996 2.98558262152068E-4
7013 2.98558262152068E-4
7014 2.98558262152068E-4
7027 2.98558262152068E-4
7029 2.98558262152068E-4
7052 2.98558262152068E-4
7060 2.98558262152068E-4
7071 2.98558262152068E-4
7082 2.98558262152068E-4
7103 2.98558262152068E-4
7123 2.98558262152068E-4
7128 2.98558262152068E-4
7132 2.98558262152068E-4
7133 2.98558262152068E-4
7162 2.98558262152068E-4
7168 2.98558262152068E-4
7173 2.98558262152068E-4
7200 2.98558262152068E-4
7203 2.98558262152068E-4
7310 2.98558262152068E-4
7374 2.98558262152068E-4
7392 2.98558262152068E-4
7405 2.98558262152068E-4
7428 2.98558262152068E-4
7447 2.98558262152068E-4
7453 2.98558262152068E-4
7454 2.98558262152068E-4
7456 2.98558262152068E-4
7485 2.98558262152068E-4
7498 2.98558262152068E-4
7528 2.98558262152068E-4
7534 2.98558262152068E-4
7545 2.98558262152068E-4
7546 2.98558262152068E-4
7704 2.98558262152068E-4
7764 2.98558262152068E-4
7786 2.98558262152068E-4
7803 2.98558262152068E-4
7855 2.98558262152068E-4
7956 2.98558262152068E-4
7982 2.98558262152068E-4
8028 2.98558262152068E-4
8030 2.98558262152068E-4
8140 2.98558262152068E-4
8205 2.98558262152068E-4
8243 2.98558262152068E-4
8260 2.98558262152068E-4
8277 2.98558262152068E-4
8321 2.98558262152068E-4
8404 2.98558262152068E-4
8437 2.98558262152068E-4
8473 2.98558262152068E-4
8518 2.98558262152068E-4
8520 2.98558262152068E-4
8546 2.98558262152068E-4
8574 2.98558262152068E-4
8614 2.98558262152068E-4
8621 2.98558262152068E-4
8739 2.98558262152068E-4
8740 2.98558262152068E-4
8742 2.98558262152068E-4
8745 2.98558262152068E-4
8771 2.98558262152068E-4
8815 2.98558262152068E-4
8826 2.98558262152068E-4
8831 2.98558262152068E-4
8850 2.98558262152068E-4
8859 2.98558262152068E-4
8864 2.98558262152068E-4
8874 2.98558262152068E-4
8905 2.98558262152068E-4
8925 2.98558262152068E-4
8997 2.98558262152068E-4
9021 2.98558262152068E-4
9043 2.98558262152068E-4
9092 2.98558262152068E-4
9118 2.98558262152068E-4
9133 2.98558262152068E-4
9141 2.98558262152068E-4
9146 2.98558262152068E-4
9172 2.98558262152068E-4
9175 2.98558262152068E-4
9184 2.98558262152068E-4
9188 2.98558262152068E-4
9208 2.98558262152068E-4
9241 2.98558262152068E-4
9242 2.98558262152068E-4
9317 2.98558262152068E-4
9337 2.98558262152068E-4
9360 2.98558262152068E-4
9368 2.98558262152068E-4
9431 2.98558262152068E-4
9444 2.98558262152068E-4
9446 2.98558262152068E-4
9455 2.98558262152068E-4
9506 2.98558262152068E-4
9555 2.98558262152068E-4
9564 2.98558262152068E-4
9578 2.98558262152068E-4
9607 2.98558262152068E-4
9619 2.98558262152068E-4
9658 2.98558262152068E-4
9766 2.98558262152068E-4
9787 2.98558262152068E-4
9821 2.98558262152068E-4
9855 2.98558262152068E-4
9891 2.98558262152068E-4
9924 2.98558262152068E-4
9982 2.98558262152068E-4
10036 2.98558262152068E-4
10057 2.98558262152068E-4
10097 2.98558262152068E-4
10135 2.98558262152068E-4
10162 2.98558262152068E-4
10163 2.98558262152068E-4
10381 2.98558262152068E-4
10393 2.98558262152068E-4
10410 2.98558262152068E-4
10459 2.98558262152068E-4
10498 2.98558262152068E-4
10522 2.98558262152068E-4
10528 2.98558262152068E-4
10537 2.98558262152068E-4
10541 2.98558262152068E-4
10550 2.98558262152068E-4
10574 2.98558262152068E-4
10590 2.98558262152068E-4
10642 2.98558262152068E-4
10682 2.98558262152068E-4
10724 2.98558262152068E-4
10733 2.98558262152068E-4
10904 2.98558262152068E-4
10913 2.98558262152068E-4
10953 2.98558262152068E-4
10966 2.98558262152068E-4
10970 2.98558262152068E-4
10987 2.98558262152068E-4
11012 2.98558262152068E-4
11044 2.98558262152068E-4
11162 2.98558262152068E-4
11211 2.98558262152068E-4
11251 2.98558262152068E-4
11259 2.98558262152068E-4
11275 2.98558262152068E-4
11315 2.98558262152068E-4
11338 2.98558262152068E-4
22802 2.98558262152068E-4
22895 2.98558262152068E-4
22933 2.98558262152068E-4
22948 2.98558262152068E-4
23030 2.98558262152068E-4
23043 2.98558262152068E-4
23047 2.98558262152068E-4
23081 2.98558262152068E-4
23237 2.98558262152068E-4
23261 2.98558262152068E-4
23266 2.98558262152068E-4
23365 2.98558262152068E-4
23434 2.98558262152068E-4
23450 2.98558262152068E-4
23452 2.98558262152068E-4
23492 2.98558262152068E-4
23493 2.98558262152068E-4
23514 2.98558262152068E-4
23529 2.98558262152068E-4
23549 2.98558262152068E-4
23556 2.98558262152068E-4
23705 2.98558262152068E-4
24144 2.98558262152068E-4
25797 2.98558262152068E-4
25875 2.98558262152068E-4
25913 2.98558262152068E-4
25927 2.98558262152068E-4
25937 2.98558262152068E-4
25983 2.98558262152068E-4
26018 2.98558262152068E-4
26019 2.98558262152068E-4
26119 2.98558262152068E-4
26151 2.98558262152068E-4
26683 2.98558262152068E-4
26826 2.98558262152068E-4
27035 2.98558262152068E-4
27043 2.98558262152068E-4
27087 2.98558262152068E-4
27160 2.98558262152068E-4
27161 2.98558262152068E-4
27253 2.98558262152068E-4
27286 2.98558262152068E-4
27327 2.98558262152068E-4
27343 2.98558262152068E-4
28444 2.98558262152068E-4
28964 2.98558262152068E-4
28996 2.98558262152068E-4
29883 2.98558262152068E-4
29919 2.98558262152068E-4
29923 2.98558262152068E-4
29967 2.98558262152068E-4
29991 2.98558262152068E-4
30827 2.98558262152068E-4
50487 2.98558262152068E-4
50616 2.98558262152068E-4
50640 2.98558262152068E-4
50848 2.98558262152068E-4
50947 2.98558262152068E-4
50964 2.98558262152068E-4
51008 2.98558262152068E-4
51029 2.98558262152068E-4
51065 2.98558262152068E-4
51083 2.98558262152068E-4
51115 2.98558262152068E-4
51312 2.98558262152068E-4
51320 2.98558262152068E-4
51365 2.98558262152068E-4
51399 2.98558262152068E-4
51466 2.98558262152068E-4
51514 2.98558262152068E-4
51561 2.98558262152068E-4
51703 2.98558262152068E-4
51780 2.98558262152068E-4
53841 2.98558262152068E-4
54106 2.98558262152068E-4
54556 2.98558262152068E-4
54606 2.98558262152068E-4
54715 2.98558262152068E-4
54845 2.98558262152068E-4
54858 2.98558262152068E-4
54947 2.98558262152068E-4
55165 2.98558262152068E-4
55275 2.98558262152068E-4
55503 2.98558262152068E-4
55572 2.98558262152068E-4
55640 2.98558262152068E-4
55704 2.98558262152068E-4
55714 2.98558262152068E-4
55794 2.98558262152068E-4
55818 2.98558262152068E-4
55872 2.98558262152068E-4
56164 2.98558262152068E-4
57045 2.98558262152068E-4
57126 2.98558262152068E-4
57188 2.98558262152068E-4
57228 2.98558262152068E-4
57459 2.98558262152068E-4
57591 2.98558262152068E-4
57599 2.98558262152068E-4
57621 2.98558262152068E-4
57650 2.98558262152068E-4
57665 2.98558262152068E-4
57678 2.98558262152068E-4
57697 2.98558262152068E-4
57703 2.98558262152068E-4
58190 2.98558262152068E-4
58191 2.98558262152068E-4
58503 2.98558262152068E-4
59271 2.98558262152068E-4
59342 2.98558262152068E-4
60386 2.98558262152068E-4
60489 2.98558262152068E-4
60500 2.98558262152068E-4
63892 2.98558262152068E-4
64116 2.98558262152068E-4
64146 2.98558262152068E-4
64285 2.98558262152068E-4
64399 2.98558262152068E-4
64579 2.98558262152068E-4
64689 2.98558262152068E-4
64710 2.98558262152068E-4
64854 2.98558262152068E-4
64946 2.98558262152068E-4
79047 2.98558262152068E-4
79291 2.98558262152068E-4
79595 2.98558262152068E-4
79661 2.98558262152068E-4
79695 2.98558262152068E-4
79727 2.98558262152068E-4
79888 2.98558262152068E-4
79901 2.98558262152068E-4
79968 2.98558262152068E-4
80255 2.98558262152068E-4
80279 2.98558262152068E-4
80306 2.98558262152068E-4
80312 2.98558262152068E-4
80317 2.98558262152068E-4
80381 2.98558262152068E-4
80896 2.98558262152068E-4
81399 2.98558262152068E-4
81537 2.98558262152068E-4
81575 2.98558262152068E-4
81839 2.98558262152068E-4
83593 2.98558262152068E-4
83734 2.98558262152068E-4
83990 2.98558262152068E-4
84033 2.98558262152068E-4
84061 2.98558262152068E-4
84172 2.98558262152068E-4
84181 2.98558262152068E-4
84260 2.98558262152068E-4
84444 2.98558262152068E-4
84451 2.98558262152068E-4
85407 2.98558262152068E-4
90249 2.98558262152068E-4
93099 2.98558262152068E-4
93210 2.98558262152068E-4
93655 2.98558262152068E-4
112464 2.98558262152068E-4
114548 2.98558262152068E-4
114609 2.98558262152068E-4
115286 2.98558262152068E-4
116833 2.98558262152068E-4
117248 2.98558262152068E-4
119391 2.98558262152068E-4
121360 2.98558262152068E-4
123169 2.98558262152068E-4
128408 2.98558262152068E-4
129607 2.98558262152068E-4
129642 2.98558262152068E-4
134145 2.98558262152068E-4
137872 2.98558262152068E-4
139285 2.98558262152068E-4
140628 2.98558262152068E-4
140707 2.98558262152068E-4
140803 2.98558262152068E-4
143187 2.98558262152068E-4
407977 2.98558262152068E-4
407050 2.98558262152068E-4
407041 2.98558262152068E-4
100507056 2.98558262152068E-4
101929980 2.98558262152068E-4
407021 2.98558262152068E-4
100862695 2.98558262152068E-4
407009 2.98558262152068E-4
441478 2.98558262152068E-4
574411 2.98558262152068E-4
641648 2.98558262152068E-4
653689 2.98558262152068E-4
677775 2.98558262152068E-4
450093 2.98558262152068E-4
442910 2.98558262152068E-4
729759 2.98558262152068E-4
100124700 2.98558262152068E-4
442892 2.98558262152068E-4
100126794 2.98558262152068E-4
574456 2.98558262152068E-4
441531 2.98558262152068E-4
406953 2.98558262152068E-4
257019 2.98558262152068E-4
256646 2.98558262152068E-4
254531 2.98558262152068E-4
252969 2.98558262152068E-4
246319 2.98558262152068E-4
222484 2.98558262152068E-4
221895 2.98558262152068E-4
204851 2.98558262152068E-4
201163 2.98558262152068E-4
166614 2.98558262152068E-4
160622 2.98558262152068E-4
152559 2.98558262152068E-4
152503 2.98558262152068E-4
151056 2.98558262152068E-4
147949 2.98558262152068E-4
283349 2.98558262152068E-4
283871 2.98558262152068E-4
284123 2.98558262152068E-4
406919 2.98558262152068E-4
406903 2.98558262152068E-4
400410 2.98558262152068E-4
391114 2.98558262152068E-4
390502 2.98558262152068E-4
389421 2.98558262152068E-4
389206 2.98558262152068E-4
147906 2.98558262152068E-4
377677 2.98558262152068E-4
374899 2.98558262152068E-4
342977 2.98558262152068E-4
342184 2.98558262152068E-4
338917 2.98558262152068E-4
326625 2.98558262152068E-4
285463 2.98558262152068E-4
147945 2.98558262152068E-4
