7428 0.312240888748235
201163 0.300597116524304
7515 0.00388125740797688
7030 0.00328414088367274
7422 0.00298558262152068
3558 0.00238846609721654
768 0.00208990783506447
3133 0.00179134957291241
2475 0.00179134957291241
7942 0.00179134957291241
7248 0.00179134957291241
3815 0.00149279131076034
1437 0.00149279131076034
3439 0.00119423304860827
2272 0.00119423304860827
7096 0.00119423304860827
3105 0.00119423304860827
4311 0.00119423304860827
3447 0.00119423304860827
3855 0.00119423304860827
23600 0.00119423304860827
3126 8.95674786456203E-4
55323 8.95674786456203E-4
2271 8.95674786456203E-4
8909 8.95674786456203E-4
6281 8.95674786456203E-4
80781 8.95674786456203E-4
118460 8.95674786456203E-4
925 8.95674786456203E-4
7157 8.95674786456203E-4
3342 8.95674786456203E-4
6774 5.97116524304135E-4
7249 5.97116524304135E-4
7852 5.97116524304135E-4
4760 5.97116524304135E-4
5891 5.97116524304135E-4
5728 5.97116524304135E-4
4288 5.97116524304135E-4
10383 5.97116524304135E-4
79058 5.97116524304135E-4
50947 5.97116524304135E-4
3569 5.97116524304135E-4
3091 5.97116524304135E-4
1381 5.97116524304135E-4
112399 5.97116524304135E-4
94081 5.97116524304135E-4
57534 5.97116524304135E-4
941 5.97116524304135E-4
574045 2.98558262152068E-4
8633 2.98558262152068E-4
9073 2.98558262152068E-4
112398 2.98558262152068E-4
8731 2.98558262152068E-4
8792 2.98558262152068E-4
11122 2.98558262152068E-4
8828 2.98558262152068E-4
8842 2.98558262152068E-4
8405 2.98558262152068E-4
728358 2.98558262152068E-4
199699 2.98558262152068E-4
54584 2.98558262152068E-4
7412 2.98558262152068E-4
728269 2.98558262152068E-4
4609 2.98558262152068E-4
158506 2.98558262152068E-4
7220 2.98558262152068E-4
114569 2.98558262152068E-4
116093 2.98558262152068E-4
84925 2.98558262152068E-4
84260 2.98558262152068E-4
25816 2.98558262152068E-4
65057 2.98558262152068E-4
26173 2.98558262152068E-4
27306 2.98558262152068E-4
29072 2.98558262152068E-4
51079 2.98558262152068E-4
51129 2.98558262152068E-4
55920 2.98558262152068E-4
55193 2.98558262152068E-4
11070 2.98558262152068E-4
23423 2.98558262152068E-4
9429 2.98558262152068E-4
10076 2.98558262152068E-4
81631 2.98558262152068E-4
10825 2.98558262152068E-4
11009 2.98558262152068E-4
79811 2.98558262152068E-4
11236 2.98558262152068E-4
79680 2.98558262152068E-4
79594 2.98558262152068E-4
54583 2.98558262152068E-4
13 2.98558262152068E-4
1786 2.98558262152068E-4
1950 2.98558262152068E-4
2056 2.98558262152068E-4
2146 2.98558262152068E-4
2263 2.98558262152068E-4
3082 2.98558262152068E-4
3383 2.98558262152068E-4
3479 2.98558262152068E-4
3480 2.98558262152068E-4
3586 2.98558262152068E-4
3620 2.98558262152068E-4
4072 2.98558262152068E-4
4089 2.98558262152068E-4
1674 2.98558262152068E-4
1672 2.98558262152068E-4
43 2.98558262152068E-4
590 2.98558262152068E-4
638 2.98558262152068E-4
928 2.98558262152068E-4
958 2.98558262152068E-4
970 2.98558262152068E-4
1014 2.98558262152068E-4
1312 2.98558262152068E-4
1357 2.98558262152068E-4
1366 2.98558262152068E-4
1393 2.98558262152068E-4
1513 2.98558262152068E-4
1667 2.98558262152068E-4
4090 2.98558262152068E-4
4108 2.98558262152068E-4
4233 2.98558262152068E-4
5793 2.98558262152068E-4
5967 2.98558262152068E-4
6271 2.98558262152068E-4
6389 2.98558262152068E-4
6391 2.98558262152068E-4
6468 2.98558262152068E-4
6490 2.98558262152068E-4
6513 2.98558262152068E-4
6514 2.98558262152068E-4
6517 2.98558262152068E-4
6654 2.98558262152068E-4
6667 2.98558262152068E-4
6772 2.98558262152068E-4
5747 2.98558262152068E-4
5745 2.98558262152068E-4
4286 2.98558262152068E-4
4312 2.98558262152068E-4
4313 2.98558262152068E-4
4318 2.98558262152068E-4
4982 2.98558262152068E-4
5071 2.98558262152068E-4
5111 2.98558262152068E-4
5216 2.98558262152068E-4
5250 2.98558262152068E-4
5328 2.98558262152068E-4
5546 2.98558262152068E-4
5669 2.98558262152068E-4
5744 2.98558262152068E-4
7046 2.98558262152068E-4
