351 0.882098944317947
348 0.6
5663 0.6
1636 0.520580666110688
627 0.511907392567367
3553 0.498344004807155
4137 0.466716883173432
23621 0.465953966181804
4846 0.445543419804393
5328 0.432863853888408
3630 0.430914652063783
6653 0.414782442571634
3481 0.407496999226298
7124 0.407430861061341
581 0.4
596 0.4
4524 0.392968113662163
10858 0.386108414869328
2 0.38487848974302
5621 0.381729756059378
1471 0.370984308027108
1191 0.365281307778926
3416 0.364480049304393
3077 0.358674684528676
2099 0.358138941643799
7018 0.346436445185645
8301 0.343456161374532
1378 0.340304778285687
23385 0.338942095364551
1139 0.334188195326641
7422 0.333032303760937
2932 0.332996611683236
7019 0.331610896605577
5468 0.328258020971707
274 0.3271351720785
1565 0.326635121271323
1141 0.326632471866119
4353 0.326502363476495
3162 0.325236746272486
642 0.315853981161352
26330 0.31409832366614
323 0.313465515064136
27328 0.313166956801984
3479 0.312368347732655
1718 0.310541306082042
10347 0.309586907061363
5649 0.30925265672151
945 0.308392674012754
836 0.308321289857354
6648 0.306864190624294
3482 0.305968515837837
1965 0.305335707235833
1808 0.305205598846209
2023 0.305037148973681
2041 0.304345616137453
23607 0.304345616137453
2147 0.304047057875301
3480 0.303748499613149
406938 0.302817132748993
55676 0.302817132748993
498 0.30251857448684
7782 0.30251857448684
801 0.302089907835064
3952 0.301194233048608
4852 0.300895674786456
1392 0.300597116524304
23237 0.300597116524304
22976 0.300298558262152
450086 0.300298558262152
51338 0.300298558262152
64851 0.300298558262152
8081 0.300298558262152
1200 0.3
353128 0.3
5697 0.3
7167 0.3
780912 0.3
5664 0.22888400274782
4035 0.187772305457821
1103 0.161981857568872
4311 0.151371816736633
5743 0.132269386769308
5300 0.130345279401568
177 0.121153996319485
4803 0.116287946623536
1234 0.111245498839447
4843 0.10925265672151
857 0.108392674012754
5742 0.10775986541075
10891 0.107198440964146
5530 0.10626707409999
6285 0.104309924059753
3329 0.104047057875301
334 0.104011365797601
4133 0.102089907835064
5176 0.100298558262152
23236 0.1
28951 0.1
9507 0.1
590 0.09853813624141
3569 0.0979179875605831
3552 0.0972780377219157
12 0.0744982724227358
6532 0.0661716837549744
1437 0.063449941350997
19 0.0619231333346486
3949 0.0602058173223408
3918 0.06
1509 0.058807442323504
3586 0.058746068684077
10452 0.0545689024191519
255022 0.0537319518669188
9846 0.0527775528462395
338399 0.0480678802064829
5444 0.0474291856892289
341 0.0459720864561689
3356 0.0364822451119337
43 0.0330376025713444
675 0.0325428505745754
2177 0.0322442923124233
2896 0.0318050280398318
4023 0.0315395124501763
1312 0.0311108457984003
7040 0.0309423959258722
29979 0.0293194962254879
1588 0.0290566300410362
29119 0.0285182377509552
9023 0.0284952055944325
4973 0.0281252631768796
7024 0.0280895710991793
3105 0.0278623969924279
2597 0.0274210704194744
355 0.0272295883904234
1071 0.0265023634764954
120892 0.0262038052143433
347 0.0256654129242623
322 0.024282347251807
7157 0.0238410206788534
1612 0.0221924394167425
240 0.0218581890768901
3362 0.0215953228924384
7276 0.0209881958521605
2904 0.0203297056884294
246744 0.0195667886968009
6347 0.0189696721724968
3557 0.0187424980657455
1020 0.0183011714927919
5786 0.0182450966637726
51280 0.0181453815414414
1743 0.018109689463741
7436 0.0179795810741171
4804 0.0175739465788639
8711 0.0175482650171372
2950 0.0175125729394369
5105 0.0175125729394369
5819 0.0172497067549852
983 0.0172140146772848
2100 0.0168797643374323
4968 0.0162826478131282
114815 0.0158896732390526
1137 0.0156498392111237
4128 0.0155911149769005
5243 0.0153512809489716
7376 0.0152925567147485
6750 0.0152568646370481
6622 0.0152211725593477
3156 0.0149939984525964
5465 0.0146954401904443
217 0.014659748112744
3606 0.014659748112744
4739 0.014659748112744
6646 0.014659748112744
8851 0.0145883639573432
3028 0.0145526718796428
2246 0.0143611898505919
3383 0.0143611898505919
875 0.0143611898505919
23435 0.0141953893832676
25825 0.0141953893832676
3075 0.0140269395107394
23268 0.0137640733262878
7421 0.0137640733262878
7515 0.0137640733262878
4864 0.0136339649366638
3576 0.0134655150641357
6531 0.0130955726465829
23286 0.0130368484123597
3458 0.0130368484123597
338412 0.0128380052725389
7031 0.0128380052725389
102 0.0127996637896347
335 0.0127382901502076
3973 0.0125341481999791
3921 0.0122408887482348
2475 0.0121998978601266
1889 0.0121411736259035
3565 0.0121411736259035
23411 0.0121054815482031
7314 0.0119039890031785
367 0.0118426153637514
5445 0.0118426153637514
7345 0.0118069232860511
1401 0.0117712312083507
1827 0.0117355391306503
1859 0.0114726729461986
9961 0.0113452139617786
1728 0.0112454988394473
7126 0.0110440062944226
3554 0.0109469405772952
5467 0.0109469405772952
4397 0.0109138979047987
3339 0.0109112484995949
7133 0.0109112484995949
929 0.0109112484995949
20 0.0108755564218945
7099 0.0108755564218945
3832 0.0106483823151432
4000 0.0106483823151432
4043 0.0106483823151432
6256 0.0106483823151432
6572 0.0106483823151432
7067 0.0106483823151432
84547 0.0106483823151432
10280 0.0106126902374428
2952 0.0106126902374428
4915 0.0106126902374428
23583 0.0104495391753224
6947 0.0103498240529911
85569 0.0103498240529911
9227 0.0103498240529911
4513 0.0103167813804946
8540 0.0101509809131703
154 0.0100155737131386
4855 0.0100155737131386
2670 0.00998253104064214
6647 0.00998253104064214
4908 0.00984977324581436
153 0.00971701545098658
759 0.00955386438886617
2534 0.00938276511113413
1356 0.00934707303343375
1785 0.00908420684898206
3084 0.00908420684898206
2837 0.00895674786456203
8170 0.00895674786456203
4842 0.00895409845935816
142 0.00869123227490647
2944 0.00869123227490647
5054 0.00869123227490647
55851 0.00869123227490647
5972 0.0083926740127544
84570 0.00835698193505402
9446 0.00835698193505402
1410 0.00815283998482548
119391 0.00809411575060234
3667 0.00809411575060234
4036 0.00809411575060234
51107 0.00809411575060234
5321 0.00809411575060234
146 0.00806107307810583
1814 0.00779555748845027
183 0.00779555748845027
23627 0.00779555748845027
2947 0.00779555748845027
3570 0.00779555748845027
83464 0.00779555748845027
10971 0.00776251481595376
7132 0.00775986541074989
7534 0.00775986541074989
2026 0.00762975702112598
1586 0.0074969992262982
1813 0.0074969992262982
25902 0.0074969992262982
3290 0.0074969992262982
3558 0.0074969992262982
4548 0.0074969992262982
5327 0.0074969992262982
729230 0.0074969992262982
7391 0.0074969992262982
7941 0.0074969992262982
8038 0.0074969992262982
90865 0.0074969992262982
846 0.0074969992262982
959 0.00746130714859782
7804 0.00746130714859782
5891 0.00733119875897391
116519 0.00719844096414613
2162 0.00719844096414613
22900 0.00719844096414613
3087 0.00719844096414613
3158 0.00719844096414613
345 0.00719844096414613
643680 0.00719844096414613
7186 0.00719844096414613
7392 0.00719844096414613
7767 0.00719844096414613
8735 0.00719844096414613
9918 0.00719844096414613
7076 0.00716274888644575
5340 0.00703264049682184
143098 0.00689988270199407
150 0.00689988270199407
155 0.00689988270199407
1910 0.00689988270199407
2266 0.00689988270199407
26133 0.00689988270199407
2690 0.00689988270199407
27185 0.00689988270199407
4049 0.00689988270199407
55080 0.00689988270199407
58 0.00689988270199407
5983 0.00689988270199407
6403 0.00689988270199407
6720 0.00689988270199407
6794 0.00689988270199407
715 0.00689988270199407
818 0.00689988270199407
8771 0.00689988270199407
9479 0.00686419062429368
3358 0.00686419062429368
347731 0.00686419062429368
5732 0.00686419062429368
7161 0.00686419062429368
7447 0.00686419062429368
1385 0.00673408223466978
345643 0.00656828176734549
246 0.00656563236214162
2688 0.00656563236214162
387715 0.00656563236214162
4914 0.00656563236214162
6868 0.00656563236214162
9619 0.00656563236214162
5074 0.00652994028444123
1136 0.00626707409998955
197 0.00626707409998955
22943 0.00626707409998955
2784 0.00626707409998955
3658 0.00626707409998955
4040 0.00626707409998955
6655 0.00626707409998955
7077 0.00626707409998955
718 0.00626707409998955
7490 0.00626707409998955
7919 0.00626707409998955
5610 0.00623138202228917
9445 0.00610127363266526
1978 0.00596851583783748
239 0.00596851583783748
2444 0.00596851583783748
25 0.00596851583783748
288 0.00596851583783748
3146 0.00596851583783748
80312 0.00596851583783748
3320 0.0059328237601371
3831 0.0059328237601371
65078 0.0059328237601371
11033 0.00563426549798503
1129 0.00563426549798503
320 0.00563426549798503
5730 0.00563426549798503
4318 0.00553984918606151
721 0.00553984918606151
7504 0.00553984918606151
375790 0.00533570723583296
5604 0.00533570723583296
5653 0.00533570723583296
10313 0.00524129092390944
4314 0.00524129092390944
4790 0.00524129092390944
847 0.00524129092390944
54209 0.00520559884620906
5594 0.00520559884620906
10438 0.00507549045658515
11332 0.00507549045658515
1351 0.00507549045658515
345651 0.00507549045658515
389036 0.00507549045658515
440915 0.00507549045658515
641455 0.00507549045658515
71 0.00507549045658515
72 0.00507549045658515
9457 0.00507549045658515
823 0.0050371489736809
9588 0.0050371489736809
643387 0.0050371489736809
7249 0.0050371489736809
80781 0.0050371489736809
1738 0.00494273266175737
203228 0.00494273266175737
213 0.00494273266175737
3002 0.00494273266175737
3592 0.00494273266175737
4018 0.00494273266175737
4313 0.00494273266175737
4512 0.00494273266175737
4536 0.00494273266175737
5290 0.00494273266175737
6623 0.00494273266175737
2902 0.00490704058405699
958 0.00490704058405699
4709 0.00477693219443308
5599 0.00477693219443308
2247 0.0046441743996053
3240 0.0046441743996053
338 0.0046441743996053
5360 0.0046441743996053
5788 0.0046441743996053
9429 0.0046441743996053
8398 0.0046441743996053
51083 0.00460848232190492
1371 0.00447837393228102
151393 0.00447837393228102
51115 0.00447837393228102
55177 0.00447837393228102
55638 0.00447837393228102
9377 0.00447837393228102
1621 0.00434561613745324
186 0.00434561613745324
1906 0.00434561613745324
2638 0.00434561613745324
3303 0.00434561613745324
3304 0.00434561613745324
344 0.00434561613745324
3486 0.00434561613745324
38 0.00434561613745324
3988 0.00434561613745324
4295 0.00434561613745324
4481 0.00434561613745324
5345 0.00434561613745324
6348 0.00434561613745324
64231 0.00434561613745324
652 0.00434561613745324
1742 0.00430992405975285
4129 0.00430992405975285
4747 0.00430992405975285
6667 0.00430992405975285
10153 0.00417981567012895
1508 0.00417981567012895
5524 0.00417981567012895
6855 0.00417981567012895
1052 0.00404705787530117
1302 0.00404705787530117
1387 0.00404705787530117
1812 0.00404705787530117
1815 0.00404705787530117
199 0.00404705787530117
2224 0.00404705787530117
27034 0.00404705787530117
3123 0.00404705787530117
328 0.00404705787530117
3990 0.00404705787530117
4312 0.00404705787530117
4514 0.00404705787530117
4522 0.00404705787530117
4538 0.00404705787530117
4780 0.00404705787530117
5009 0.00404705787530117
5446 0.00404705787530117
5451 0.00404705787530117
5514 0.00404705787530117
5654 0.00404705787530117
629 0.00404705787530117
6310 0.00404705787530117
6319 0.00404705787530117
6387 0.00404705787530117
6891 0.00404705787530117
7178 0.00404705787530117
7412 0.00404705787530117
9644 0.00404705787530117
9536 0.00404705787530117
831 0.00401136579760079
101669765 0.00388125740797688
1038 0.00388125740797688
1109 0.00388125740797688
100507436 0.0037484996131491
10215 0.0037484996131491
1029 0.0037484996131491
10307 0.0037484996131491
10371 0.0037484996131491
10507 0.0037484996131491
10577 0.0037484996131491
116443 0.0037484996131491
116444 0.0037484996131491
1267 0.0037484996131491
1352 0.0037484996131491
1355 0.0037484996131491
1363 0.0037484996131491
1390 0.0037484996131491
1513 0.0037484996131491
1520 0.0037484996131491
1585 0.0037484996131491
176 0.0037484996131491
196 0.0037484996131491
207 0.0037484996131491
2152 0.0037484996131491
2258 0.0037484996131491
2260 0.0037484996131491
2263 0.0037484996131491
23759 0.0037484996131491
241 0.0037484996131491
2492 0.0037484996131491
26122 0.0037484996131491
267012 0.0037484996131491
27240 0.0037484996131491
2876 0.0037484996131491
2925 0.0037484996131491
3172 0.0037484996131491
319 0.0037484996131491
3484 0.0037484996131491
3953 0.0037484996131491
4210 0.0037484996131491
4277 0.0037484996131491
4535 0.0037484996131491
462 0.0037484996131491
5062 0.0037484996131491
5126 0.0037484996131491
51378 0.0037484996131491
5252 0.0037484996131491
5295 0.0037484996131491
53942 0.0037484996131491
5409 0.0037484996131491
54798 0.0037484996131491
54914 0.0037484996131491
5562 0.0037484996131491
5564 0.0037484996131491
5567 0.0037484996131491
5592 0.0037484996131491
55964 0.0037484996131491
56606 0.0037484996131491
5698 0.0037484996131491
5725 0.0037484996131491
5731 0.0037484996131491
5733 0.0037484996131491
5981 0.0037484996131491
6046 0.0037484996131491
613 0.0037484996131491
6277 0.0037484996131491
6288 0.0037484996131491
6355 0.0037484996131491
6376 0.0037484996131491
64102 0.0037484996131491
649 0.0037484996131491
6658 0.0037484996131491
6722 0.0037484996131491
6770 0.0037484996131491
6915 0.0037484996131491
6927 0.0037484996131491
7274 0.0037484996131491
7329 0.0037484996131491
799 0.0037484996131491
928 0.0037484996131491
90332 0.0037484996131491
8660 0.0037484996131491
9 0.0037484996131491
9518 0.0037484996131491
9817 0.0037484996131491
8754 0.0037484996131491
8878 0.00371280753544872
839 0.00371280753544872
156 0.00371280753544872
1627 0.00371280753544872
5265 0.00371280753544872
5320 0.00371280753544872
6908 0.00371280753544872
10194 0.00358269914582481
4550 0.00358269914582481
497258 0.00358269914582481
862 0.00358269914582481
8879 0.00344994135099703
8694 0.00344994135099703
8701 0.00344994135099703
89872 0.00344994135099703
8792 0.00344994135099703
8809 0.00344994135099703
89 0.00344994135099703
9632 0.00344994135099703
9790 0.00344994135099703
9749 0.00344994135099703
9618 0.00344994135099703
949 0.00344994135099703
9436 0.00344994135099703
9382 0.00344994135099703
9370 0.00344994135099703
922 0.00344994135099703
9154 0.00344994135099703
91523 0.00344994135099703
9124 0.00344994135099703
896 0.00344994135099703
9971 0.00344994135099703
8682 0.00344994135099703
83937 0.00344994135099703
8428 0.00344994135099703
860 0.00344994135099703
81553 0.00344994135099703
8651 0.00344994135099703
8600 0.00344994135099703
84681 0.00344994135099703
8471 0.00344994135099703
8568 0.00344994135099703
8233 0.00344994135099703
84920 0.00344994135099703
8521 0.00344994135099703
8396 0.00344994135099703
100129251 0.00344994135099703
100130286 0.00344994135099703
100130988 0.00344994135099703
100151647 0.00344994135099703
100270983 0.00344994135099703
100271419 0.00344994135099703
100271461 0.00344994135099703
10047 0.00344994135099703
10060 0.00344994135099703
1009 0.00344994135099703
10160 0.00344994135099703
10413 0.00344994135099703
10490 0.00344994135099703
1050 0.00344994135099703
10536 0.00344994135099703
10537 0.00344994135099703
10602 0.00344994135099703
10631 0.00344994135099703
10817 0.00344994135099703
10841 0.00344994135099703
10867 0.00344994135099703
10874 0.00344994135099703
10902 0.00344994135099703
10913 0.00344994135099703
10974 0.00344994135099703
10983 0.00344994135099703
11001 0.00344994135099703
11118 0.00344994135099703
11130 0.00344994135099703
11132 0.00344994135099703
113246 0.00344994135099703
114 0.00344994135099703
119395 0.00344994135099703
1230 0.00344994135099703
124 0.00344994135099703
1241 0.00344994135099703
1271 0.00344994135099703
1277 0.00344994135099703
1291 0.00344994135099703
1292 0.00344994135099703
129685 0.00344994135099703
1311 0.00344994135099703
133522 0.00344994135099703
1374 0.00344994135099703
1375 0.00344994135099703
143187 0.00344994135099703
1445 0.00344994135099703
144568 0.00344994135099703
1464 0.00344994135099703
148 0.00344994135099703
149837 0.00344994135099703
1539 0.00344994135099703
1543 0.00344994135099703
154467 0.00344994135099703
1562 0.00344994135099703
157807 0.00344994135099703
1592 0.00344994135099703
1601 0.00344994135099703
162967 0.00344994135099703
169522 0.00344994135099703
1797 0.00344994135099703
1810 0.00344994135099703
182 0.00344994135099703
185 0.00344994135099703
1909 0.00344994135099703
1944 0.00344994135099703
1959 0.00344994135099703
1960 0.00344994135099703
1993 0.00344994135099703
2006 0.00344994135099703
204962 0.00344994135099703
207107 0.00344994135099703
215 0.00344994135099703
2155 0.00344994135099703
2159 0.00344994135099703
219738 0.00344994135099703
219771 0.00344994135099703
221468 0.00344994135099703
2236 0.00344994135099703
2243 0.00344994135099703
2244 0.00344994135099703
2261 0.00344994135099703
22796 0.00344994135099703
22937 0.00344994135099703
22950 0.00344994135099703
22982 0.00344994135099703
2300 0.00344994135099703
23036 0.00344994135099703
23047 0.00344994135099703
23266 0.00344994135099703
23328 0.00344994135099703
23417 0.00344994135099703
23504 0.00344994135099703
249 0.00344994135099703
253738 0.00344994135099703
2572 0.00344994135099703
257313 0.00344994135099703
25871 0.00344994135099703
26047 0.00344994135099703
26154 0.00344994135099703
2623 0.00344994135099703
26279 0.00344994135099703
2645 0.00344994135099703
26507 0.00344994135099703
26578 0.00344994135099703
2675 0.00344994135099703
2683 0.00344994135099703
2691 0.00344994135099703
2692 0.00344994135099703
27 0.00344994135099703
27131 0.00344994135099703
285311 0.00344994135099703
2885 0.00344994135099703
28952 0.00344994135099703
3 0.00344994135099703
3122 0.00344994135099703
3157 0.00344994135099703
32 0.00344994135099703
3239 0.00344994135099703
3248 0.00344994135099703
326277 0.00344994135099703
3306 0.00344994135099703
339910 0.00344994135099703
340895 0.00344994135099703
3459 0.00344994135099703
347736 0.00344994135099703
3485 0.00344994135099703
3487 0.00344994135099703
3488 0.00344994135099703
3489 0.00344994135099703
353299 0.00344994135099703
353497 0.00344994135099703
3562 0.00344994135099703
3566 0.00344994135099703
3589 0.00344994135099703
3638 0.00344994135099703
3673 0.00344994135099703
3674 0.00344994135099703
375 0.00344994135099703
3767 0.00344994135099703
3791 0.00344994135099703
3856 0.00344994135099703
387914 0.00344994135099703
388007 0.00344994135099703
388552 0.00344994135099703
389432 0.00344994135099703
3897 0.00344994135099703
391827 0.00344994135099703
3931 0.00344994135099703
3933 0.00344994135099703
3938 0.00344994135099703
3972 0.00344994135099703
400624 0.00344994135099703
403294 0.00344994135099703
4041 0.00344994135099703
4056 0.00344994135099703
4088 0.00344994135099703
4259 0.00344994135099703
4261 0.00344994135099703
4325 0.00344994135099703
4327 0.00344994135099703
4509 0.00344994135099703
4539 0.00344994135099703
4540 0.00344994135099703
4568 0.00344994135099703
4609 0.00344994135099703
4651 0.00344994135099703
4684 0.00344994135099703
4798 0.00344994135099703
4879 0.00344994135099703
4887 0.00344994135099703
4899 0.00344994135099703
4982 0.00344994135099703
5048 0.00344994135099703
5068 0.00344994135099703
5076 0.00344994135099703
50855 0.00344994135099703
51063 0.00344994135099703
51085 0.00344994135099703
51093 0.00344994135099703
51094 0.00344994135099703
51106 0.00344994135099703
5116 0.00344994135099703
51196 0.00344994135099703
5122 0.00344994135099703
51281 0.00344994135099703
5156 0.00344994135099703
5159 0.00344994135099703
5167 0.00344994135099703
5199 0.00344994135099703
5251 0.00344994135099703
5298 0.00344994135099703
5309 0.00344994135099703
53632 0.00344994135099703
54518 0.00344994135099703
5506 0.00344994135099703
55149 0.00344994135099703
55205 0.00344994135099703
5534 0.00344994135099703
5565 0.00344994135099703
55662 0.00344994135099703
55793 0.00344994135099703
56521 0.00344994135099703
56660 0.00344994135099703
56681 0.00344994135099703
56999 0.00344994135099703
57089 0.00344994135099703
5734 0.00344994135099703
5737 0.00344994135099703
5739 0.00344994135099703
5740 0.00344994135099703
5741 0.00344994135099703
5745 0.00344994135099703
57462 0.00344994135099703
57608 0.00344994135099703
5763 0.00344994135099703
57649 0.00344994135099703
57678 0.00344994135099703
5770 0.00344994135099703
57761 0.00344994135099703
5777 0.00344994135099703
57787 0.00344994135099703
5834 0.00344994135099703
5858 0.00344994135099703
5914 0.00344994135099703
5915 0.00344994135099703
5916 0.00344994135099703
5950 0.00344994135099703
6041 0.00344994135099703
60528 0.00344994135099703
6095 0.00344994135099703
6257 0.00344994135099703
6258 0.00344994135099703
6289 0.00344994135099703
632 0.00344994135099703
6351 0.00344994135099703
6401 0.00344994135099703
64216 0.00344994135099703
642305 0.00344994135099703
64240 0.00344994135099703
6461 0.00344994135099703
647167 0.00344994135099703
64805 0.00344994135099703
651 0.00344994135099703
6513 0.00344994135099703
6517 0.00344994135099703
65217 0.00344994135099703
6539 0.00344994135099703
655 0.00344994135099703
6568 0.00344994135099703
66008 0.00344994135099703
6678 0.00344994135099703
6696 0.00344994135099703
6716 0.00344994135099703
6756 0.00344994135099703
6804 0.00344994135099703
6832 0.00344994135099703
6833 0.00344994135099703
6844 0.00344994135099703
6872 0.00344994135099703
688 0.00344994135099703
6916 0.00344994135099703
6926 0.00344994135099703
6934 0.00344994135099703
6945 0.00344994135099703
6948 0.00344994135099703
7009 0.00344994135099703
7032 0.00344994135099703
7056 0.00344994135099703
7068 0.00344994135099703
7127 0.00344994135099703
7128 0.00344994135099703
7137 0.00344994135099703
7148 0.00344994135099703
7185 0.00344994135099703
7187 0.00344994135099703
7188 0.00344994135099703
7189 0.00344994135099703
728450 0.00344994135099703
728693 0.00344994135099703
7312 0.00344994135099703
7321 0.00344994135099703
7352 0.00344994135099703
7425 0.00344994135099703
7450 0.00344994135099703
768 0.00344994135099703
773 0.00344994135099703
7799 0.00344994135099703
7850 0.00344994135099703
79001 0.00344994135099703
79135 0.00344994135099703
79602 0.00344994135099703
79739 0.00344994135099703
79879 0.00344994135099703
79895 0.00344994135099703
8029 0.00344994135099703
80737 0.00344994135099703
8074 0.00344994135099703
81037 0.00344994135099703
3309 0.00341424927329665
6280 0.00341424927329665
1917 0.00328414088367274
1435 0.00311569101114458
1453 0.00311569101114458
1869 0.00311569101114458
4223 0.00311569101114458
5173 0.00311569101114458
5521 0.00311569101114458
5595 0.00311569101114458
5999 0.00311569101114458
618 0.00311569101114458
80823 0.00311569101114458
815 0.00311569101114458
837 0.00311569101114458
342977 0.00298558262152068
4504 0.00298558262152068
10211 0.00281713274899252
1027 0.00281713274899252
10273 0.00281713274899252
10776 0.00281713274899252
1080 0.00281713274899252
1152 0.00281713274899252
1269 0.00281713274899252
1386 0.00281713274899252
1490 0.00281713274899252
1938 0.00281713274899252
2078 0.00281713274899252
2166 0.00281713274899252
2170 0.00281713274899252
26088 0.00281713274899252
2618 0.00281713274899252
2752 0.00281713274899252
2817 0.00281713274899252
285672 0.00281713274899252
2890 0.00281713274899252
2891 0.00281713274899252
2903 0.00281713274899252
30818 0.00281713274899252
3579 0.00281713274899252
358 0.00281713274899252
3925 0.00281713274899252
4241 0.00281713274899252
4543 0.00281713274899252
468 0.00281713274899252
4860 0.00281713274899252
5029 0.00281713274899252
54106 0.00281713274899252
5423 0.00281713274899252
54541 0.00281713274899252
5481 0.00281713274899252
55937 0.00281713274899252
5605 0.00281713274899252
571 0.00281713274899252
57142 0.00281713274899252
57447 0.00281713274899252
6189 0.00281713274899252
6198 0.00281713274899252
6453 0.00281713274899252
7001 0.00281713274899252
7166 0.00281713274899252
728 0.00281713274899252
7357 0.00281713274899252
9261 0.00281713274899252
9546 0.00281713274899252
8743 0.00281713274899252
8941 0.00281713274899252
9048 0.00268702435936861
10383 0.00268702435936861
11076 0.00268702435936861
30816 0.00268702435936861
4760 0.00268702435936861
1000 0.00251857448684045
10399 0.00251857448684045
10935 0.00251857448684045
1113 0.00251857448684045
1114 0.00251857448684045
131578 0.00251857448684045
140890 0.00251857448684045
1499 0.00251857448684045
1536 0.00251857448684045
192343 0.00251857448684045
2057 0.00251857448684045
2066 0.00251857448684045
23190 0.00251857448684045
2550 0.00251857448684045
26353 0.00251857448684045
27163 0.00251857448684045
27344 0.00251857448684045
284217 0.00251857448684045
2892 0.00251857448684045
29904 0.00251857448684045
3181 0.00251857448684045
3350 0.00251857448684045
347902 0.00251857448684045
356 0.00251857448684045
3684 0.00251857448684045
3685 0.00251857448684045
3688 0.00251857448684045
3749 0.00251857448684045
3915 0.00251857448684045
4205 0.00251857448684045
4361 0.00251857448684045
4440 0.00251857448684045
4552 0.00251857448684045
4666 0.00251857448684045
4830 0.00251857448684045
4831 0.00251857448684045
4851 0.00251857448684045
5052 0.00251857448684045
5058 0.00251857448684045
5274 0.00251857448684045
5566 0.00251857448684045
5813 0.00251857448684045
5870 0.00251857448684045
5894 0.00251857448684045
599 0.00251857448684045
624 0.00251857448684045
6283 0.00251857448684045
64137 0.00251857448684045
646506 0.00251857448684045
6571 0.00251857448684045
672 0.00251857448684045
6812 0.00251857448684045
7159 0.00251857448684045
755 0.00251857448684045
7779 0.00251857448684045
80142 0.00251857448684045
8997 0.00251857448684045
8650 0.00251857448684045
9482 0.00251857448684045
81847 0.00251857448684045
8208 0.00251857448684045
8622 0.00251857448684045
892 0.00251857448684045
9420 0.00251857448684045
112476 0.00238846609721654
22861 0.00238846609721654
23336 0.00238846609721654
3145 0.00238846609721654
3934 0.00238846609721654
4858 0.00238846609721654
50818 0.00238846609721654
5319 0.00238846609721654
6506 0.00238846609721654
100293534 0.00208990783506447
133482 0.00208990783506447
1666 0.00208990783506447
2004 0.00208990783506447
2086 0.00208990783506447
27306 0.00208990783506447
3643 0.00208990783506447
373156 0.00208990783506447
405754 0.00208990783506447
4967 0.00208990783506447
6272 0.00208990783506447
720 0.00208990783506447
760 0.00208990783506447
761 0.00208990783506447
79665 0.00208990783506447
805 0.00208990783506447
808 0.00208990783506447
960 0.00208990783506447
9402 0.00179134957291241
84650 0.00179134957291241
84516 0.00179134957291241
10598 0.00179134957291241
1398 0.00179134957291241
1432 0.00179134957291241
151056 0.00179134957291241
2011 0.00179134957291241
23037 0.00179134957291241
257641 0.00179134957291241
25897 0.00179134957291241
26073 0.00179134957291241
27158 0.00179134957291241
2908 0.00179134957291241
3272 0.00179134957291241
353 0.00179134957291241
54732 0.00179134957291241
57126 0.00179134957291241
6275 0.00179134957291241
6442 0.00179134957291241
6530 0.00179134957291241
6616 0.00179134957291241
717 0.00179134957291241
728378 0.00179134957291241
7965 0.00179134957291241
10 0.00149279131076034
10059 0.00149279131076034
1022 0.00149279131076034
1068 0.00149279131076034
113130 0.00149279131076034
114548 0.00149279131076034
1991 0.00149279131076034
2220 0.00149279131076034
2353 0.00149279131076034
23569 0.00149279131076034
25797 0.00149279131076034
2596 0.00149279131076034
2644 0.00149279131076034
301 0.00149279131076034
4331 0.00149279131076034
4695 0.00149279131076034
5047 0.00149279131076034
51150 0.00149279131076034
540 0.00149279131076034
551 0.00149279131076034
5973 0.00149279131076034
7052 0.00149279131076034
7416 0.00149279131076034
79612 0.00149279131076034
80761 0.00149279131076034
81539 0.00149279131076034
834 0.00149279131076034
948 0.00149279131076034
8562 0.00119423304860827
966 0.00119423304860827
84630 0.00119423304860827
10013 0.00119423304860827
100188795 0.00119423304860827
10046 0.00119423304860827
10327 0.00119423304860827
10439 0.00119423304860827
10519 0.00119423304860827
10524 0.00119423304860827
10988 0.00119423304860827
10993 0.00119423304860827
11138 0.00119423304860827
11315 0.00119423304860827
1282 0.00119423304860827
1284 0.00119423304860827
1759 0.00119423304860827
196513 0.00119423304860827
199699 0.00119423304860827
23054 0.00119423304860827
23410 0.00119423304860827
2641 0.00119423304860827
2934 0.00119423304860827
3064 0.00119423304860827
3133 0.00119423304860827
3159 0.00119423304860827
321 0.00119423304860827
333 0.00119423304860827
5111 0.00119423304860827
51119 0.00119423304860827
5294 0.00119423304860827
5313 0.00119423304860827
5669 0.00119423304860827
6462 0.00119423304860827
65018 0.00119423304860827
682 0.00119423304860827
7054 0.00119423304860827
7097 0.00119423304860827
10376 8.95674786456203E-4
10407 8.95674786456203E-4
10488 8.95674786456203E-4
10644 8.95674786456203E-4
10657 8.95674786456203E-4
10787 8.95674786456203E-4
117195 8.95674786456203E-4
117196 8.95674786456203E-4
126393 8.95674786456203E-4
1270 8.95674786456203E-4
134391 8.95674786456203E-4
1440 8.95674786456203E-4
144195 8.95674786456203E-4
145624 8.95674786456203E-4
1493 8.95674786456203E-4
151306 8.95674786456203E-4
151871 8.95674786456203E-4
1523 8.95674786456203E-4
1555 8.95674786456203E-4
1594 8.95674786456203E-4
165140 8.95674786456203E-4
1999 8.95674786456203E-4
2149 8.95674786456203E-4
2194 8.95674786456203E-4
222545 8.95674786456203E-4
22933 8.95674786456203E-4
2335 8.95674786456203E-4
2354 8.95674786456203E-4
23566 8.95674786456203E-4
2358 8.95674786456203E-4
23636 8.95674786456203E-4
24 8.95674786456203E-4
2571 8.95674786456203E-4
259249 8.95674786456203E-4
2629 8.95674786456203E-4
27319 8.95674786456203E-4
27352 8.95674786456203E-4
2739 8.95674786456203E-4
2821 8.95674786456203E-4
2965 8.95674786456203E-4
31 8.95674786456203E-4
3163 8.95674786456203E-4
3176 8.95674786456203E-4
325 8.95674786456203E-4
3308 8.95674786456203E-4
3360 8.95674786456203E-4
337 8.95674786456203E-4
3454 8.95674786456203E-4
3483 8.95674786456203E-4
3725 8.95674786456203E-4
3726 8.95674786456203E-4
3727 8.95674786456203E-4
4351 8.95674786456203E-4
441931 8.95674786456203E-4
442206 8.95674786456203E-4
4586 8.95674786456203E-4
4682 8.95674786456203E-4
472 8.95674786456203E-4
4773 8.95674786456203E-4
5037 8.95674786456203E-4
51164 8.95674786456203E-4
5130 8.95674786456203E-4
5175 8.95674786456203E-4
5291 8.95674786456203E-4
5293 8.95674786456203E-4
5373 8.95674786456203E-4
5424 8.95674786456203E-4
54808 8.95674786456203E-4
5539 8.95674786456203E-4
5550 8.95674786456203E-4
55737 8.95674786456203E-4
5624 8.95674786456203E-4
573 8.95674786456203E-4
57379 8.95674786456203E-4
59352 8.95674786456203E-4
6352 8.95674786456203E-4
653423 8.95674786456203E-4
6620 8.95674786456203E-4
6651 8.95674786456203E-4
706 8.95674786456203E-4
7190 8.95674786456203E-4
7511 8.95674786456203E-4
780 8.95674786456203E-4
79068 8.95674786456203E-4
79258 8.95674786456203E-4
79581 8.95674786456203E-4
80347 8.95674786456203E-4
84557 8.95674786456203E-4
84867 8.95674786456203E-4
9718 8.95674786456203E-4
920 8.95674786456203E-4
8322 8.95674786456203E-4
8834 8.95674786456203E-4
8988 8.95674786456203E-4
89832 8.95674786456203E-4
8626 8.95674786456203E-4
8856 8.95674786456203E-4
8761 8.95674786456203E-4
9509 5.97116524304135E-4
8867 5.97116524304135E-4
8874 5.97116524304135E-4
8824 5.97116524304135E-4
8570 5.97116524304135E-4
8567 5.97116524304135E-4
9968 5.97116524304135E-4
9575 5.97116524304135E-4
867 5.97116524304135E-4
9759 5.97116524304135E-4
8717 5.97116524304135E-4
9699 5.97116524304135E-4
968 5.97116524304135E-4
96764 5.97116524304135E-4
963 5.97116524304135E-4
83478 5.97116524304135E-4
83881 5.97116524304135E-4
93210 5.97116524304135E-4
84959 5.97116524304135E-4
85300 5.97116524304135E-4
9139 5.97116524304135E-4
9001 5.97116524304135E-4
9242 5.97116524304135E-4
925 5.97116524304135E-4
8543 5.97116524304135E-4
9241 5.97116524304135E-4
10044 5.97116524304135E-4
10048 5.97116524304135E-4
100506742 5.97116524304135E-4
100509457 5.97116524304135E-4
10058 5.97116524304135E-4
100996758 5.97116524304135E-4
1012 5.97116524304135E-4
10381 5.97116524304135E-4
10457 5.97116524304135E-4
10531 5.97116524304135E-4
10717 5.97116524304135E-4
10724 5.97116524304135E-4
11168 5.97116524304135E-4
11255 5.97116524304135E-4
1128 5.97116524304135E-4
11329 5.97116524304135E-4
11331 5.97116524304135E-4
114131 5.97116524304135E-4
114799 5.97116524304135E-4
128408 5.97116524304135E-4
129831 5.97116524304135E-4
1394 5.97116524304135E-4
1400 5.97116524304135E-4
140913 5.97116524304135E-4
1429 5.97116524304135E-4
1457 5.97116524304135E-4
1465 5.97116524304135E-4
146713 5.97116524304135E-4
149420 5.97116524304135E-4
1501 5.97116524304135E-4
1514 5.97116524304135E-4
1559 5.97116524304135E-4
1576 5.97116524304135E-4
158 5.97116524304135E-4
1649 5.97116524304135E-4
1791 5.97116524304135E-4
1809 5.97116524304135E-4
1825 5.97116524304135E-4
197257 5.97116524304135E-4
2033 5.97116524304135E-4
2048 5.97116524304135E-4
2056 5.97116524304135E-4
2108 5.97116524304135E-4
2109 5.97116524304135E-4
2110 5.97116524304135E-4
2114 5.97116524304135E-4
2167 5.97116524304135E-4
2186 5.97116524304135E-4
2187 5.97116524304135E-4
2195 5.97116524304135E-4
2288 5.97116524304135E-4
22954 5.97116524304135E-4
2316 5.97116524304135E-4
23426 5.97116524304135E-4
23604 5.97116524304135E-4
2395 5.97116524304135E-4
25801 5.97116524304135E-4
26060 5.97116524304135E-4
266629 5.97116524304135E-4
2668 5.97116524304135E-4
2694 5.97116524304135E-4
27036 5.97116524304135E-4
2729 5.97116524304135E-4
27429 5.97116524304135E-4
28954 5.97116524304135E-4
28982 5.97116524304135E-4
2936 5.97116524304135E-4
2971 5.97116524304135E-4
29803 5.97116524304135E-4
3033 5.97116524304135E-4
3059 5.97116524304135E-4
309 5.97116524304135E-4
3106 5.97116524304135E-4
3117 5.97116524304135E-4
3126 5.97116524304135E-4
317782 5.97116524304135E-4
324 5.97116524304135E-4
3315 5.97116524304135E-4
3351 5.97116524304135E-4
338340 5.97116524304135E-4
339345 5.97116524304135E-4
340719 5.97116524304135E-4
352909 5.97116524304135E-4
3560 5.97116524304135E-4
3596 5.97116524304135E-4
361 5.97116524304135E-4
3620 5.97116524304135E-4
3627 5.97116524304135E-4
3689 5.97116524304135E-4
3710 5.97116524304135E-4
3827 5.97116524304135E-4
3898 5.97116524304135E-4
3930 5.97116524304135E-4
3976 5.97116524304135E-4
4012 5.97116524304135E-4
4015 5.97116524304135E-4
4038 5.97116524304135E-4
404552 5.97116524304135E-4
4061 5.97116524304135E-4
410 5.97116524304135E-4
4153 5.97116524304135E-4
4155 5.97116524304135E-4
4282 5.97116524304135E-4
435 5.97116524304135E-4
4594 5.97116524304135E-4
4691 5.97116524304135E-4
4744 5.97116524304135E-4
4774 5.97116524304135E-4
4781 5.97116524304135E-4
4782 5.97116524304135E-4
4784 5.97116524304135E-4
4791 5.97116524304135E-4
4854 5.97116524304135E-4
4891 5.97116524304135E-4
5027 5.97116524304135E-4
5110 5.97116524304135E-4
51182 5.97116524304135E-4
51295 5.97116524304135E-4
51312 5.97116524304135E-4
51478 5.97116524304135E-4
5163 5.97116524304135E-4
5170 5.97116524304135E-4
5187 5.97116524304135E-4
5338 5.97116524304135E-4
538 5.97116524304135E-4
5443 5.97116524304135E-4
54474 5.97116524304135E-4
5464 5.97116524304135E-4
5478 5.97116524304135E-4
54933 5.97116524304135E-4
55363 5.97116524304135E-4
5540 5.97116524304135E-4
5542 5.97116524304135E-4
55511 5.97116524304135E-4
55536 5.97116524304135E-4
55672 5.97116524304135E-4
55705 5.97116524304135E-4
5602 5.97116524304135E-4
56259 5.97116524304135E-4
56975 5.97116524304135E-4
5719 5.97116524304135E-4
5728 5.97116524304135E-4
57410 5.97116524304135E-4
58157 5.97116524304135E-4
594857 5.97116524304135E-4
60343 5.97116524304135E-4
6205 5.97116524304135E-4
6240 5.97116524304135E-4
6267 5.97116524304135E-4
6299 5.97116524304135E-4
6311 5.97116524304135E-4
6383 5.97116524304135E-4
6400 5.97116524304135E-4
6418 5.97116524304135E-4
64333 5.97116524304135E-4
64374 5.97116524304135E-4
644 5.97116524304135E-4
6445 5.97116524304135E-4
6489 5.97116524304135E-4
6493 5.97116524304135E-4
6507 5.97116524304135E-4
65125 5.97116524304135E-4
6700 5.97116524304135E-4
6733 5.97116524304135E-4
6774 5.97116524304135E-4
6853 5.97116524304135E-4
6854 5.97116524304135E-4
6862 5.97116524304135E-4
6898 5.97116524304135E-4
6999 5.97116524304135E-4
7042 5.97116524304135E-4
7043 5.97116524304135E-4
7055 5.97116524304135E-4
7145 5.97116524304135E-4
7262 5.97116524304135E-4
7341 5.97116524304135E-4
7402 5.97116524304135E-4
7431 5.97116524304135E-4
7494 5.97116524304135E-4
7528 5.97116524304135E-4
788 5.97116524304135E-4
7936 5.97116524304135E-4
7938 5.97116524304135E-4
79648 5.97116524304135E-4
79969 5.97116524304135E-4
8021 5.97116524304135E-4
8048 5.97116524304135E-4
10007 2.98558262152068E-4
10008 2.98558262152068E-4
10011 2.98558262152068E-4
10015 2.98558262152068E-4
10018 2.98558262152068E-4
100289087 2.98558262152068E-4
100302736 2.98558262152068E-4
100379571 2.98558262152068E-4
100533181 2.98558262152068E-4
10068 2.98558262152068E-4
100861519 2.98558262152068E-4
10105 2.98558262152068E-4
10106 2.98558262152068E-4
10128 2.98558262152068E-4
10133 2.98558262152068E-4
10152 2.98558262152068E-4
10174 2.98558262152068E-4
101930400 2.98558262152068E-4
10200 2.98558262152068E-4
10243 2.98558262152068E-4
1025 2.98558262152068E-4
10257 2.98558262152068E-4
1033 2.98558262152068E-4
10352 2.98558262152068E-4
10379 2.98558262152068E-4
10388 2.98558262152068E-4
10400 2.98558262152068E-4
10482 2.98558262152068E-4
10534 2.98558262152068E-4
10559 2.98558262152068E-4
10671 2.98558262152068E-4
10699 2.98558262152068E-4
10728 2.98558262152068E-4
10763 2.98558262152068E-4
10769 2.98558262152068E-4
108 2.98558262152068E-4
10808 2.98558262152068E-4
10963 2.98558262152068E-4
10972 2.98558262152068E-4
11034 2.98558262152068E-4
11074 2.98558262152068E-4
1111 2.98558262152068E-4
11124 2.98558262152068E-4
11200 2.98558262152068E-4
11240 2.98558262152068E-4
1130 2.98558262152068E-4
113451 2.98558262152068E-4
113452 2.98558262152068E-4
115111 2.98558262152068E-4
115209 2.98558262152068E-4
117189 2.98558262152068E-4
1196 2.98558262152068E-4
1211 2.98558262152068E-4
121278 2.98558262152068E-4
122786 2.98558262152068E-4
1235 2.98558262152068E-4
1244 2.98558262152068E-4
126014 2.98558262152068E-4
128372 2.98558262152068E-4
131450 2.98558262152068E-4
1325 2.98558262152068E-4
1326 2.98558262152068E-4
1360 2.98558262152068E-4
139741 2.98558262152068E-4
1428 2.98558262152068E-4
143384 2.98558262152068E-4
1436 2.98558262152068E-4
1462 2.98558262152068E-4
147719 2.98558262152068E-4
148423 2.98558262152068E-4
1506 2.98558262152068E-4
1522 2.98558262152068E-4
1524 2.98558262152068E-4
153090 2.98558262152068E-4
1557 2.98558262152068E-4
1584 2.98558262152068E-4
1593 2.98558262152068E-4
1600 2.98558262152068E-4
1634 2.98558262152068E-4
1641 2.98558262152068E-4
1645 2.98558262152068E-4
1646 2.98558262152068E-4
1647 2.98558262152068E-4
169792 2.98558262152068E-4
1739 2.98558262152068E-4
1741 2.98558262152068E-4
1756 2.98558262152068E-4
1767 2.98558262152068E-4
1794 2.98558262152068E-4
1806 2.98558262152068E-4
1807 2.98558262152068E-4
181 2.98558262152068E-4
1828 2.98558262152068E-4
1832 2.98558262152068E-4
1834 2.98558262152068E-4
190 2.98558262152068E-4
1958 2.98558262152068E-4
1968 2.98558262152068E-4
203 2.98558262152068E-4
2112 2.98558262152068E-4
2150 2.98558262152068E-4
2153 2.98558262152068E-4
221458 2.98558262152068E-4
2242 2.98558262152068E-4
226 2.98558262152068E-4
2274 2.98558262152068E-4
2280 2.98558262152068E-4
2286 2.98558262152068E-4
2289 2.98558262152068E-4
2305 2.98558262152068E-4
2309 2.98558262152068E-4
23151 2.98558262152068E-4
23163 2.98558262152068E-4
2317 2.98558262152068E-4
23180 2.98558262152068E-4
23204 2.98558262152068E-4
23277 2.98558262152068E-4
23291 2.98558262152068E-4
23325 2.98558262152068E-4
23352 2.98558262152068E-4
23368 2.98558262152068E-4
23373 2.98558262152068E-4
2346 2.98558262152068E-4
23524 2.98558262152068E-4
23529 2.98558262152068E-4
23541 2.98558262152068E-4
23552 2.98558262152068E-4
23620 2.98558262152068E-4
23646 2.98558262152068E-4
23705 2.98558262152068E-4
23761 2.98558262152068E-4
245802 2.98558262152068E-4
2548 2.98558262152068E-4
25792 2.98558262152068E-4
25798 2.98558262152068E-4
25800 2.98558262152068E-4
25827 2.98558262152068E-4
25953 2.98558262152068E-4
26020 2.98558262152068E-4
262 2.98558262152068E-4
263 2.98558262152068E-4
26470 2.98558262152068E-4
26614 2.98558262152068E-4
2671 2.98558262152068E-4
2695 2.98558262152068E-4
2697 2.98558262152068E-4
27019 2.98558262152068E-4
27035 2.98558262152068E-4
27161 2.98558262152068E-4
27173 2.98558262152068E-4
27242 2.98558262152068E-4
27250 2.98558262152068E-4
27255 2.98558262152068E-4
27303 2.98558262152068E-4
27349 2.98558262152068E-4
2764 2.98558262152068E-4
2768 2.98558262152068E-4
2770 2.98558262152068E-4
2801 2.98558262152068E-4
2827 2.98558262152068E-4
282706 2.98558262152068E-4
283 2.98558262152068E-4
283556 2.98558262152068E-4
283685 2.98558262152068E-4
284312 2.98558262152068E-4
284612 2.98558262152068E-4
284805 2.98558262152068E-4
2878 2.98558262152068E-4
28998 2.98558262152068E-4
2905 2.98558262152068E-4
29072 2.98558262152068E-4
29089 2.98558262152068E-4
29106 2.98558262152068E-4
2984 2.98558262152068E-4
29924 2.98558262152068E-4
2993 2.98558262152068E-4
29934 2.98558262152068E-4
2994 2.98558262152068E-4
2996 2.98558262152068E-4
29988 2.98558262152068E-4
29997 2.98558262152068E-4
3000 2.98558262152068E-4
3008 2.98558262152068E-4
3030 2.98558262152068E-4
3048 2.98558262152068E-4
3066 2.98558262152068E-4
3067 2.98558262152068E-4
308 2.98558262152068E-4
3082 2.98558262152068E-4
3083 2.98558262152068E-4
3091 2.98558262152068E-4
3092 2.98558262152068E-4
3093 2.98558262152068E-4
3098 2.98558262152068E-4
3135 2.98558262152068E-4
327 2.98558262152068E-4
3292 2.98558262152068E-4
330 2.98558262152068E-4
3313 2.98558262152068E-4
3316 2.98558262152068E-4
3375 2.98558262152068E-4
3429 2.98558262152068E-4
343406 2.98558262152068E-4
3437 2.98558262152068E-4
344901 2.98558262152068E-4
346 2.98558262152068E-4
347745 2.98558262152068E-4
348980 2.98558262152068E-4
348995 2.98558262152068E-4
353376 2.98558262152068E-4
3535 2.98558262152068E-4
3572 2.98558262152068E-4
3702 2.98558262152068E-4
3707 2.98558262152068E-4
3708 2.98558262152068E-4
3709 2.98558262152068E-4
3717 2.98558262152068E-4
3737 2.98558262152068E-4
374291 2.98558262152068E-4
3745 2.98558262152068E-4
3806 2.98558262152068E-4
3809 2.98558262152068E-4
384 2.98558262152068E-4
3854 2.98558262152068E-4
3872 2.98558262152068E-4
391109 2.98558262152068E-4
3939 2.98558262152068E-4
4001 2.98558262152068E-4
406921 2.98558262152068E-4
406936 2.98558262152068E-4
406971 2.98558262152068E-4
407004 2.98558262152068E-4
409 2.98558262152068E-4
4131 2.98558262152068E-4
4134 2.98558262152068E-4
4139 2.98558262152068E-4
4142 2.98558262152068E-4
4143 2.98558262152068E-4
4144 2.98558262152068E-4
4151 2.98558262152068E-4
4179 2.98558262152068E-4
4209 2.98558262152068E-4
427 2.98558262152068E-4
4287 2.98558262152068E-4
4300 2.98558262152068E-4
4306 2.98558262152068E-4
4340 2.98558262152068E-4
4345 2.98558262152068E-4
4359 2.98558262152068E-4
4363 2.98558262152068E-4
440275 2.98558262152068E-4
4482 2.98558262152068E-4
4489 2.98558262152068E-4
4490 2.98558262152068E-4
4493 2.98558262152068E-4
4494 2.98558262152068E-4
4495 2.98558262152068E-4
4496 2.98558262152068E-4
4498 2.98558262152068E-4
4499 2.98558262152068E-4
4500 2.98558262152068E-4
4501 2.98558262152068E-4
4502 2.98558262152068E-4
4544 2.98558262152068E-4
4624 2.98558262152068E-4
4646 2.98558262152068E-4
4698 2.98558262152068E-4
4710 2.98558262152068E-4
4763 2.98558262152068E-4
4776 2.98558262152068E-4
4815 2.98558262152068E-4
4827 2.98558262152068E-4
4880 2.98558262152068E-4
4898 2.98558262152068E-4
4900 2.98558262152068E-4
4922 2.98558262152068E-4
4923 2.98558262152068E-4
4953 2.98558262152068E-4
4976 2.98558262152068E-4
5008 2.98558262152068E-4
501 2.98558262152068E-4
5018 2.98558262152068E-4
5020 2.98558262152068E-4
5030 2.98558262152068E-4
50487 2.98558262152068E-4
50508 2.98558262152068E-4
5071 2.98558262152068E-4
5092 2.98558262152068E-4
51014 2.98558262152068E-4
51118 2.98558262152068E-4
51135 2.98558262152068E-4
5121 2.98558262152068E-4
5129 2.98558262152068E-4
5132 2.98558262152068E-4
51343 2.98558262152068E-4
51379 2.98558262152068E-4
5141 2.98558262152068E-4
51411 2.98558262152068E-4
51451 2.98558262152068E-4
5150 2.98558262152068E-4
51645 2.98558262152068E-4
51673 2.98558262152068E-4
51741 2.98558262152068E-4
5179 2.98558262152068E-4
51806 2.98558262152068E-4
5201 2.98558262152068E-4
5267 2.98558262152068E-4
5289 2.98558262152068E-4
5296 2.98558262152068E-4
5311 2.98558262152068E-4
5329 2.98558262152068E-4
5334 2.98558262152068E-4
5337 2.98558262152068E-4
5351 2.98558262152068E-4
537 2.98558262152068E-4
53826 2.98558262152068E-4
54103 2.98558262152068E-4
54107 2.98558262152068E-4
5447 2.98558262152068E-4
54472 2.98558262152068E-4
54776 2.98558262152068E-4
5479 2.98558262152068E-4
54858 2.98558262152068E-4
54897 2.98558262152068E-4
5515 2.98558262152068E-4
55308 2.98558262152068E-4
5547 2.98558262152068E-4
55532 2.98558262152068E-4
5554 2.98558262152068E-4
5555 2.98558262152068E-4
55554 2.98558262152068E-4
5563 2.98558262152068E-4
55811 2.98558262152068E-4
55974 2.98558262152068E-4
56162 2.98558262152068E-4
5627 2.98558262152068E-4
5646 2.98558262152068E-4
5648 2.98558262152068E-4
5660 2.98558262152068E-4
5662 2.98558262152068E-4
56899 2.98558262152068E-4
56902 2.98558262152068E-4
5693 2.98558262152068E-4
57030 2.98558262152068E-4
5706 2.98558262152068E-4
57107 2.98558262152068E-4
5715 2.98558262152068E-4
57292 2.98558262152068E-4
57520 2.98558262152068E-4
57679 2.98558262152068E-4
57731 2.98558262152068E-4
5816 2.98558262152068E-4
58476 2.98558262152068E-4
5864 2.98558262152068E-4
5901 2.98558262152068E-4
5930 2.98558262152068E-4
5940 2.98558262152068E-4
597 2.98558262152068E-4
5978 2.98558262152068E-4
5997 2.98558262152068E-4
602 2.98558262152068E-4
6051 2.98558262152068E-4
6093 2.98558262152068E-4
6137 2.98558262152068E-4
617 2.98558262152068E-4
6194 2.98558262152068E-4
6199 2.98558262152068E-4
6228 2.98558262152068E-4
6237 2.98558262152068E-4
6252 2.98558262152068E-4
6263 2.98558262152068E-4
6279 2.98558262152068E-4
6296 2.98558262152068E-4
633 2.98558262152068E-4
6342 2.98558262152068E-4
6361 2.98558262152068E-4
637 2.98558262152068E-4
63827 2.98558262152068E-4
63973 2.98558262152068E-4
6404 2.98558262152068E-4
641 2.98558262152068E-4
64101 2.98558262152068E-4
64112 2.98558262152068E-4
64146 2.98558262152068E-4
6421 2.98558262152068E-4
6427 2.98558262152068E-4
6428 2.98558262152068E-4
64318 2.98558262152068E-4
64395 2.98558262152068E-4
64396 2.98558262152068E-4
6440 2.98558262152068E-4
644314 2.98558262152068E-4
6447 2.98558262152068E-4
6448 2.98558262152068E-4
6456 2.98558262152068E-4
647309 2.98558262152068E-4
6505 2.98558262152068E-4
6515 2.98558262152068E-4
653361 2.98558262152068E-4
653820 2.98558262152068E-4
654 2.98558262152068E-4
6546 2.98558262152068E-4
654780 2.98558262152068E-4
6566 2.98558262152068E-4
6573 2.98558262152068E-4
6581 2.98558262152068E-4
6594 2.98558262152068E-4
6671 2.98558262152068E-4
6683 2.98558262152068E-4
6697 2.98558262152068E-4
6711 2.98558262152068E-4
6717 2.98558262152068E-4
6741 2.98558262152068E-4
6767 2.98558262152068E-4
6783 2.98558262152068E-4
6865 2.98558262152068E-4
6869 2.98558262152068E-4
6910 2.98558262152068E-4
7023 2.98558262152068E-4
7038 2.98558262152068E-4
7048 2.98558262152068E-4
7060 2.98558262152068E-4
7078 2.98558262152068E-4
710 2.98558262152068E-4
7225 2.98558262152068E-4
723961 2.98558262152068E-4
7253 2.98558262152068E-4
7258 2.98558262152068E-4
728137 2.98558262152068E-4
728395 2.98558262152068E-4
7301 2.98558262152068E-4
7316 2.98558262152068E-4
7332 2.98558262152068E-4
735 2.98558262152068E-4
7351 2.98558262152068E-4
7355 2.98558262152068E-4
7361 2.98558262152068E-4
7374 2.98558262152068E-4
7415 2.98558262152068E-4
7417 2.98558262152068E-4
7432 2.98558262152068E-4
7453 2.98558262152068E-4
7486 2.98558262152068E-4
7498 2.98558262152068E-4
7593 2.98558262152068E-4
7776 2.98558262152068E-4
7781 2.98558262152068E-4
7852 2.98558262152068E-4
7855 2.98558262152068E-4
79152 2.98558262152068E-4
79176 2.98558262152068E-4
79297 2.98558262152068E-4
794 2.98558262152068E-4
79810 2.98558262152068E-4
79823 2.98558262152068E-4
7984 2.98558262152068E-4
79882 2.98558262152068E-4
80025 2.98558262152068E-4
8106 2.98558262152068E-4
811 2.98558262152068E-4
814 2.98558262152068E-4
81502 2.98558262152068E-4
9043 2.98558262152068E-4
8449 2.98558262152068E-4
8535 2.98558262152068E-4
973 2.98558262152068E-4
8654 2.98558262152068E-4
9132 2.98558262152068E-4
873 2.98558262152068E-4
9627 2.98558262152068E-4
9143 2.98558262152068E-4
9002 2.98558262152068E-4
9607 2.98558262152068E-4
9734 2.98558262152068E-4
9365 2.98558262152068E-4
9039 2.98558262152068E-4
81618 2.98558262152068E-4
81794 2.98558262152068E-4
9948 2.98558262152068E-4
81832 2.98558262152068E-4
9894 2.98558262152068E-4
9892 2.98558262152068E-4
9879 2.98558262152068E-4
9863 2.98558262152068E-4
87 2.98558262152068E-4
8678 2.98558262152068E-4
822 2.98558262152068E-4
9034 2.98558262152068E-4
978 2.98558262152068E-4
9768 2.98558262152068E-4
999 2.98558262152068E-4
8615 2.98558262152068E-4
8814 2.98558262152068E-4
858 2.98558262152068E-4
9451 2.98558262152068E-4
84618 2.98558262152068E-4
8883 2.98558262152068E-4
889 2.98558262152068E-4
8894 2.98558262152068E-4
8575 2.98558262152068E-4
94081 2.98558262152068E-4
94033 2.98558262152068E-4
891 2.98558262152068E-4
940 2.98558262152068E-4
8996 2.98558262152068E-4
8520 2.98558262152068E-4
9344 2.98558262152068E-4
9466 2.98558262152068E-4
9467 2.98558262152068E-4
8467 2.98558262152068E-4
9559 2.98558262152068E-4
883 2.98558262152068E-4
92002 2.98558262152068E-4
84466 2.98558262152068E-4
9514 2.98558262152068E-4
92170 2.98558262152068E-4
9508 2.98558262152068E-4
8854 2.98558262152068E-4
9220 2.98558262152068E-4
8503 2.98558262152068E-4
8502 2.98558262152068E-4
84549 2.98558262152068E-4
9475 2.98558262152068E-4
84938 2.98558262152068E-4
