7157 0.0668998827019941
3845 0.063449941350997
1956 0.06
324 0.06
4292 0.06
4360 0.06
4436 0.06
673 0.0594130941682615
5624 0.0507549045658515
1048 0.0420967149634415
5743 0.039708248866225
7298 0.0331399670988795
4524 0.030751501001663
4595 0.0283630349044464
1630 0.0259745688072299
1029 0.0256760105450778
7422 0.0247803357586216
7248 0.022093311399253
2956 0.0197048453020365
5290 0.0179134957291241
57026 0.0164207044183637
54474 0.0161221461562117
4513 0.0158235878940596
2944 0.0149279131076034
2068 0.0134681644693396
5728 0.013435121796843
960 0.013435121796843
7515 0.0133023640020153
1806 0.013136563534691
595 0.0122408887482348
3265 0.0118095726912549
2952 0.0116437722239306
2950 0.0106153396426467
10 0.0104495391753224
79612 0.0104495391753224
81539 0.0104495391753224
6581 0.0101509809131703
1594 0.00985242265101823
3702 0.00955386438886617
7421 0.00955386438886617
4089 0.0092553061267141
3481 0.00895674786456203
4609 0.00882399006973425
27306 0.00835963134025789
3342 0.00835963134025789
4255 0.00835963134025789
4316 0.00806107307810583
4318 0.00806107307810583
2984 0.00776251481595376
3569 0.00776251481595376
5243 0.00776251481595376
2067 0.00762975702112598
2837 0.00746395655380169
8170 0.00746395655380169
1045 0.00716539829164962
11200 0.00716539829164962
1950 0.00716539829164962
29974 0.00716539829164962
3479 0.00716539829164962
387569 0.00716539829164962
5395 0.00716539829164962
54658 0.00716539829164962
9423 0.00716539829164962
1084 0.00686684002949756
672 0.00686684002949756
8842 0.00686684002949756
1087 0.00656828176734549
133482 0.00656828176734549
373156 0.00656828176734549
4312 0.00656828176734549
7124 0.00656828176734549
1890 0.00626972350519342
2064 0.00626972350519342
4313 0.00626972350519342
7040 0.00626972350519342
1026 0.00597116524304135
23158 0.00597116524304135
3576 0.00597116524304135
4092 0.00597116524304135
4790 0.00597116524304135
5293 0.00597116524304135
5468 0.00597116524304135
7046 0.00597116524304135
999 0.00597116524304135
1543 0.00567260698088929
2048 0.00567260698088929
3630 0.00567260698088929
4193 0.00567260698088929
5111 0.00567260698088929
5291 0.00567260698088929
5294 0.00567260698088929
5670 0.00567260698088929
7015 0.00567260698088929
4163 0.00537404871873722
51343 0.00537404871873722
7048 0.00537404871873722
11186 0.00507549045658515
2272 0.00507549045658515
4072 0.00507549045658515
4583 0.00477693219443308
7161 0.00477693219443308
8743 0.00477693219443308
207 0.00447837393228102
3091 0.00447837393228102
4968 0.00447837393228102
5594 0.00447837393228102
64127 0.00447837393228102
7076 0.00447837393228102
7517 0.00447837393228102
7852 0.00447837393228102
7428 0.00434561613745324
118429 0.00417981567012895
1544 0.00417981567012895
1571 0.00417981567012895
1728 0.00417981567012895
1738 0.00417981567012895
197257 0.00417981567012895
2100 0.00417981567012895
2520 0.00417981567012895
3105 0.00417981567012895
3486 0.00417981567012895
56996 0.00417981567012895
60343 0.00417981567012895
6774 0.00417981567012895
10801 0.00388125740797688
10879 0.00388125740797688
11156 0.00388125740797688
3082 0.00388125740797688
3172 0.00388125740797688
4477 0.00388125740797688
4485 0.00388125740797688
4953 0.00388125740797688
5054 0.00388125740797688
581 0.00388125740797688
6934 0.00388125740797688
7372 0.00388125740797688
83478 0.00388125740797688
84000 0.00388125740797688
864 0.00388125740797688
89782 0.00388125740797688
8996 0.00388125740797688
925 0.00388125740797688
1499 0.00358269914582481
2194 0.00358269914582481
3133 0.00358269914582481
3586 0.00358269914582481
3880 0.00358269914582481
6696 0.00358269914582481
675 0.00358269914582481
7431 0.00358269914582481
1559 0.00328414088367274
2099 0.00328414088367274
217 0.00328414088367274
26585 0.00328414088367274
4582 0.00328414088367274
472 0.00328414088367274
6387 0.00328414088367274
7424 0.00328414088367274
80316 0.00328414088367274
10991 0.00298558262152068
2191 0.00298558262152068
246 0.00298558262152068
2475 0.00298558262152068
3077 0.00298558262152068
3791 0.00298558262152068
406991 0.00298558262152068
4233 0.00298558262152068
4548 0.00298558262152068
4893 0.00298558262152068
846 0.00298558262152068
145389 0.00268702435936861
1545 0.00268702435936861
1982 0.00268702435936861
2052 0.00268702435936861
3490 0.00268702435936861
3952 0.00268702435936861
4597 0.00268702435936861
4709 0.00268702435936861
5328 0.00268702435936861
5595 0.00268702435936861
6530 0.00268702435936861
6925 0.00268702435936861
7099 0.00268702435936861
7126 0.00268702435936861
841 0.00268702435936861
9 0.00268702435936861
9370 0.00268702435936861
1056 0.00238846609721654
11146 0.00238846609721654
1316 0.00238846609721654
2264 0.00238846609721654
23541 0.00238846609721654
27030 0.00238846609721654
27352 0.00238846609721654
283120 0.00238846609721654
3126 0.00238846609721654
346389 0.00238846609721654
3480 0.00238846609721654
3725 0.00238846609721654
4015 0.00238846609721654
4087 0.00238846609721654
410 0.00238846609721654
4295 0.00238846609721654
5037 0.00238846609721654
5894 0.00238846609721654
6422 0.00238846609721654
6423 0.00238846609721654
652 0.00238846609721654
6790 0.00238846609721654
6817 0.00238846609721654
7905 0.00238846609721654
8549 0.00238846609721654
8988 0.00238846609721654
1351 0.00208990783506447
1429 0.00208990783506447
168400 0.00208990783506447
1786 0.00208990783506447
2152 0.00208990783506447
22882 0.00208990783506447
2356 0.00208990783506447
338377 0.00208990783506447
3558 0.00208990783506447
415 0.00208990783506447
4314 0.00208990783506447
4437 0.00208990783506447
4552 0.00208990783506447
54577 0.00208990783506447
5742 0.00208990783506447
6275 0.00208990783506447
6750 0.00208990783506447
7077 0.00208990783506447
7096 0.00208990783506447
7114 0.00208990783506447
7291 0.00208990783506447
7508 0.00208990783506447
7980 0.00208990783506447
8313 0.00208990783506447
10327 0.00179134957291241
125 0.00179134957291241
126 0.00179134957291241
1371 0.00179134957291241
1612 0.00179134957291241
1789 0.00179134957291241
1869 0.00179134957291241
2086 0.00179134957291241
2146 0.00179134957291241
23583 0.00179134957291241
23671 0.00179134957291241
2688 0.00179134957291241
2946 0.00179134957291241
30816 0.00179134957291241
3248 0.00179134957291241
328 0.00179134957291241
3383 0.00179134957291241
3458 0.00179134957291241
348 0.00179134957291241
3565 0.00179134957291241
3958 0.00179134957291241
405754 0.00179134957291241
4762 0.00179134957291241
4771 0.00179134957291241
4830 0.00179134957291241
5159 0.00179134957291241
5340 0.00179134957291241
5347 0.00179134957291241
5467 0.00179134957291241
55536 0.00179134957291241
5604 0.00179134957291241
6654 0.00179134957291241
6767 0.00179134957291241
7097 0.00179134957291241
7345 0.00179134957291241
7376 0.00179134957291241
79811 0.00179134957291241
811 0.00179134957291241
8324 0.00179134957291241
8731 0.00179134957291241
8741 0.00179134957291241
887 0.00179134957291241
920 0.00179134957291241
9377 0.00179134957291241
1024 0.00149279131076034
10249 0.00149279131076034
10397 0.00149279131076034
1044 0.00149279131076034
1089 0.00149279131076034
1111 0.00149279131076034
112476 0.00149279131076034
1154 0.00149279131076034
1280 0.00149279131076034
1366 0.00149279131076034
146 0.00149279131076034
1555 0.00149279131076034
1636 0.00149279131076034
2041 0.00149279131076034
2073 0.00149279131076034
2118 0.00149279131076034
2321 0.00149279131076034
2353 0.00149279131076034
239 0.00149279131076034
2768 0.00149279131076034
2919 0.00149279131076034
3090 0.00149279131076034
3557 0.00149279131076034
3667 0.00149279131076034
3855 0.00149279131076034
3897 0.00149279131076034
4082 0.00149279131076034
4521 0.00149279131076034
4680 0.00149279131076034
4810 0.00149279131076034
4843 0.00149279131076034
50818 0.00149279131076034
50943 0.00149279131076034
51151 0.00149279131076034
5320 0.00149279131076034
5423 0.00149279131076034
55743 0.00149279131076034
57447 0.00149279131076034
5747 0.00149279131076034
6401 0.00149279131076034
650 0.00149279131076034
6513 0.00149279131076034
6573 0.00149279131076034
6678 0.00149279131076034
6714 0.00149279131076034
6794 0.00149279131076034
6935 0.00149279131076034
7057 0.00149279131076034
7361 0.00149279131076034
836 0.00149279131076034
8633 0.00149279131076034
8795 0.00149279131076034
8797 0.00149279131076034
8836 0.00149279131076034
9156 0.00149279131076034
91833 0.00149279131076034
9314 0.00149279131076034
9429 0.00149279131076034
947 0.00149279131076034
9518 0.00149279131076034
959 0.00149279131076034
100187907 0.00119423304860827
100302736 0.00119423304860827
1017 0.00119423304860827
1019 0.00119423304860827
1022 0.00119423304860827
1027 0.00119423304860827
10644 0.00119423304860827
10657 0.00119423304860827
114793 0.00119423304860827
115761 0.00119423304860827
1191 0.00119423304860827
1234 0.00119423304860827
1268 0.00119423304860827
1401 0.00119423304860827
1493 0.00119423304860827
1576 0.00119423304860827
1577 0.00119423304860827
1588 0.00119423304860827
1604 0.00119423304860827
1917 0.00119423304860827
199699 0.00119423304860827
2022 0.00119423304860827
2046 0.00119423304860827
2247 0.00119423304860827
22806 0.00119423304860827
22943 0.00119423304860827
23411 0.00119423304860827
23424 0.00119423304860827
2346 0.00119423304860827
2354 0.00119423304860827
23600 0.00119423304860827
240 0.00119423304860827
2526 0.00119423304860827
25819 0.00119423304860827
27121 0.00119423304860827
27250 0.00119423304860827
2833 0.00119423304860827
2876 0.00119423304860827
2896 0.00119423304860827
2938 0.00119423304860827
2965 0.00119423304860827
2981 0.00119423304860827
3135 0.00119423304860827
3146 0.00119423304860827
317 0.00119423304860827
3309 0.00119423304860827
3315 0.00119423304860827
3316 0.00119423304860827
3485 0.00119423304860827
353376 0.00119423304860827
3553 0.00119423304860827
3596 0.00119423304860827
3605 0.00119423304860827
3645 0.00119423304860827
367 0.00119423304860827
3678 0.00119423304860827
3685 0.00119423304860827
3726 0.00119423304860827
3727 0.00119423304860827
3732 0.00119423304860827
3815 0.00119423304860827
388112 0.00119423304860827
3938 0.00119423304860827
3953 0.00119423304860827
3960 0.00119423304860827
406935 0.00119423304860827
4070 0.00119423304860827
412 0.00119423304860827
4192 0.00119423304860827
4306 0.00119423304860827
4321 0.00119423304860827
4322 0.00119423304860827
4323 0.00119423304860827
4602 0.00119423304860827
4683 0.00119423304860827
4695 0.00119423304860827
4792 0.00119423304860827
5058 0.00119423304860827
5062 0.00119423304860827
5063 0.00119423304860827
51014 0.00119423304860827
51094 0.00119423304860827
5228 0.00119423304860827
5241 0.00119423304860827
5319 0.00119423304860827
5321 0.00119423304860827
54 0.00119423304860827
54578 0.00119423304860827
54741 0.00119423304860827
5621 0.00119423304860827
5653 0.00119423304860827
56655 0.00119423304860827
5669 0.00119423304860827
5716 0.00119423304860827
57410 0.00119423304860827
57498 0.00119423304860827
57804 0.00119423304860827
5788 0.00119423304860827
5795 0.00119423304860827
5967 0.00119423304860827
5979 0.00119423304860827
5981 0.00119423304860827
6046 0.00119423304860827
60529 0.00119423304860827
6240 0.00119423304860827
6241 0.00119423304860827
6304 0.00119423304860827
634 0.00119423304860827
6414 0.00119423304860827
6469 0.00119423304860827
64754 0.00119423304860827
65125 0.00119423304860827
6647 0.00119423304860827
6667 0.00119423304860827
6781 0.00119423304860827
7078 0.00119423304860827
7150 0.00119423304860827
7186 0.00119423304860827
79923 0.00119423304860827
84168 0.00119423304860827
857 0.00119423304860827
8651 0.00119423304860827
8856 0.00119423304860827
8930 0.00119423304860827
9112 0.00119423304860827
929 0.00119423304860827
942 0.00119423304860827
9536 0.00119423304860827
1001 8.95674786456203E-4
100507436 8.95674786456203E-4
1013 8.95674786456203E-4
10178 8.95674786456203E-4
10413 8.95674786456203E-4
10481 8.95674786456203E-4
10524 8.95674786456203E-4
10534 8.95674786456203E-4
10562 8.95674786456203E-4
10630 8.95674786456203E-4
10664 8.95674786456203E-4
10671 8.95674786456203E-4
10903 8.95674786456203E-4
10993 8.95674786456203E-4
11093 8.95674786456203E-4
1244 8.95674786456203E-4
133 8.95674786456203E-4
1381 8.95674786456203E-4
139596 8.95674786456203E-4
1421 8.95674786456203E-4
1434 8.95674786456203E-4
1437 8.95674786456203E-4
147719 8.95674786456203E-4
1581 8.95674786456203E-4
1586 8.95674786456203E-4
1591 8.95674786456203E-4
1611 8.95674786456203E-4
1634 8.95674786456203E-4
1719 8.95674786456203E-4
1800 8.95674786456203E-4
1813 8.95674786456203E-4
190 8.95674786456203E-4
19 8.95674786456203E-4
1934 8.95674786456203E-4
1969 8.95674786456203E-4
2033 8.95674786456203E-4
214 8.95674786456203E-4
2261 8.95674786456203E-4
22827 8.95674786456203E-4
2309 8.95674786456203E-4
23326 8.95674786456203E-4
23636 8.95674786456203E-4
23677 8.95674786456203E-4
238 8.95674786456203E-4
2487 8.95674786456203E-4
25805 8.95674786456203E-4
266790 8.95674786456203E-4
2690 8.95674786456203E-4
27034 8.95674786456203E-4
27319 8.95674786456203E-4
2737 8.95674786456203E-4
2778 8.95674786456203E-4
284348 8.95674786456203E-4
29072 8.95674786456203E-4
29108 8.95674786456203E-4
29128 8.95674786456203E-4
29803 8.95674786456203E-4
29919 8.95674786456203E-4
302 8.95674786456203E-4
3068 8.95674786456203E-4
3106 8.95674786456203E-4
3308 8.95674786456203E-4
3329 8.95674786456203E-4
3375 8.95674786456203E-4
339345 8.95674786456203E-4
3429 8.95674786456203E-4
353 8.95674786456203E-4
3552 8.95674786456203E-4
3603 8.95674786456203E-4
3606 8.95674786456203E-4
3611 8.95674786456203E-4
3643 8.95674786456203E-4
3690 8.95674786456203E-4
374 8.95674786456203E-4
3925 8.95674786456203E-4
3949 8.95674786456203E-4
3956 8.95674786456203E-4
3987 8.95674786456203E-4
4018 8.95674786456203E-4
406947 8.95674786456203E-4
4153 8.95674786456203E-4
4254 8.95674786456203E-4
4282 8.95674786456203E-4
4311 8.95674786456203E-4
4320 8.95674786456203E-4
4353 8.95674786456203E-4
4359 8.95674786456203E-4
4361 8.95674786456203E-4
4512 8.95674786456203E-4
4629 8.95674786456203E-4
4654 8.95674786456203E-4
4756 8.95674786456203E-4
4763 8.95674786456203E-4
4846 8.95674786456203E-4
4851 8.95674786456203E-4
4904 8.95674786456203E-4
4929 8.95674786456203E-4
5055 8.95674786456203E-4
5068 8.95674786456203E-4
5071 8.95674786456203E-4
5092 8.95674786456203E-4
51164 8.95674786456203E-4
51196 8.95674786456203E-4
51312 8.95674786456203E-4
51747 8.95674786456203E-4
51754 8.95674786456203E-4
5315 8.95674786456203E-4
5327 8.95674786456203E-4
5335 8.95674786456203E-4
5376 8.95674786456203E-4
5426 8.95674786456203E-4
5460 8.95674786456203E-4
54894 8.95674786456203E-4
551 8.95674786456203E-4
5530 8.95674786456203E-4
55655 8.95674786456203E-4
5617 8.95674786456203E-4
56994 8.95674786456203E-4
5715 8.95674786456203E-4
5727 8.95674786456203E-4
5734 8.95674786456203E-4
57379 8.95674786456203E-4
5783 8.95674786456203E-4
5829 8.95674786456203E-4
58476 8.95674786456203E-4
5888 8.95674786456203E-4
5925 8.95674786456203E-4
627 8.95674786456203E-4
6281 8.95674786456203E-4
6282 8.95674786456203E-4
6347 8.95674786456203E-4
65211 8.95674786456203E-4
6535 8.95674786456203E-4
6558 8.95674786456203E-4
6596 8.95674786456203E-4
6623 8.95674786456203E-4
6624 8.95674786456203E-4
664 8.95674786456203E-4
6657 8.95674786456203E-4
6662 8.95674786456203E-4
6692 8.95674786456203E-4
6876 8.95674786456203E-4
6948 8.95674786456203E-4
6950 8.95674786456203E-4
6997 8.95674786456203E-4
7019 8.95674786456203E-4
706 8.95674786456203E-4
7145 8.95674786456203E-4
7153 8.95674786456203E-4
7183 8.95674786456203E-4
727738 8.95674786456203E-4
728378 8.95674786456203E-4
7294 8.95674786456203E-4
7405 8.95674786456203E-4
7430 8.95674786456203E-4
7472 8.95674786456203E-4
7474 8.95674786456203E-4
7486 8.95674786456203E-4
7538 8.95674786456203E-4
760 8.95674786456203E-4
780 8.95674786456203E-4
780897 8.95674786456203E-4
7936 8.95674786456203E-4
799 8.95674786456203E-4
79947 8.95674786456203E-4
8045 8.95674786456203E-4
80781 8.95674786456203E-4
8091 8.95674786456203E-4
8099 8.95674786456203E-4
842 8.95674786456203E-4
8519 8.95674786456203E-4
8714 8.95674786456203E-4
8829 8.95674786456203E-4
8838 8.95674786456203E-4
8840 8.95674786456203E-4
8878 8.95674786456203E-4
8932 8.95674786456203E-4
89874 8.95674786456203E-4
9076 8.95674786456203E-4
92 8.95674786456203E-4
92140 8.95674786456203E-4
9242 8.95674786456203E-4
9501 8.95674786456203E-4
9734 8.95674786456203E-4
9699 8.95674786456203E-4
961 8.95674786456203E-4
9590 8.95674786456203E-4
9817 5.97116524304135E-4
9770 5.97116524304135E-4
968 5.97116524304135E-4
9956 5.97116524304135E-4
965 5.97116524304135E-4
963 5.97116524304135E-4
9839 5.97116524304135E-4
9879 5.97116524304135E-4
100133941 5.97116524304135E-4
10052 5.97116524304135E-4
100528032 5.97116524304135E-4
100532731 5.97116524304135E-4
1012 5.97116524304135E-4
1015 5.97116524304135E-4
101669765 5.97116524304135E-4
1028 5.97116524304135E-4
1030 5.97116524304135E-4
10403 5.97116524304135E-4
10445 5.97116524304135E-4
10457 5.97116524304135E-4
10551 5.97116524304135E-4
10573 5.97116524304135E-4
1058 5.97116524304135E-4
10628 5.97116524304135E-4
1068 5.97116524304135E-4
10714 5.97116524304135E-4
10724 5.97116524304135E-4
108 5.97116524304135E-4
10808 5.97116524304135E-4
10855 5.97116524304135E-4
10863 5.97116524304135E-4
10894 5.97116524304135E-4
10899 5.97116524304135E-4
10902 5.97116524304135E-4
10923 5.97116524304135E-4
10984 5.97116524304135E-4
11004 5.97116524304135E-4
11009 5.97116524304135E-4
11082 5.97116524304135E-4
11122 5.97116524304135E-4
1116 5.97116524304135E-4
11216 5.97116524304135E-4
11343 5.97116524304135E-4
113675 5.97116524304135E-4
115426 5.97116524304135E-4
1179 5.97116524304135E-4
125111 5.97116524304135E-4
128408 5.97116524304135E-4
13 5.97116524304135E-4
1301 5.97116524304135E-4
1326 5.97116524304135E-4
1363 5.97116524304135E-4
1384 5.97116524304135E-4
1385 5.97116524304135E-4
138883 5.97116524304135E-4
1403 5.97116524304135E-4
140687 5.97116524304135E-4
142 5.97116524304135E-4
1445 5.97116524304135E-4
1459 5.97116524304135E-4
1495 5.97116524304135E-4
1508 5.97116524304135E-4
1509 5.97116524304135E-4
151056 5.97116524304135E-4
1520 5.97116524304135E-4
1548 5.97116524304135E-4
158506 5.97116524304135E-4
160728 5.97116524304135E-4
1687 5.97116524304135E-4
170689 5.97116524304135E-4
175 5.97116524304135E-4
1755 5.97116524304135E-4
177 5.97116524304135E-4
1822 5.97116524304135E-4
1824 5.97116524304135E-4
183 5.97116524304135E-4
1870 5.97116524304135E-4
1874 5.97116524304135E-4
1902 5.97116524304135E-4
1954 5.97116524304135E-4
1999 5.97116524304135E-4
2011 5.97116524304135E-4
2034 5.97116524304135E-4
2050 5.97116524304135E-4
2065 5.97116524304135E-4
2066 5.97116524304135E-4
2069 5.97116524304135E-4
2103 5.97116524304135E-4
213 5.97116524304135E-4
2137 5.97116524304135E-4
2155 5.97116524304135E-4
2172 5.97116524304135E-4
2202 5.97116524304135E-4
2209 5.97116524304135E-4
2235 5.97116524304135E-4
2237 5.97116524304135E-4
2263 5.97116524304135E-4
2274 5.97116524304135E-4
22854 5.97116524304135E-4
22914 5.97116524304135E-4
22930 5.97116524304135E-4
2305 5.97116524304135E-4
2324 5.97116524304135E-4
23314 5.97116524304135E-4
2335 5.97116524304135E-4
23405 5.97116524304135E-4
23451 5.97116524304135E-4
23516 5.97116524304135E-4
23566 5.97116524304135E-4
23643 5.97116524304135E-4
23659 5.97116524304135E-4
248 5.97116524304135E-4
2597 5.97116524304135E-4
26038 5.97116524304135E-4
2626 5.97116524304135E-4
2627 5.97116524304135E-4
2633 5.97116524304135E-4
2638 5.97116524304135E-4
26470 5.97116524304135E-4
26479 5.97116524304135E-4
2650 5.97116524304135E-4
26579 5.97116524304135E-4
266629 5.97116524304135E-4
270 5.97116524304135E-4
27076 5.97116524304135E-4
27190 5.97116524304135E-4
2744 5.97116524304135E-4
283 5.97116524304135E-4
284340 5.97116524304135E-4
285 5.97116524304135E-4
2908 5.97116524304135E-4
291 5.97116524304135E-4
29107 5.97116524304135E-4
29126 5.97116524304135E-4
2922 5.97116524304135E-4
2925 5.97116524304135E-4
293 5.97116524304135E-4
2932 5.97116524304135E-4
2947 5.97116524304135E-4
2980 5.97116524304135E-4
29841 5.97116524304135E-4
3014 5.97116524304135E-4
306 5.97116524304135E-4
3065 5.97116524304135E-4
3066 5.97116524304135E-4
3081 5.97116524304135E-4
30827 5.97116524304135E-4
3156 5.97116524304135E-4
3159 5.97116524304135E-4
3161 5.97116524304135E-4
3162 5.97116524304135E-4
3216 5.97116524304135E-4
3218 5.97116524304135E-4
3292 5.97116524304135E-4
3294 5.97116524304135E-4
3313 5.97116524304135E-4
3371 5.97116524304135E-4
338339 5.97116524304135E-4
3400 5.97116524304135E-4
3439 5.97116524304135E-4
3447 5.97116524304135E-4
3456 5.97116524304135E-4
347 5.97116524304135E-4
3482 5.97116524304135E-4
3491 5.97116524304135E-4
354 5.97116524304135E-4
355 5.97116524304135E-4
3560 5.97116524304135E-4
356 5.97116524304135E-4
3566 5.97116524304135E-4
3574 5.97116524304135E-4
3579 5.97116524304135E-4
358 5.97116524304135E-4
3593 5.97116524304135E-4
362 5.97116524304135E-4
3621 5.97116524304135E-4
3627 5.97116524304135E-4
3673 5.97116524304135E-4
3814 5.97116524304135E-4
3816 5.97116524304135E-4
3856 5.97116524304135E-4
388 5.97116524304135E-4
389090 5.97116524304135E-4
3918 5.97116524304135E-4
3927 5.97116524304135E-4
3934 5.97116524304135E-4
3976 5.97116524304135E-4
3981 5.97116524304135E-4
4001 5.97116524304135E-4
4017 5.97116524304135E-4
404672 5.97116524304135E-4
4049 5.97116524304135E-4
4051 5.97116524304135E-4
4060 5.97116524304135E-4
406985 5.97116524304135E-4
407035 5.97116524304135E-4
4084 5.97116524304135E-4
4088 5.97116524304135E-4
4146 5.97116524304135E-4
4160 5.97116524304135E-4
4171 5.97116524304135E-4
4257 5.97116524304135E-4
4288 5.97116524304135E-4
4331 5.97116524304135E-4
4363 5.97116524304135E-4
4397 5.97116524304135E-4
4486 5.97116524304135E-4
4522 5.97116524304135E-4
4536 5.97116524304135E-4
4586 5.97116524304135E-4
4601 5.97116524304135E-4
4684 5.97116524304135E-4
4739 5.97116524304135E-4
4760 5.97116524304135E-4
4826 5.97116524304135E-4
4913 5.97116524304135E-4
4914 5.97116524304135E-4
4922 5.97116524304135E-4
4927 5.97116524304135E-4
4976 5.97116524304135E-4
5018 5.97116524304135E-4
5047 5.97116524304135E-4
50484 5.97116524304135E-4
5053 5.97116524304135E-4
51029 5.97116524304135E-4
51053 5.97116524304135E-4
51129 5.97116524304135E-4
51150 5.97116524304135E-4
51176 5.97116524304135E-4
51203 5.97116524304135E-4
51251 5.97116524304135E-4
51426 5.97116524304135E-4
51478 5.97116524304135E-4
51534 5.97116524304135E-4
51561 5.97116524304135E-4
51696 5.97116524304135E-4
51727 5.97116524304135E-4
5176 5.97116524304135E-4
52 5.97116524304135E-4
53342 5.97116524304135E-4
5338 5.97116524304135E-4
54106 5.97116524304135E-4
5424 5.97116524304135E-4
54453 5.97116524304135E-4
54498 5.97116524304135E-4
54512 5.97116524304135E-4
5452 5.97116524304135E-4
54600 5.97116524304135E-4
5465 5.97116524304135E-4
54808 5.97116524304135E-4
5519 5.97116524304135E-4
55240 5.97116524304135E-4
5524 5.97116524304135E-4
55249 5.97116524304135E-4
55257 5.97116524304135E-4
55279 5.97116524304135E-4
55294 5.97116524304135E-4
55308 5.97116524304135E-4
55829 5.97116524304135E-4
5585 5.97116524304135E-4
55902 5.97116524304135E-4
55907 5.97116524304135E-4
5599 5.97116524304135E-4
5641 5.97116524304135E-4
5650 5.97116524304135E-4
5655 5.97116524304135E-4
5662 5.97116524304135E-4
567 5.97116524304135E-4
56729 5.97116524304135E-4
5688 5.97116524304135E-4
5696 5.97116524304135E-4
56963 5.97116524304135E-4
57045 5.97116524304135E-4
572 5.97116524304135E-4
573 5.97116524304135E-4
5732 5.97116524304135E-4
574045 5.97116524304135E-4
5744 5.97116524304135E-4
57531 5.97116524304135E-4
57541 5.97116524304135E-4
57575 5.97116524304135E-4
57730 5.97116524304135E-4
57761 5.97116524304135E-4
58478 5.97116524304135E-4
5891 5.97116524304135E-4
5934 5.97116524304135E-4
594 5.97116524304135E-4
5970 5.97116524304135E-4
60401 5.97116524304135E-4
6041 5.97116524304135E-4
6080 5.97116524304135E-4
6091 5.97116524304135E-4
6143 5.97116524304135E-4
6159 5.97116524304135E-4
619501 5.97116524304135E-4
6256 5.97116524304135E-4
6272 5.97116524304135E-4
6280 5.97116524304135E-4
6303 5.97116524304135E-4
632 5.97116524304135E-4
6352 5.97116524304135E-4
6354 5.97116524304135E-4
6364 5.97116524304135E-4
6374 5.97116524304135E-4
6382 5.97116524304135E-4
6383 5.97116524304135E-4
641 5.97116524304135E-4
6416 5.97116524304135E-4
6424 5.97116524304135E-4
6425 5.97116524304135E-4
64321 5.97116524304135E-4
6468 5.97116524304135E-4
64689 5.97116524304135E-4
6476 5.97116524304135E-4
6480 5.97116524304135E-4
648 5.97116524304135E-4
64866 5.97116524304135E-4
651 5.97116524304135E-4
655 5.97116524304135E-4
6555 5.97116524304135E-4
6578 5.97116524304135E-4
6583 5.97116524304135E-4
6584 5.97116524304135E-4
6594 5.97116524304135E-4
6608 5.97116524304135E-4
6638 5.97116524304135E-4
667 5.97116524304135E-4
6687 5.97116524304135E-4
6736 5.97116524304135E-4
6737 5.97116524304135E-4
6768 5.97116524304135E-4
6786 5.97116524304135E-4
6788 5.97116524304135E-4
6857 5.97116524304135E-4
689 5.97116524304135E-4
6891 5.97116524304135E-4
6898 5.97116524304135E-4
6899 5.97116524304135E-4
699 5.97116524304135E-4
7013 5.97116524304135E-4
7023 5.97116524304135E-4
7033 5.97116524304135E-4
7035 5.97116524304135E-4
7037 5.97116524304135E-4
7039 5.97116524304135E-4
7063 5.97116524304135E-4
7098 5.97116524304135E-4
7130 5.97116524304135E-4
717 5.97116524304135E-4
7187 5.97116524304135E-4
7295 5.97116524304135E-4
7301 5.97116524304135E-4
7355 5.97116524304135E-4
7371 5.97116524304135E-4
7412 5.97116524304135E-4
7490 5.97116524304135E-4
7507 5.97116524304135E-4
7516 5.97116524304135E-4
7518 5.97116524304135E-4
7534 5.97116524304135E-4
767 5.97116524304135E-4
768 5.97116524304135E-4
79056 5.97116524304135E-4
79068 5.97116524304135E-4
79594 5.97116524304135E-4
79823 5.97116524304135E-4
79969 5.97116524304135E-4
80003 5.97116524304135E-4
801 5.97116524304135E-4
80381 5.97116524304135E-4
805 5.97116524304135E-4
808 5.97116524304135E-4
80856 5.97116524304135E-4
80864 5.97116524304135E-4
81470 5.97116524304135E-4
8202 5.97116524304135E-4
8205 5.97116524304135E-4
834 5.97116524304135E-4
835 5.97116524304135E-4
838 5.97116524304135E-4
8398 5.97116524304135E-4
8399 5.97116524304135E-4
83998 5.97116524304135E-4
84061 5.97116524304135E-4
8425 5.97116524304135E-4
8434 5.97116524304135E-4
84417 5.97116524304135E-4
84432 5.97116524304135E-4
8449 5.97116524304135E-4
84525 5.97116524304135E-4
84668 5.97116524304135E-4
84680 5.97116524304135E-4
847 5.97116524304135E-4
8493 5.97116524304135E-4
84951 5.97116524304135E-4
85443 5.97116524304135E-4
860 5.97116524304135E-4
8626 5.97116524304135E-4
8660 5.97116524304135E-4
8661 5.97116524304135E-4
873 5.97116524304135E-4
875 5.97116524304135E-4
8837 5.97116524304135E-4
8839 5.97116524304135E-4
885 5.97116524304135E-4
8876 5.97116524304135E-4
8877 5.97116524304135E-4
889 5.97116524304135E-4
8913 5.97116524304135E-4
8991 5.97116524304135E-4
902 5.97116524304135E-4
9021 5.97116524304135E-4
9075 5.97116524304135E-4
9138 5.97116524304135E-4
9146 5.97116524304135E-4
9170 5.97116524304135E-4
9180 5.97116524304135E-4
9212 5.97116524304135E-4
9221 5.97116524304135E-4
9260 5.97116524304135E-4
9332 5.97116524304135E-4
9344 5.97116524304135E-4
9372 5.97116524304135E-4
940 5.97116524304135E-4
941 5.97116524304135E-4
94234 5.97116524304135E-4
9474 5.97116524304135E-4
948 5.97116524304135E-4
9519 5.97116524304135E-4
9575 5.97116524304135E-4
100124700 2.98558262152068E-4
100126794 2.98558262152068E-4
100130958 2.98558262152068E-4
10036 2.98558262152068E-4
100507056 2.98558262152068E-4
10057 2.98558262152068E-4
10071 2.98558262152068E-4
100862695 2.98558262152068E-4
10097 2.98558262152068E-4
1010 2.98558262152068E-4
10131 2.98558262152068E-4
10135 2.98558262152068E-4
10142 2.98558262152068E-4
10162 2.98558262152068E-4
10163 2.98558262152068E-4
10189 2.98558262152068E-4
101929980 2.98558262152068E-4
10194 2.98558262152068E-4
10278 2.98558262152068E-4
1036 2.98558262152068E-4
10381 2.98558262152068E-4
10393 2.98558262152068E-4
1040 2.98558262152068E-4
10410 2.98558262152068E-4
10459 2.98558262152068E-4
10487 2.98558262152068E-4
1051 2.98558262152068E-4
1052 2.98558262152068E-4
10522 2.98558262152068E-4
10528 2.98558262152068E-4
10537 2.98558262152068E-4
10541 2.98558262152068E-4
10574 2.98558262152068E-4
10587 2.98558262152068E-4
10590 2.98558262152068E-4
1063 2.98558262152068E-4
10642 2.98558262152068E-4
10653 2.98558262152068E-4
10682 2.98558262152068E-4
10733 2.98558262152068E-4
10752 2.98558262152068E-4
1080 2.98558262152068E-4
10904 2.98558262152068E-4
10913 2.98558262152068E-4
10953 2.98558262152068E-4
10966 2.98558262152068E-4
10970 2.98558262152068E-4
10987 2.98558262152068E-4
11012 2.98558262152068E-4
11044 2.98558262152068E-4
11065 2.98558262152068E-4
11149 2.98558262152068E-4
11162 2.98558262152068E-4
11171 2.98558262152068E-4
11197 2.98558262152068E-4
11199 2.98558262152068E-4
1121 2.98558262152068E-4
11211 2.98558262152068E-4
112464 2.98558262152068E-4
11251 2.98558262152068E-4
11259 2.98558262152068E-4
11275 2.98558262152068E-4
1131 2.98558262152068E-4
11315 2.98558262152068E-4
11338 2.98558262152068E-4
114548 2.98558262152068E-4
1152 2.98558262152068E-4
115286 2.98558262152068E-4
1164 2.98558262152068E-4
116833 2.98558262152068E-4
117248 2.98558262152068E-4
1178 2.98558262152068E-4
119391 2.98558262152068E-4
121360 2.98558262152068E-4
123169 2.98558262152068E-4
1236 2.98558262152068E-4
124 2.98558262152068E-4
127 2.98558262152068E-4
1290 2.98558262152068E-4
129642 2.98558262152068E-4
130 2.98558262152068E-4
1303 2.98558262152068E-4
1312 2.98558262152068E-4
134145 2.98558262152068E-4
136 2.98558262152068E-4
1364 2.98558262152068E-4
1365 2.98558262152068E-4
1374 2.98558262152068E-4
1376 2.98558262152068E-4
137872 2.98558262152068E-4
140628 2.98558262152068E-4
1407 2.98558262152068E-4
140707 2.98558262152068E-4
140803 2.98558262152068E-4
1432 2.98558262152068E-4
1435 2.98558262152068E-4
1457 2.98558262152068E-4
147906 2.98558262152068E-4
147945 2.98558262152068E-4
1485 2.98558262152068E-4
1487 2.98558262152068E-4
1500 2.98558262152068E-4
1514 2.98558262152068E-4
151648 2.98558262152068E-4
152503 2.98558262152068E-4
152559 2.98558262152068E-4
153443 2.98558262152068E-4
1565 2.98558262152068E-4
1583 2.98558262152068E-4
1595 2.98558262152068E-4
160622 2.98558262152068E-4
1645 2.98558262152068E-4
1649 2.98558262152068E-4
1655 2.98558262152068E-4
166614 2.98558262152068E-4
1674 2.98558262152068E-4
1678 2.98558262152068E-4
1737 2.98558262152068E-4
1767 2.98558262152068E-4
1793 2.98558262152068E-4
1803 2.98558262152068E-4
1811 2.98558262152068E-4
1846 2.98558262152068E-4
1871 2.98558262152068E-4
1881 2.98558262152068E-4
1893 2.98558262152068E-4
1894 2.98558262152068E-4
1896 2.98558262152068E-4
1910 2.98558262152068E-4
1947 2.98558262152068E-4
197 2.98558262152068E-4
1977 2.98558262152068E-4
1978 2.98558262152068E-4
201163 2.98558262152068E-4
202 2.98558262152068E-4
2028 2.98558262152068E-4
2045 2.98558262152068E-4
204851 2.98558262152068E-4
2049 2.98558262152068E-4
2063 2.98558262152068E-4
2078 2.98558262152068E-4
2101 2.98558262152068E-4
2119 2.98558262152068E-4
2147 2.98558262152068E-4
2153 2.98558262152068E-4
2177 2.98558262152068E-4
2195 2.98558262152068E-4
219541 2.98558262152068E-4
2206 2.98558262152068E-4
221895 2.98558262152068E-4
222484 2.98558262152068E-4
2232 2.98558262152068E-4
2241 2.98558262152068E-4
2243 2.98558262152068E-4
2251 2.98558262152068E-4
2254 2.98558262152068E-4
22802 2.98558262152068E-4
22883 2.98558262152068E-4
22895 2.98558262152068E-4
22933 2.98558262152068E-4
22948 2.98558262152068E-4
22978 2.98558262152068E-4
23030 2.98558262152068E-4
23043 2.98558262152068E-4
23081 2.98558262152068E-4
231 2.98558262152068E-4
23111 2.98558262152068E-4
23152 2.98558262152068E-4
23237 2.98558262152068E-4
23239 2.98558262152068E-4
23261 2.98558262152068E-4
23266 2.98558262152068E-4
2328 2.98558262152068E-4
23365 2.98558262152068E-4
23450 2.98558262152068E-4
23452 2.98558262152068E-4
23492 2.98558262152068E-4
23493 2.98558262152068E-4
23514 2.98558262152068E-4
23529 2.98558262152068E-4
23549 2.98558262152068E-4
23556 2.98558262152068E-4
23705 2.98558262152068E-4
246100 2.98558262152068E-4
2495 2.98558262152068E-4
2522 2.98558262152068E-4
252969 2.98558262152068E-4
254531 2.98558262152068E-4
256646 2.98558262152068E-4
257019 2.98558262152068E-4
25797 2.98558262152068E-4
2587 2.98558262152068E-4
25875 2.98558262152068E-4
25937 2.98558262152068E-4
25983 2.98558262152068E-4
26018 2.98558262152068E-4
26108 2.98558262152068E-4
26119 2.98558262152068E-4
26151 2.98558262152068E-4
2617 2.98558262152068E-4
2619 2.98558262152068E-4
2641 2.98558262152068E-4
2668 2.98558262152068E-4
26683 2.98558262152068E-4
2669 2.98558262152068E-4
2678 2.98558262152068E-4
26826 2.98558262152068E-4
27019 2.98558262152068E-4
27035 2.98558262152068E-4
27043 2.98558262152068E-4
2706 2.98558262152068E-4
27087 2.98558262152068E-4
27160 2.98558262152068E-4
2720 2.98558262152068E-4
27253 2.98558262152068E-4
27286 2.98558262152068E-4
27343 2.98558262152068E-4
283349 2.98558262152068E-4
283871 2.98558262152068E-4
284 2.98558262152068E-4
284123 2.98558262152068E-4
28444 2.98558262152068E-4
285463 2.98558262152068E-4
285973 2.98558262152068E-4
2879 2.98558262152068E-4
2885 2.98558262152068E-4
28964 2.98558262152068E-4
28996 2.98558262152068E-4
2902 2.98558262152068E-4
2903 2.98558262152068E-4
2904 2.98558262152068E-4
29122 2.98558262152068E-4
2920 2.98558262152068E-4
2953 2.98558262152068E-4
2967 2.98558262152068E-4
29883 2.98558262152068E-4
29923 2.98558262152068E-4
29967 2.98558262152068E-4
29991 2.98558262152068E-4
3002 2.98558262152068E-4
308 2.98558262152068E-4
3083 2.98558262152068E-4
30848 2.98558262152068E-4
309 2.98558262152068E-4
310 2.98558262152068E-4
3148 2.98558262152068E-4
3178 2.98558262152068E-4
3205 2.98558262152068E-4
3208 2.98558262152068E-4
321 2.98558262152068E-4
3217 2.98558262152068E-4
3257 2.98558262152068E-4
326625 2.98558262152068E-4
330 2.98558262152068E-4
3320 2.98558262152068E-4
332 2.98558262152068E-4
3324 2.98558262152068E-4
333 2.98558262152068E-4
3385 2.98558262152068E-4
338557 2.98558262152068E-4
3394 2.98558262152068E-4
340152 2.98558262152068E-4
342184 2.98558262152068E-4
342977 2.98558262152068E-4
3454 2.98558262152068E-4
3476 2.98558262152068E-4
3492 2.98558262152068E-4
3514 2.98558262152068E-4
352909 2.98558262152068E-4
3567 2.98558262152068E-4
357 2.98558262152068E-4
3575 2.98558262152068E-4
3620 2.98558262152068E-4
3622 2.98558262152068E-4
3676 2.98558262152068E-4
3689 2.98558262152068E-4
3692 2.98558262152068E-4
3712 2.98558262152068E-4
3717 2.98558262152068E-4
373 2.98558262152068E-4
374899 2.98558262152068E-4
3755 2.98558262152068E-4
3767 2.98558262152068E-4
377677 2.98558262152068E-4
3799 2.98558262152068E-4
3811 2.98558262152068E-4
3835 2.98558262152068E-4
3859 2.98558262152068E-4
3860 2.98558262152068E-4
389421 2.98558262152068E-4
390 2.98558262152068E-4
390502 2.98558262152068E-4
3911 2.98558262152068E-4
391114 2.98558262152068E-4
3916 2.98558262152068E-4
3920 2.98558262152068E-4
393 2.98558262152068E-4
3932 2.98558262152068E-4
3959 2.98558262152068E-4
3990 2.98558262152068E-4
3991 2.98558262152068E-4
4000 2.98558262152068E-4
400410 2.98558262152068E-4
406903 2.98558262152068E-4
406919 2.98558262152068E-4
406953 2.98558262152068E-4
407021 2.98558262152068E-4
407036 2.98558262152068E-4
407041 2.98558262152068E-4
407050 2.98558262152068E-4
407052 2.98558262152068E-4
407977 2.98558262152068E-4
4085 2.98558262152068E-4
4086 2.98558262152068E-4
4090 2.98558262152068E-4
4126 2.98558262152068E-4
4135 2.98558262152068E-4
4149 2.98558262152068E-4
4150 2.98558262152068E-4
4204 2.98558262152068E-4
4208 2.98558262152068E-4
4211 2.98558262152068E-4
4249 2.98558262152068E-4
4256 2.98558262152068E-4
4277 2.98558262152068E-4
430 2.98558262152068E-4
4302 2.98558262152068E-4
4350 2.98558262152068E-4
441531 2.98558262152068E-4
442892 2.98558262152068E-4
442910 2.98558262152068E-4
4493 2.98558262152068E-4
450093 2.98558262152068E-4
4507 2.98558262152068E-4
4610 2.98558262152068E-4
4616 2.98558262152068E-4
465 2.98558262152068E-4
467 2.98558262152068E-4
4706 2.98558262152068E-4
4713 2.98558262152068E-4
4724 2.98558262152068E-4
4734 2.98558262152068E-4
474 2.98558262152068E-4
4753 2.98558262152068E-4
4804 2.98558262152068E-4
4858 2.98558262152068E-4
4869 2.98558262152068E-4
4877 2.98558262152068E-4
4899 2.98558262152068E-4
4908 2.98558262152068E-4
4916 2.98558262152068E-4
4948 2.98558262152068E-4
4982 2.98558262152068E-4
5016 2.98558262152068E-4
50487 2.98558262152068E-4
50616 2.98558262152068E-4
50640 2.98558262152068E-4
50807 2.98558262152068E-4
50848 2.98558262152068E-4
5089 2.98558262152068E-4
509 2.98558262152068E-4
50947 2.98558262152068E-4
5098 2.98558262152068E-4
51008 2.98558262152068E-4
51065 2.98558262152068E-4
51083 2.98558262152068E-4
51099 2.98558262152068E-4
51115 2.98558262152068E-4
5120 2.98558262152068E-4
51284 2.98558262152068E-4
51320 2.98558262152068E-4
51399 2.98558262152068E-4
5141 2.98558262152068E-4
5142 2.98558262152068E-4
51466 2.98558262152068E-4
51514 2.98558262152068E-4
5156 2.98558262152068E-4
5163 2.98558262152068E-4
5170 2.98558262152068E-4
51703 2.98558262152068E-4
51752 2.98558262152068E-4
51780 2.98558262152068E-4
5187 2.98558262152068E-4
5201 2.98558262152068E-4
5203 2.98558262152068E-4
5223 2.98558262152068E-4
5242 2.98558262152068E-4
5265 2.98558262152068E-4
5287 2.98558262152068E-4
5308 2.98558262152068E-4
5314 2.98558262152068E-4
5333 2.98558262152068E-4
5348 2.98558262152068E-4
5356 2.98558262152068E-4
53841 2.98558262152068E-4
53904 2.98558262152068E-4
540 2.98558262152068E-4
5420 2.98558262152068E-4
545 2.98558262152068E-4
54556 2.98558262152068E-4
54606 2.98558262152068E-4
5469 2.98558262152068E-4
5471 2.98558262152068E-4
54715 2.98558262152068E-4
54766 2.98558262152068E-4
54845 2.98558262152068E-4
54858 2.98558262152068E-4
54905 2.98558262152068E-4
54947 2.98558262152068E-4
55102 2.98558262152068E-4
5511 2.98558262152068E-4
55165 2.98558262152068E-4
5521 2.98558262152068E-4
55275 2.98558262152068E-4
55278 2.98558262152068E-4
553 2.98558262152068E-4
55379 2.98558262152068E-4
55503 2.98558262152068E-4
55572 2.98558262152068E-4
55615 2.98558262152068E-4
55640 2.98558262152068E-4
55704 2.98558262152068E-4
55714 2.98558262152068E-4
5578 2.98558262152068E-4
55794 2.98558262152068E-4
55818 2.98558262152068E-4
55872 2.98558262152068E-4
5590 2.98558262152068E-4
5591 2.98558262152068E-4
5605 2.98558262152068E-4
56162 2.98558262152068E-4
56164 2.98558262152068E-4
5629 2.98558262152068E-4
5634 2.98558262152068E-4
5652 2.98558262152068E-4
56648 2.98558262152068E-4
5672 2.98558262152068E-4
5678 2.98558262152068E-4
5698 2.98558262152068E-4
57007 2.98558262152068E-4
57016 2.98558262152068E-4
57142 2.98558262152068E-4
57188 2.98558262152068E-4
57228 2.98558262152068E-4
5726 2.98558262152068E-4
5729 2.98558262152068E-4
5730 2.98558262152068E-4
5740 2.98558262152068E-4
574411 2.98558262152068E-4
574456 2.98558262152068E-4
57459 2.98558262152068E-4
57534 2.98558262152068E-4
5757 2.98558262152068E-4
5761 2.98558262152068E-4
57621 2.98558262152068E-4
57626 2.98558262152068E-4
57634 2.98558262152068E-4
57650 2.98558262152068E-4
57665 2.98558262152068E-4
57678 2.98558262152068E-4
5770 2.98558262152068E-4
57703 2.98558262152068E-4
5781 2.98558262152068E-4
5784 2.98558262152068E-4
5793 2.98558262152068E-4
5797 2.98558262152068E-4
5801 2.98558262152068E-4
5803 2.98558262152068E-4
5817 2.98558262152068E-4
58190 2.98558262152068E-4
58191 2.98558262152068E-4
58503 2.98558262152068E-4
58508 2.98558262152068E-4
5860 2.98558262152068E-4
5889 2.98558262152068E-4
5892 2.98558262152068E-4
590 2.98558262152068E-4
5901 2.98558262152068E-4
5909 2.98558262152068E-4
5914 2.98558262152068E-4
5915 2.98558262152068E-4
5921 2.98558262152068E-4
59271 2.98558262152068E-4
59340 2.98558262152068E-4
59342 2.98558262152068E-4
5968 2.98558262152068E-4
5978 2.98558262152068E-4
598 2.98558262152068E-4
6004 2.98558262152068E-4
6014 2.98558262152068E-4
6023 2.98558262152068E-4
60386 2.98558262152068E-4
60489 2.98558262152068E-4
60500 2.98558262152068E-4
60502 2.98558262152068E-4
607 2.98558262152068E-4
6118 2.98558262152068E-4
6121 2.98558262152068E-4
6175 2.98558262152068E-4
6187 2.98558262152068E-4
6191 2.98558262152068E-4
6233 2.98558262152068E-4
6252 2.98558262152068E-4
6271 2.98558262152068E-4
6277 2.98558262152068E-4
6279 2.98558262152068E-4
6285 2.98558262152068E-4
6358 2.98558262152068E-4
6372 2.98558262152068E-4
63892 2.98558262152068E-4
6395 2.98558262152068E-4
6398 2.98558262152068E-4
6405 2.98558262152068E-4
64116 2.98558262152068E-4
64146 2.98558262152068E-4
641648 2.98558262152068E-4
64285 2.98558262152068E-4
64399 2.98558262152068E-4
6447 2.98558262152068E-4
64478 2.98558262152068E-4
64579 2.98558262152068E-4
6470 2.98558262152068E-4
64710 2.98558262152068E-4
6472 2.98558262152068E-4
6484 2.98558262152068E-4
64854 2.98558262152068E-4
6490 2.98558262152068E-4
6491 2.98558262152068E-4
64946 2.98558262152068E-4
6520 2.98558262152068E-4
6528 2.98558262152068E-4
6532 2.98558262152068E-4
653689 2.98558262152068E-4
6541 2.98558262152068E-4
6545 2.98558262152068E-4
6576 2.98558262152068E-4
6582 2.98558262152068E-4
6586 2.98558262152068E-4
6588 2.98558262152068E-4
6590 2.98558262152068E-4
659 2.98558262152068E-4
6635 2.98558262152068E-4
6642 2.98558262152068E-4
6648 2.98558262152068E-4
6700 2.98558262152068E-4
6707 2.98558262152068E-4
6717 2.98558262152068E-4
6720 2.98558262152068E-4
6772 2.98558262152068E-4
6776 2.98558262152068E-4
6777 2.98558262152068E-4
677775 2.98558262152068E-4
6795 2.98558262152068E-4
6839 2.98558262152068E-4
6847 2.98558262152068E-4
6868 2.98558262152068E-4
688 2.98558262152068E-4
6890 2.98558262152068E-4
6908 2.98558262152068E-4
6927 2.98558262152068E-4
6932 2.98558262152068E-4
6938 2.98558262152068E-4
6939 2.98558262152068E-4
6996 2.98558262152068E-4
7012 2.98558262152068E-4
7014 2.98558262152068E-4
7027 2.98558262152068E-4
7029 2.98558262152068E-4
7052 2.98558262152068E-4
7060 2.98558262152068E-4
7071 2.98558262152068E-4
7082 2.98558262152068E-4
7103 2.98558262152068E-4
7123 2.98558262152068E-4
7128 2.98558262152068E-4
7133 2.98558262152068E-4
7162 2.98558262152068E-4
7168 2.98558262152068E-4
7173 2.98558262152068E-4
7184 2.98558262152068E-4
7190 2.98558262152068E-4
7200 2.98558262152068E-4
7203 2.98558262152068E-4
722 2.98558262152068E-4
7272 2.98558262152068E-4
729759 2.98558262152068E-4
7310 2.98558262152068E-4
7374 2.98558262152068E-4
738 2.98558262152068E-4
7392 2.98558262152068E-4
7447 2.98558262152068E-4
7453 2.98558262152068E-4
7454 2.98558262152068E-4
7456 2.98558262152068E-4
7485 2.98558262152068E-4
7498 2.98558262152068E-4
7528 2.98558262152068E-4
7545 2.98558262152068E-4
7546 2.98558262152068E-4
759 2.98558262152068E-4
7764 2.98558262152068E-4
7799 2.98558262152068E-4
7803 2.98558262152068E-4
7849 2.98558262152068E-4
7855 2.98558262152068E-4
788 2.98558262152068E-4
79047 2.98558262152068E-4
79048 2.98558262152068E-4
79291 2.98558262152068E-4
794 2.98558262152068E-4
79595 2.98558262152068E-4
79661 2.98558262152068E-4
79695 2.98558262152068E-4
79719 2.98558262152068E-4
79727 2.98558262152068E-4
7982 2.98558262152068E-4
79888 2.98558262152068E-4
79901 2.98558262152068E-4
79968 2.98558262152068E-4
800 2.98558262152068E-4
80010 2.98558262152068E-4
80255 2.98558262152068E-4
80279 2.98558262152068E-4
8028 2.98558262152068E-4
80306 2.98558262152068E-4
80317 2.98558262152068E-4
80854 2.98558262152068E-4
80896 2.98558262152068E-4
81399 2.98558262152068E-4
8140 2.98558262152068E-4
81537 2.98558262152068E-4
81575 2.98558262152068E-4
81839 2.98558262152068E-4
8201 2.98558262152068E-4
8260 2.98558262152068E-4
8277 2.98558262152068E-4
8312 2.98558262152068E-4
8321 2.98558262152068E-4
83593 2.98558262152068E-4
837 2.98558262152068E-4
83734 2.98558262152068E-4
83990 2.98558262152068E-4
84172 2.98558262152068E-4
84181 2.98558262152068E-4
84260 2.98558262152068E-4
8437 2.98558262152068E-4
84444 2.98558262152068E-4
8507 2.98558262152068E-4
8518 2.98558262152068E-4
8520 2.98558262152068E-4
85407 2.98558262152068E-4
85415 2.98558262152068E-4
8546 2.98558262152068E-4
8574 2.98558262152068E-4
8614 2.98558262152068E-4
8621 2.98558262152068E-4
8667 2.98558262152068E-4
8682 2.98558262152068E-4
8740 2.98558262152068E-4
8742 2.98558262152068E-4
8745 2.98558262152068E-4
8751 2.98558262152068E-4
8771 2.98558262152068E-4
8815 2.98558262152068E-4
8826 2.98558262152068E-4
8828 2.98558262152068E-4
8831 2.98558262152068E-4
8850 2.98558262152068E-4
8864 2.98558262152068E-4
8874 2.98558262152068E-4
8905 2.98558262152068E-4
8925 2.98558262152068E-4
896 2.98558262152068E-4
89797 2.98558262152068E-4
8997 2.98558262152068E-4
9014 2.98558262152068E-4
90249 2.98558262152068E-4
9043 2.98558262152068E-4
907 2.98558262152068E-4
9092 2.98558262152068E-4
90952 2.98558262152068E-4
9140 2.98558262152068E-4
9141 2.98558262152068E-4
9159 2.98558262152068E-4
9184 2.98558262152068E-4
91875 2.98558262152068E-4
9188 2.98558262152068E-4
9208 2.98558262152068E-4
9231 2.98558262152068E-4
9232 2.98558262152068E-4
92521 2.98558262152068E-4
93099 2.98558262152068E-4
931 2.98558262152068E-4
9317 2.98558262152068E-4
93210 2.98558262152068E-4
9337 2.98558262152068E-4
9352 2.98558262152068E-4
9353 2.98558262152068E-4
9360 2.98558262152068E-4
93655 2.98558262152068E-4
9368 2.98558262152068E-4
9392 2.98558262152068E-4
9403 2.98558262152068E-4
9431 2.98558262152068E-4
9444 2.98558262152068E-4
9446 2.98558262152068E-4
9506 2.98558262152068E-4
9547 2.98558262152068E-4
9555 2.98558262152068E-4
9564 2.98558262152068E-4
9855 2.98558262152068E-4
9891 2.98558262152068E-4
9924 2.98558262152068E-4
9982 2.98558262152068E-4
9607 2.98558262152068E-4
9821 2.98558262152068E-4
9787 2.98558262152068E-4
978 2.98558262152068E-4
9766 2.98558262152068E-4
958 2.98558262152068E-4
972 2.98558262152068E-4
9658 2.98558262152068E-4
9619 2.98558262152068E-4
9578 2.98558262152068E-4
