3667 0.907765918380142
6517 0.741333210866971
208 0.700298558262152
6928 0.68062728991749
2645 0.639129619847021
9479 0.600298558262152
6934 0.557630021407883
6927 0.527447506140186
11132 0.527187289360938
9370 0.507689235414334
3569 0.502896412300041
54901 0.500899078350645
3643 0.499617570226776
10891 0.498472270770524
6514 0.467437300958983
4846 0.467271500491659
3630 0.452592872434202
5468 0.450306383936271
7351 0.448924626405193
3651 0.446273294123525
3952 0.444974634247019
8660 0.433499311895617
3953 0.432340770924709
5506 0.423983788989655
4843 0.42189388115459
3172 0.4172430998032
5078 0.416188231501205
1906 0.41303684841236
7132 0.407162748886446
79068 0.404183219234317
488 0.40251857448684
3767 0.402391869661405
169026 0.400899078350645
1909 0.400895674786456
1374 0.400597116524304
1910 0.400298558262152
3087 0.39880917051558
10644 0.39582358789406
3784 0.394330796583299
6833 0.393046639054226
7466 0.388061073078106
221895 0.385971165243041
5167 0.375332573569765
56999 0.374837234468154
3375 0.374651412968882
63892 0.371685851379309
4853 0.367340235241856
7422 0.358018843770149
6513 0.352611752378915
56729 0.349486050851797
4544 0.34946036929007
4760 0.344744810735064
2646 0.342261928325924
2784 0.332805129654185
5465 0.327829354319931
5770 0.327267929873328
3990 0.326538055554196
3162 0.32185818907689
2642 0.318576697598421
6648 0.315591114976901
145741 0.315292556714748
7133 0.314659748112744
1535 0.31303684841236
847 0.31303684841236
6462 0.311975373158579
5126 0.311544057101599
3240 0.311378256634275
6647 0.309885465323515
4790 0.309288348799211
5629 0.308691232274906
10363 0.308094115750602
388125 0.308094115750602
5579 0.307496999226298
5184 0.307198440964146
111 0.306435523972518
3159 0.305241290923909
169792 0.304942732661757
3098 0.304644174399605
9559 0.304644174399605
10239 0.304345616137453
2820 0.304345616137453
2876 0.304345616137453
2888 0.304345616137453
6480 0.304047057875301
355 0.303748499613149
4825 0.303748499613149
5080 0.303748499613149
7325 0.303748499613149
83795 0.303748499613149
10296 0.303449941350997
60685 0.303449941350997
9861 0.303449941350997
718 0.301791349572912
3039 0.301194233048608
100188782 0.300298558262152
467 0.300298558262152
489 0.300298558262152
596 0.300298558262152
7076 0.300298558262152
1544 0.3
1889 0.3
3263 0.3
3397 0.3
50982 0.3
598 0.3
6277 0.3
6616 0.3
836 0.3
841 0.3
7124 0.210156226903614
5054 0.157518792962972
1636 0.134222579262964
7352 0.129487946098016
177 0.128855137496012
4535 0.12812526317688
3479 0.127232237795627
3383 0.127193896312723
5105 0.122718171785646
5122 0.120368047171334
5950 0.120368047171334
4852 0.117382464549813
6720 0.116486789763357
5743 0.113465515064136
948 0.111975373158579
2155 0.110946940577295
2695 0.110316781380495
150 0.109288348799211
2908 0.108989790537059
3290 0.108954098459358
4282 0.108691232274906
5295 0.108392674012754
4879 0.108094115750602
3358 0.10779555748845
348 0.10709211889003
1576 0.106565632362142
207 0.106435523972518
2696 0.105241290923909
3091 0.104942732661757
952 0.104644174399605
186 0.104047057875301
3480 0.104047057875301
4312 0.104047057875301
4842 0.104047057875301
3156 0.103748499613149
51167 0.103748499613149
229 0.103449941350997
9607 0.103449941350997
3481 0.102089907835064
2538 0.10149279131076
434 0.101194233048608
5562 0.101194233048608
1490 0.100597116524304
7220 0.100597116524304
8639 0.100597116524304
4513 0.100298558262152
6548 0.100298558262152
6715 0.100298558262152
796 0.100298558262152
886 0.100298558262152
10116 0.1
10965 0.1
1244 0.1
1394 0.1
1489 0.1
15 0.1
1571 0.1
1583 0.1
1672 0.1
170302 0.1
181 0.1
200539 0.1
2697 0.1
3284 0.1
3293 0.1
389692 0.1
401 0.1
4012 0.1
4288 0.1
4519 0.1
4548 0.1
5019 0.1
5327 0.1
5507 0.1
551 0.1
5730 0.1
6324 0.1
6357 0.1
6714 0.1
6770 0.1
7048 0.1
7056 0.1
7225 0.1
801 0.1
4524 0.0947594632350752
3416 0.094108114308007
1029 0.0913452139617786
155 0.0849525233036242
1030 0.0838812574079769
7103 0.0826870243593686
8872 0.0776900592948471
183 0.0729771501450449
5444 0.0648116502390418
57118 0.057288969451017
4023 0.0560260016522118
154 0.0472020115824776
3077 0.0464390945908492
7421 0.045841978066545
8549 0.0457449123494176
3119 0.0456735281940169
3123 0.0427850112896236
2132 0.0412334957446401
2997 0.0371864378693389
3586 0.0370206374020147
185 0.0368521875294865
2641 0.0367887515896973
1071 0.0367220791398626
7040 0.0350608379565741
335 0.0349307295669502
4049 0.0337364965183419
345 0.0331393799940378
338 0.0326750212645614
19 0.032639329186861
1401 0.0325349023589638
2169 0.0325092207972371
100130239 0.0310494721589733
3557 0.0309423959258722
6347 0.0292250799135644
51094 0.0289265216514123
3949 0.0262394972920437
3553 0.0258695548744909
3099 0.0251780220382632
79602 0.0248794637761111
117159 0.0247467059812834
2099 0.0236852307275029
7350 0.0236495386498025
5445 0.0227895559410467
3673 0.0215953228924384
5590 0.0215953228924384
3117 0.0212967646302863
10135 0.021261072552586
337 0.0209982063681343
6401 0.0209268222127335
2944 0.02083240590081
2952 0.02083240590081
6942 0.0206996481059822
231 0.0206666054334857
51738 0.0200668395039777
50674 0.0199367311143538
1234 0.0196381728522017
4318 0.0196381728522017
387082 0.0193396145900496
53335 0.0193396145900496
57818 0.0193396145900496
10911 0.0184439398035934
151 0.018109689463741
3565 0.0175125729394369
116519 0.0170839062876609
4000 0.0167496559478084
1559 0.0164867897633567
5891 0.0163209892960325
9722 0.0158896732390526
213 0.0157852464111553
3458 0.0156908300992318
1493 0.0155911149769005
4547 0.0155911149769005
3570 0.0152925567147485
4878 0.0152925567147485
3485 0.0149939984525964
5586 0.0143968819282923
2152 0.0143611898505919
6932 0.0136339649366638
7099 0.0136339649366638
7412 0.0134655150641357
8462 0.0133354066745118
118 0.0131669568019836
3552 0.0130368484123597
2308 0.0127382901502076
2950 0.0127382901502076
54741 0.0125724896828834
3606 0.0124397318880556
2638 0.0121054815482031
2153 0.0118426153637514
2395 0.0118426153637514
3832 0.0118426153637514
2837 0.0117738806135545
1594 0.0116411228187268
1557 0.0115440571015994
217 0.0115440571015994
3170 0.0115440571015994
4160 0.0113782566342751
4314 0.0112454988394473
844 0.0112454988394473
11266 0.0109469405772952
7450 0.0109112484995949
344 0.0106483823151432
4537 0.0106483823151432
11085 0.0103498240529911
2244 0.0103498240529911
3566 0.0103498240529911
3931 0.0103498240529911
4549 0.0103498240529911
4567 0.0103498240529911
2247 0.0100155737131386
929 0.0100155737131386
133 0.00997988163543827
7391 0.00988546532351474
3898 0.00985242265101823
7486 0.00971701545098658
57761 0.00958690706136267
133522 0.00942110659403839
4899 0.00928834879921061
5291 0.00928834879921061
59272 0.00928834879921061
5467 0.00898979053705854
27319 0.00895674786456203
197 0.00869123227490647
80339 0.00869123227490647
5871 0.00865818960240996
8170 0.00865818960240996
2693 0.0083926740127544
5728 0.0083926740127544
6403 0.0083926740127544
685 0.0083926740127544
23175 0.00835698193505402
2147 0.00809411575060234
26191 0.00809411575060234
2889 0.00809411575060234
336 0.00809411575060234
3992 0.00809411575060234
4153 0.00809411575060234
80142 0.00809411575060234
9826 0.00809411575060234
116985 0.00779555748845027
1565 0.00779555748845027
1813 0.00779555748845027
3484 0.00779555748845027
5313 0.00779555748845027
6352 0.00779555748845027
777 0.00779555748845027
7852 0.00779555748845027
2571 0.00776251481595376
140803 0.0074969992262982
1728 0.0074969992262982
2172 0.0074969992262982
23395 0.0074969992262982
255738 0.0074969992262982
3645 0.0074969992262982
367 0.0074969992262982
4968 0.0074969992262982
4988 0.0074969992262982
5360 0.0074969992262982
54806 0.0074969992262982
54822 0.0074969992262982
8567 0.0074969992262982
5972 0.00746395655380169
5715 0.00733119875897391
10365 0.00719844096414613
10599 0.00719844096414613
125 0.00719844096414613
132720 0.00719844096414613
1437 0.00719844096414613
1607 0.00719844096414613
1622 0.00719844096414613
2170 0.00719844096414613
3568 0.00719844096414613
3596 0.00719844096414613
5789 0.00719844096414613
6258 0.00719844096414613
688 0.00719844096414613
9314 0.00719844096414613
9663 0.00719844096414613
1734 0.00716274888644575
5687 0.00716274888644575
6402 0.00716274888644575
23411 0.00703264049682184
132789 0.00689988270199407
2206 0.00689988270199407
23788 0.00689988270199407
27329 0.00689988270199407
28999 0.00689988270199407
3386 0.00689988270199407
341 0.00689988270199407
346 0.00689988270199407
3804 0.00689988270199407
3809 0.00689988270199407
387715 0.00689988270199407
4056 0.00689988270199407
4556 0.00689988270199407
4566 0.00689988270199407
4598 0.00689988270199407
57624 0.00689988270199407
6337 0.00689988270199407
6356 0.00689988270199407
7079 0.00689988270199407
727 0.00689988270199407
7356 0.00689988270199407
79047 0.00689988270199407
83855 0.00689988270199407
10383 0.00686684002949756
23771 0.00686684002949756
10724 0.00686419062429368
3304 0.00686419062429368
7021 0.00686419062429368
9771 0.00673408223466978
65018 0.00656563236214162
7052 0.00656563236214162
100 0.00643552397251771
81031 0.00643552397251771
26291 0.00610127363266526
101669765 0.00597116524304135
1215 0.00596851583783748
5802 0.00596851583783748
2740 0.00583840744821357
4094 0.00583840744821357
5599 0.00583840744821357
22926 0.00553984918606151
52 0.00553984918606151
1020 0.00524129092390944
136259 0.00524129092390944
2864 0.00524129092390944
32 0.00524129092390944
405 0.00524129092390944
5563 0.00524129092390944
590 0.00524129092390944
627 0.00524129092390944
1803 0.00507549045658515
1649 0.00494273266175737
2303 0.00494273266175737
3576 0.00494273266175737
5290 0.00494273266175737
11183 0.00477693219443308
5310 0.00477693219443308
7163 0.00477693219443308
142 0.0046441743996053
145264 0.0046441743996053
1852 0.0046441743996053
24 0.0046441743996053
4018 0.0046441743996053
4502 0.0046441743996053
51085 0.0046441743996053
51129 0.0046441743996053
55937 0.0046441743996053
6446 0.0046441743996053
6559 0.0046441743996053
6580 0.0046441743996053
6794 0.0046441743996053
3401 0.00447837393228102
10062 0.00434561613745324
10076 0.00434561613745324
1019 0.00434561613745324
1116 0.00434561613745324
1208 0.00434561613745324
1408 0.00434561613745324
2168 0.00434561613745324
23564 0.00434561613745324
23576 0.00434561613745324
3303 0.00434561613745324
347 0.00434561613745324
3690 0.00434561613745324
3765 0.00434561613745324
3772 0.00434561613745324
3936 0.00434561613745324
4489 0.00434561613745324
4627 0.00434561613745324
4864 0.00434561613745324
5087 0.00434561613745324
5140 0.00434561613745324
5166 0.00434561613745324
55486 0.00434561613745324
5697 0.00434561613745324
5820 0.00434561613745324
6236 0.00434561613745324
6804 0.00434561613745324
729230 0.00434561613745324
7376 0.00434561613745324
8431 0.00434561613745324
8848 0.00434561613745324
9388 0.00434561613745324
94241 0.00434561613745324
2819 0.00430992405975285
3991 0.00430992405975285
1375 0.00404705787530117
1558 0.00404705787530117
1573 0.00404705787530117
200186 0.00404705787530117
23261 0.00404705787530117
25970 0.00404705787530117
2673 0.00404705787530117
286 0.00404705787530117
301 0.00404705787530117
3175 0.00404705787530117
3670 0.00404705787530117
376497 0.00404705787530117
4313 0.00404705787530117
57580 0.00404705787530117
5967 0.00404705787530117
60529 0.00404705787530117
63826 0.00404705787530117
6383 0.00404705787530117
7037 0.00404705787530117
81029 0.00404705787530117
8609 0.00404705787530117
8773 0.00404705787530117
885 0.00404705787530117
10221 0.0037484996131491
10396 0.0037484996131491
10560 0.0037484996131491
10580 0.0037484996131491
10999 0.0037484996131491
11200 0.0037484996131491
115207 0.0037484996131491
1176 0.0037484996131491
126 0.0037484996131491
129787 0.0037484996131491
1312 0.0037484996131491
136332 0.0037484996131491
151056 0.0037484996131491
151306 0.0037484996131491
1585 0.0037484996131491
239 0.0037484996131491
257019 0.0037484996131491
2590 0.0037484996131491
26585 0.0037484996131491
27445 0.0037484996131491
2938 0.0037484996131491
3037 0.0037484996131491
3038 0.0037484996131491
30811 0.0037484996131491
3084 0.0037484996131491
326625 0.0037484996131491
3356 0.0037484996131491
3486 0.0037484996131491
3551 0.0037484996131491
359 0.0037484996131491
3638 0.0037484996131491
4043 0.0037484996131491
4124 0.0037484996131491
4208 0.0037484996131491
4217 0.0037484996131491
4259 0.0037484996131491
4536 0.0037484996131491
4821 0.0037484996131491
4887 0.0037484996131491
4914 0.0037484996131491
501 0.0037484996131491
51106 0.0037484996131491
539 0.0037484996131491
54469 0.0037484996131491
5451 0.0037484996131491
56547 0.0037484996131491
57178 0.0037484996131491
57468 0.0037484996131491
5937 0.0037484996131491
60412 0.0037484996131491
624 0.0037484996131491
629 0.0037484996131491
6387 0.0037484996131491
63916 0.0037484996131491
64122 0.0037484996131491
64220 0.0037484996131491
64405 0.0037484996131491
6464 0.0037484996131491
64849 0.0037484996131491
6532 0.0037484996131491
6696 0.0037484996131491
6775 0.0037484996131491
7058 0.0037484996131491
7071 0.0037484996131491
7226 0.0037484996131491
728642 0.0037484996131491
7436 0.0037484996131491
7515 0.0037484996131491
79191 0.0037484996131491
805 0.0037484996131491
80724 0.0037484996131491
860 0.0037484996131491
8835 0.0037484996131491
887 0.0037484996131491
9031 0.0037484996131491
9055 0.0037484996131491
92070 0.0037484996131491
9415 0.0037484996131491
958 0.0037484996131491
9734 0.0037484996131491
9941 0.0037484996131491
10628 0.00371280753544872
100125288 0.00358269914582481
23590 0.00358269914582481
79813 0.00358269914582481
100129023 0.00344994135099703
100131020 0.00344994135099703
10015 0.00344994135099703
100271053 0.00344994135099703
100271322 0.00344994135099703
100271581 0.00344994135099703
100271597 0.00344994135099703
100271600 0.00344994135099703
10370 0.00344994135099703
10395 0.00344994135099703
10449 0.00344994135099703
10487 0.00344994135099703
10661 0.00344994135099703
10828 0.00344994135099703
10867 0.00344994135099703
10998 0.00344994135099703
1124 0.00344994135099703
11278 0.00344994135099703
11279 0.00344994135099703
114299 0.00344994135099703
1185 0.00344994135099703
121260 0.00344994135099703
123041 0.00344994135099703
128486 0.00344994135099703
131368 0.00344994135099703
1316 0.00344994135099703
135154 0.00344994135099703
1380 0.00344994135099703
144165 0.00344994135099703
1469 0.00344994135099703
150928 0.00344994135099703
152 0.00344994135099703
154790 0.00344994135099703
158219 0.00344994135099703
160777 0.00344994135099703
161198 0.00344994135099703
1650 0.00344994135099703
168850 0.00344994135099703
168975 0.00344994135099703
1716 0.00344994135099703
1950 0.00344994135099703
1952 0.00344994135099703
201254 0.00344994135099703
204010 0.00344994135099703
2047 0.00344994135099703
2053 0.00344994135099703
2104 0.00344994135099703
2119 0.00344994135099703
2161 0.00344994135099703
221823 0.00344994135099703
2243 0.00344994135099703
23024 0.00344994135099703
23092 0.00344994135099703
23101 0.00344994135099703
23155 0.00344994135099703
23345 0.00344994135099703
23433 0.00344994135099703
23603 0.00344994135099703
23677 0.00344994135099703
252983 0.00344994135099703
256227 0.00344994135099703
256536 0.00344994135099703
257194 0.00344994135099703
258010 0.00344994135099703
26040 0.00344994135099703
2620 0.00344994135099703
26608 0.00344994135099703
26762 0.00344994135099703
27010 0.00344994135099703
27035 0.00344994135099703
282974 0.00344994135099703
283601 0.00344994135099703
2843 0.00344994135099703
284498 0.00344994135099703
284677 0.00344994135099703
285973 0.00344994135099703
2884 0.00344994135099703
28991 0.00344994135099703
28996 0.00344994135099703
308 0.00344994135099703
3106 0.00344994135099703
3113 0.00344994135099703
3176 0.00344994135099703
3305 0.00344994135099703
339512 0.00344994135099703
339799 0.00344994135099703
3402 0.00344994135099703
3403 0.00344994135099703
340460 0.00344994135099703
340598 0.00344994135099703
3694 0.00344994135099703
3729 0.00344994135099703
3743 0.00344994135099703
3744 0.00344994135099703
375449 0.00344994135099703
3802 0.00344994135099703
387 0.00344994135099703
388015 0.00344994135099703
390 0.00344994135099703
390037 0.00344994135099703
390928 0.00344994135099703
4088 0.00344994135099703
4091 0.00344994135099703
4142 0.00344994135099703
43 0.00344994135099703
4493 0.00344994135099703
4507 0.00344994135099703
4512 0.00344994135099703
4538 0.00344994135099703
4572 0.00344994135099703
4573 0.00344994135099703
4712 0.00344994135099703
4851 0.00344994135099703
4886 0.00344994135099703
4889 0.00344994135099703
50507 0.00344994135099703
5071 0.00344994135099703
5089 0.00344994135099703
51274 0.00344994135099703
51375 0.00344994135099703
51555 0.00344994135099703
51621 0.00344994135099703
5163 0.00344994135099703
51650 0.00344994135099703
5281 0.00344994135099703
5357 0.00344994135099703
53630 0.00344994135099703
53981 0.00344994135099703
54052 0.00344994135099703
54212 0.00344994135099703
54504 0.00344994135099703
54602 0.00344994135099703
54621 0.00344994135099703
55016 0.00344994135099703
55118 0.00344994135099703
55128 0.00344994135099703
5522 0.00344994135099703
55229 0.00344994135099703
55277 0.00344994135099703
55388 0.00344994135099703
5539 0.00344994135099703
5550 0.00344994135099703
55735 0.00344994135099703
5578 0.00344994135099703
5580 0.00344994135099703
55902 0.00344994135099703
56916 0.00344994135099703
57408 0.00344994135099703
57537 0.00344994135099703
5793 0.00344994135099703
5797 0.00344994135099703
58158 0.00344994135099703
58486 0.00344994135099703
5968 0.00344994135099703
613227 0.00344994135099703
6301 0.00344994135099703
634 0.00344994135099703
6388 0.00344994135099703
643550 0.00344994135099703
645957 0.00344994135099703
647201 0.00344994135099703
64965 0.00344994135099703
653162 0.00344994135099703
6556 0.00344994135099703
6561 0.00344994135099703
6579 0.00344994135099703
65975 0.00344994135099703
66000 0.00344994135099703
6654 0.00344994135099703
677828 0.00344994135099703
6814 0.00344994135099703
6844 0.00344994135099703
6850 0.00344994135099703
6853 0.00344994135099703
6854 0.00344994135099703
728597 0.00344994135099703
729611 0.00344994135099703
7297 0.00344994135099703
729993 0.00344994135099703
7553 0.00344994135099703
79058 0.00344994135099703
80003 0.00344994135099703
80790 0.00344994135099703
83461 0.00344994135099703
83650 0.00344994135099703
84105 0.00344994135099703
84166 0.00344994135099703
842 0.00344994135099703
84811 0.00344994135099703
8638 0.00344994135099703
867 0.00344994135099703
875 0.00344994135099703
8862 0.00344994135099703
8913 0.00344994135099703
894 0.00344994135099703
89822 0.00344994135099703
89866 0.00344994135099703
9175 0.00344994135099703
9275 0.00344994135099703
9317 0.00344994135099703
9341 0.00344994135099703
9462 0.00344994135099703
9481 0.00344994135099703
9508 0.00344994135099703
9905 0.00344994135099703
6649 0.00341424927329665
9619 0.00341424927329665
3126 0.00328414088367274
353 0.00328414088367274
4813 0.00328414088367274
54512 0.00328414088367274
723961 0.00328414088367274
7453 0.00328414088367274
5565 0.00311569101114458
55829 0.00311569101114458
201501 0.00298558262152068
2688 0.00298558262152068
2806 0.00298558262152068
5106 0.00298558262152068
6303 0.00298558262152068
9060 0.00298558262152068
9061 0.00298558262152068
1361 0.00281713274899252
4009 0.00281713274899252
5092 0.00281713274899252
5321 0.00281713274899252
567 0.00281713274899252
8743 0.00281713274899252
9807 0.00281713274899252
140913 0.00268702435936861
1465 0.00268702435936861
2133 0.00268702435936861
3120 0.00268702435936861
4812 0.00268702435936861
597 0.00268702435936861
1586 0.00251857448684045
3082 0.00251857448684045
3689 0.00251857448684045
4323 0.00251857448684045
6476 0.00251857448684045
7018 0.00251857448684045
823 0.00251857448684045
129831 0.00238846609721654
1508 0.00238846609721654
1917 0.00238846609721654
2475 0.00238846609721654
3133 0.00238846609721654
8682 0.00238846609721654
100271873 0.00208990783506447
114548 0.00208990783506447
133482 0.00208990783506447
27306 0.00208990783506447
343169 0.00208990783506447
364 0.00208990783506447
373156 0.00208990783506447
4135 0.00208990783506447
472 0.00208990783506447
4925 0.00208990783506447
5443 0.00208990783506447
55536 0.00208990783506447
6524 0.00208990783506447
66035 0.00208990783506447
7439 0.00208990783506447
7808 0.00208990783506447
8988 0.00208990783506447
920 0.00208990783506447
189 0.00179134957291241
2167 0.00179134957291241
2185 0.00179134957291241
2572 0.00179134957291241
2739 0.00179134957291241
3636 0.00179134957291241
49 0.00179134957291241
5294 0.00179134957291241
5340 0.00179134957291241
5433 0.00179134957291241
55532 0.00179134957291241
6527 0.00179134957291241
7157 0.00179134957291241
80320 0.00179134957291241
8718 0.00179134957291241
9021 0.00179134957291241
9927 0.00179134957291241
10 0.00149279131076034
10774 0.00149279131076034
128367 0.00149279131076034
128368 0.00149279131076034
1666 0.00149279131076034
1667 0.00149279131076034
1725 0.00149279131076034
1834 0.00149279131076034
2177 0.00149279131076034
3052 0.00149279131076034
3376 0.00149279131076034
3761 0.00149279131076034
4434 0.00149279131076034
50838 0.00149279131076034
5293 0.00149279131076034
5346 0.00149279131076034
5564 0.00149279131076034
5663 0.00149279131076034
5798 0.00149279131076034
6240 0.00149279131076034
6414 0.00149279131076034
675 0.00149279131076034
728358 0.00149279131076034
7290 0.00149279131076034
7555 0.00149279131076034
8050 0.00149279131076034
84735 0.00149279131076034
959 0.00149279131076034
9780 0.00149279131076034
9844 0.00149279131076034
100996758 0.00119423304860827
10625 0.00119423304860827
11332 0.00119423304860827
114897 0.00119423304860827
12 0.00119423304860827
1268 0.00119423304860827
146 0.00119423304860827
1756 0.00119423304860827
1791 0.00119423304860827
2316 0.00119423304860827
2489 0.00119423304860827
26503 0.00119423304860827
2669 0.00119423304860827
26871 0.00119423304860827
2690 0.00119423304860827
2771 0.00119423304860827
3040 0.00119423304860827
3309 0.00119423304860827
342977 0.00119423304860827
345651 0.00119423304860827
3492 0.00119423304860827
3559 0.00119423304860827
375056 0.00119423304860827
3811 0.00119423304860827
3827 0.00119423304860827
389036 0.00119423304860827
406 0.00119423304860827
4306 0.00119423304860827
440915 0.00119423304860827
4779 0.00119423304860827
5068 0.00119423304860827
5176 0.00119423304860827
54535 0.00119423304860827
5464 0.00119423304860827
5540 0.00119423304860827
619373 0.00119423304860827
6287 0.00119423304860827
6288 0.00119423304860827
641455 0.00119423304860827
71 0.00119423304860827
72 0.00119423304860827
760 0.00119423304860827
7840 0.00119423304860827
79513 0.00119423304860827
79612 0.00119423304860827
80896 0.00119423304860827
8091 0.00119423304860827
81539 0.00119423304860827
8991 0.00119423304860827
925 0.00119423304860827
9457 0.00119423304860827
9474 0.00119423304860827
968 0.00119423304860827
9971 0.00119423304860827
10249 8.95674786456203E-4
10993 8.95674786456203E-4
11188 8.95674786456203E-4
114815 8.95674786456203E-4
1363 8.95674786456203E-4
1555 8.95674786456203E-4
1628 8.95674786456203E-4
1668 8.95674786456203E-4
1760 8.95674786456203E-4
1822 8.95674786456203E-4
1828 8.95674786456203E-4
190 8.95674786456203E-4
2056 8.95674786456203E-4
2072 8.95674786456203E-4
2335 8.95674786456203E-4
2548 8.95674786456203E-4
257641 8.95674786456203E-4
25915 8.95674786456203E-4
259266 8.95674786456203E-4
2597 8.95674786456203E-4
2660 8.95674786456203E-4
26696 8.95674786456203E-4
27335 8.95674786456203E-4
28 8.95674786456203E-4
283297 8.95674786456203E-4
28508 8.95674786456203E-4
28509 8.95674786456203E-4
29850 8.95674786456203E-4
29974 8.95674786456203E-4
31 8.95674786456203E-4
3105 8.95674786456203E-4
3118 8.95674786456203E-4
3295 8.95674786456203E-4
3339 8.95674786456203E-4
3669 8.95674786456203E-4
3758 8.95674786456203E-4
401992 8.95674786456203E-4
4159 8.95674786456203E-4
4397 8.95674786456203E-4
441911 8.95674786456203E-4
443 8.95674786456203E-4
4595 8.95674786456203E-4
4948 8.95674786456203E-4
4973 8.95674786456203E-4
5111 8.95674786456203E-4
51119 8.95674786456203E-4
51182 8.95674786456203E-4
51283 8.95674786456203E-4
5169 8.95674786456203E-4
5171 8.95674786456203E-4
5250 8.95674786456203E-4
54832 8.95674786456203E-4
55511 8.95674786456203E-4
5552 8.95674786456203E-4
57338 8.95674786456203E-4
5810 8.95674786456203E-4
5919 8.95674786456203E-4
5982 8.95674786456203E-4
6039 8.95674786456203E-4
6159 8.95674786456203E-4
6198 8.95674786456203E-4
64102 8.95674786456203E-4
64399 8.95674786456203E-4
65078 8.95674786456203E-4
6520 8.95674786456203E-4
6582 8.95674786456203E-4
6625 8.95674786456203E-4
6767 8.95674786456203E-4
680 8.95674786456203E-4
6868 8.95674786456203E-4
6925 8.95674786456203E-4
7013 8.95674786456203E-4
7019 8.95674786456203E-4
7078 8.95674786456203E-4
7097 8.95674786456203E-4
776 8.95674786456203E-4
788 8.95674786456203E-4
81442 8.95674786456203E-4
81448 8.95674786456203E-4
825 8.95674786456203E-4
83853 8.95674786456203E-4
8694 8.95674786456203E-4
8797 8.95674786456203E-4
8864 8.95674786456203E-4
9360 8.95674786456203E-4
94081 8.95674786456203E-4
949 8.95674786456203E-4
960 8.95674786456203E-4
100048912 5.97116524304135E-4
100507436 5.97116524304135E-4
100509457 5.97116524304135E-4
100532731 5.97116524304135E-4
10058 5.97116524304135E-4
100775105 5.97116524304135E-4
10148 5.97116524304135E-4
10254 5.97116524304135E-4
1050 5.97116524304135E-4
10663 5.97116524304135E-4
10855 5.97116524304135E-4
10899 5.97116524304135E-4
1113 5.97116524304135E-4
112476 5.97116524304135E-4
11329 5.97116524304135E-4
1154 5.97116524304135E-4
124872 5.97116524304135E-4
127069 5.97116524304135E-4
127385 5.97116524304135E-4
127617 5.97116524304135E-4
134 5.97116524304135E-4
1384 5.97116524304135E-4
139760 5.97116524304135E-4
1471 5.97116524304135E-4
148 5.97116524304135E-4
148113 5.97116524304135E-4
1524 5.97116524304135E-4
1588 5.97116524304135E-4
1677 5.97116524304135E-4
1861 5.97116524304135E-4
187 5.97116524304135E-4
1956 5.97116524304135E-4
2029 5.97116524304135E-4
2033 5.97116524304135E-4
2101 5.97116524304135E-4
2108 5.97116524304135E-4
2109 5.97116524304135E-4
2110 5.97116524304135E-4
2166 5.97116524304135E-4
2194 5.97116524304135E-4
2195 5.97116524304135E-4
2264 5.97116524304135E-4
2272 5.97116524304135E-4
22933 5.97116524304135E-4
2296 5.97116524304135E-4
23038 5.97116524304135E-4
23239 5.97116524304135E-4
23365 5.97116524304135E-4
23410 5.97116524304135E-4
25833 5.97116524304135E-4
25913 5.97116524304135E-4
26060 5.97116524304135E-4
2678 5.97116524304135E-4
27034 5.97116524304135E-4
27202 5.97116524304135E-4
282706 5.97116524304135E-4
283489 5.97116524304135E-4
28954 5.97116524304135E-4
28965 5.97116524304135E-4
290 5.97116524304135E-4
29899 5.97116524304135E-4
3069 5.97116524304135E-4
309 5.97116524304135E-4
314 5.97116524304135E-4
3265 5.97116524304135E-4
3306 5.97116524304135E-4
3329 5.97116524304135E-4
339559 5.97116524304135E-4
3567 5.97116524304135E-4
3600 5.97116524304135E-4
3622 5.97116524304135E-4
3654 5.97116524304135E-4
366 5.97116524304135E-4
368 5.97116524304135E-4
3717 5.97116524304135E-4
3816 5.97116524304135E-4
391109 5.97116524304135E-4
391195 5.97116524304135E-4
3929 5.97116524304135E-4
407977 5.97116524304135E-4
410 5.97116524304135E-4
4171 5.97116524304135E-4
4331 5.97116524304135E-4
441933 5.97116524304135E-4
4695 5.97116524304135E-4
4709 5.97116524304135E-4
4810 5.97116524304135E-4
4883 5.97116524304135E-4
497258 5.97116524304135E-4
4982 5.97116524304135E-4
5027 5.97116524304135E-4
5034 5.97116524304135E-4
50818 5.97116524304135E-4
50865 5.97116524304135E-4
51206 5.97116524304135E-4
5164 5.97116524304135E-4
5213 5.97116524304135E-4
5319 5.97116524304135E-4
5320 5.97116524304135E-4
54106 5.97116524304135E-4
54622 5.97116524304135E-4
55244 5.97116524304135E-4
55363 5.97116524304135E-4
55748 5.97116524304135E-4
55816 5.97116524304135E-4
56117 5.97116524304135E-4
56144 5.97116524304135E-4
566 5.97116524304135E-4
56655 5.97116524304135E-4
56994 5.97116524304135E-4
57007 5.97116524304135E-4
57018 5.97116524304135E-4
57105 5.97116524304135E-4
5741 5.97116524304135E-4
57692 5.97116524304135E-4
57727 5.97116524304135E-4
57804 5.97116524304135E-4
59271 5.97116524304135E-4
5966 5.97116524304135E-4
6014 5.97116524304135E-4
608 5.97116524304135E-4
6097 5.97116524304135E-4
613253 5.97116524304135E-4
6256 5.97116524304135E-4
6319 5.97116524304135E-4
6358 5.97116524304135E-4
6376 5.97116524304135E-4
6445 5.97116524304135E-4
648 5.97116524304135E-4
6484 5.97116524304135E-4
6510 5.97116524304135E-4
6512 5.97116524304135E-4
6523 5.97116524304135E-4
6690 5.97116524304135E-4
6750 5.97116524304135E-4
6754 5.97116524304135E-4
6774 5.97116524304135E-4
7035 5.97116524304135E-4
708 5.97116524304135E-4
7126 5.97116524304135E-4
7200 5.97116524304135E-4
726 5.97116524304135E-4
7276 5.97116524304135E-4
7295 5.97116524304135E-4
730249 5.97116524304135E-4
7345 5.97116524304135E-4
7441 5.97116524304135E-4
753 5.97116524304135E-4
7884 5.97116524304135E-4
790 5.97116524304135E-4
79689 5.97116524304135E-4
7971 5.97116524304135E-4
800 5.97116524304135E-4
820 5.97116524304135E-4
84504 5.97116524304135E-4
846 5.97116524304135E-4
8542 5.97116524304135E-4
8742 5.97116524304135E-4
8809 5.97116524304135E-4
8856 5.97116524304135E-4
9170 5.97116524304135E-4
9197 5.97116524304135E-4
9563 5.97116524304135E-4
9882 5.97116524304135E-4
10000 2.98558262152068E-4
100289462 2.98558262152068E-4
100526664 2.98558262152068E-4
100528032 2.98558262152068E-4
10125 2.98558262152068E-4
101930400 2.98558262152068E-4
10200 2.98558262152068E-4
1022 2.98558262152068E-4
10253 2.98558262152068E-4
1028 2.98558262152068E-4
10327 2.98558262152068E-4
1033 2.98558262152068E-4
10412 2.98558262152068E-4
10479 2.98558262152068E-4
10525 2.98558262152068E-4
10533 2.98558262152068E-4
10544 2.98558262152068E-4
10553 2.98558262152068E-4
10554 2.98558262152068E-4
10562 2.98558262152068E-4
10577 2.98558262152068E-4
10611 2.98558262152068E-4
1066 2.98558262152068E-4
10682 2.98558262152068E-4
10753 2.98558262152068E-4
1080 2.98558262152068E-4
1081 2.98558262152068E-4
10863 2.98558262152068E-4
11019 2.98558262152068E-4
11067 2.98558262152068E-4
11122 2.98558262152068E-4
11181 2.98558262152068E-4
1131 2.98558262152068E-4
113130 2.98558262152068E-4
114899 2.98558262152068E-4
115019 2.98558262152068E-4
116 2.98558262152068E-4
121665 2.98558262152068E-4
1269 2.98558262152068E-4
127074 2.98558262152068E-4
128371 2.98558262152068E-4
128372 2.98558262152068E-4
129684 2.98558262152068E-4
1314 2.98558262152068E-4
1329 2.98558262152068E-4
1346 2.98558262152068E-4
1352 2.98558262152068E-4
1378 2.98558262152068E-4
138428 2.98558262152068E-4
1385 2.98558262152068E-4
138883 2.98558262152068E-4
1390 2.98558262152068E-4
140596 2.98558262152068E-4
144125 2.98558262152068E-4
146894 2.98558262152068E-4
149297 2.98558262152068E-4
1496 2.98558262152068E-4
1506 2.98558262152068E-4
1512 2.98558262152068E-4
1514 2.98558262152068E-4
152503 2.98558262152068E-4
1543 2.98558262152068E-4
1548 2.98558262152068E-4
1577 2.98558262152068E-4
162515 2.98558262152068E-4
1646 2.98558262152068E-4
164656 2.98558262152068E-4
166929 2.98558262152068E-4
1673 2.98558262152068E-4
1675 2.98558262152068E-4
171389 2.98558262152068E-4
1718 2.98558262152068E-4
1757 2.98558262152068E-4
1759 2.98558262152068E-4
1810 2.98558262152068E-4
1848 2.98558262152068E-4
1948 2.98558262152068E-4
1961 2.98558262152068E-4
1962 2.98558262152068E-4
1974 2.98558262152068E-4
199699 2.98558262152068E-4
1999 2.98558262152068E-4
201232 2.98558262152068E-4
2066 2.98558262152068E-4
2103 2.98558262152068E-4
2138 2.98558262152068E-4
2180 2.98558262152068E-4
2201 2.98558262152068E-4
221458 2.98558262152068E-4
2220 2.98558262152068E-4
2260 2.98558262152068E-4
22837 2.98558262152068E-4
22914 2.98558262152068E-4
23178 2.98558262152068E-4
23208 2.98558262152068E-4
23235 2.98558262152068E-4
23499 2.98558262152068E-4
23613 2.98558262152068E-4
23643 2.98558262152068E-4
238 2.98558262152068E-4
254251 2.98558262152068E-4
259 2.98558262152068E-4
25984 2.98558262152068E-4
26 2.98558262152068E-4
26003 2.98558262152068E-4
26011 2.98558262152068E-4
26155 2.98558262152068E-4
26207 2.98558262152068E-4
26246 2.98558262152068E-4
2627 2.98558262152068E-4
2644 2.98558262152068E-4
2701 2.98558262152068E-4
2710 2.98558262152068E-4
2720 2.98558262152068E-4
27242 2.98558262152068E-4
2744 2.98558262152068E-4
2752 2.98558262152068E-4
2768 2.98558262152068E-4
279 2.98558262152068E-4
282617 2.98558262152068E-4
283455 2.98558262152068E-4
284217 2.98558262152068E-4
28469 2.98558262152068E-4
285335 2.98558262152068E-4
285782 2.98558262152068E-4
2859 2.98558262152068E-4
2867 2.98558262152068E-4
2869 2.98558262152068E-4
2878 2.98558262152068E-4
2885 2.98558262152068E-4
2887 2.98558262152068E-4
2896 2.98558262152068E-4
29108 2.98558262152068E-4
2922 2.98558262152068E-4
2941 2.98558262152068E-4
29911 2.98558262152068E-4
29919 2.98558262152068E-4
29943 2.98558262152068E-4
30001 2.98558262152068E-4
3028 2.98558262152068E-4
3033 2.98558262152068E-4
3081 2.98558262152068E-4
30818 2.98558262152068E-4
3108 2.98558262152068E-4
3109 2.98558262152068E-4
3122 2.98558262152068E-4
3145 2.98558262152068E-4
3174 2.98558262152068E-4
3270 2.98558262152068E-4
3308 2.98558262152068E-4
3415 2.98558262152068E-4
343170 2.98558262152068E-4
3439 2.98558262152068E-4
3447 2.98558262152068E-4
345611 2.98558262152068E-4
3482 2.98558262152068E-4
3497 2.98558262152068E-4
353174 2.98558262152068E-4
356 2.98558262152068E-4
3592 2.98558262152068E-4
3593 2.98558262152068E-4
3611 2.98558262152068E-4
3612 2.98558262152068E-4
3672 2.98558262152068E-4
3741 2.98558262152068E-4
3745 2.98558262152068E-4
3760 2.98558262152068E-4
3763 2.98558262152068E-4
3766 2.98558262152068E-4
3791 2.98558262152068E-4
3792 2.98558262152068E-4
3796 2.98558262152068E-4
3806 2.98558262152068E-4
3817 2.98558262152068E-4
3875 2.98558262152068E-4
391107 2.98558262152068E-4
391112 2.98558262152068E-4
3925 2.98558262152068E-4
392636 2.98558262152068E-4
3934 2.98558262152068E-4
3939 2.98558262152068E-4
3958 2.98558262152068E-4
401637 2.98558262152068E-4
4057 2.98558262152068E-4
4065 2.98558262152068E-4
406936 2.98558262152068E-4
409 2.98558262152068E-4
412 2.98558262152068E-4
4121 2.98558262152068E-4
414325 2.98558262152068E-4
416 2.98558262152068E-4
4199 2.98558262152068E-4
4205 2.98558262152068E-4
4210 2.98558262152068E-4
4233 2.98558262152068E-4
4308 2.98558262152068E-4
4311 2.98558262152068E-4
4316 2.98558262152068E-4
4358 2.98558262152068E-4
4359 2.98558262152068E-4
4508 2.98558262152068E-4
4550 2.98558262152068E-4
4633 2.98558262152068E-4
4656 2.98558262152068E-4
471 2.98558262152068E-4
4792 2.98558262152068E-4
4858 2.98558262152068E-4
4904 2.98558262152068E-4
4938 2.98558262152068E-4
503618 2.98558262152068E-4
50840 2.98558262152068E-4
50848 2.98558262152068E-4
5100 2.98558262152068E-4
51365 2.98558262152068E-4
51704 2.98558262152068E-4
51807 2.98558262152068E-4
5243 2.98558262152068E-4
5251 2.98558262152068E-4
5286 2.98558262152068E-4
5292 2.98558262152068E-4
5300 2.98558262152068E-4
5325 2.98558262152068E-4
5335 2.98558262152068E-4
5341 2.98558262152068E-4
5406 2.98558262152068E-4
5413 2.98558262152068E-4
54386 2.98558262152068E-4
544637 2.98558262152068E-4
54751 2.98558262152068E-4
5478 2.98558262152068E-4
54815 2.98558262152068E-4
5498 2.98558262152068E-4
5504 2.98558262152068E-4
55090 2.98558262152068E-4
55143 2.98558262152068E-4
5524 2.98558262152068E-4
55278 2.98558262152068E-4
55289 2.98558262152068E-4
55349 2.98558262152068E-4
55600 2.98558262152068E-4
55733 2.98558262152068E-4
55757 2.98558262152068E-4
55894 2.98558262152068E-4
5595 2.98558262152068E-4
5611 2.98558262152068E-4
5621 2.98558262152068E-4
5669 2.98558262152068E-4
56853 2.98558262152068E-4
57061 2.98558262152068E-4
5710 2.98558262152068E-4
57104 2.98558262152068E-4
57120 2.98558262152068E-4
57126 2.98558262152068E-4
57194 2.98558262152068E-4
57602 2.98558262152068E-4
5780 2.98558262152068E-4
5799 2.98558262152068E-4
581 2.98558262152068E-4
586 2.98558262152068E-4
5905 2.98558262152068E-4
59286 2.98558262152068E-4
6043 2.98558262152068E-4
60468 2.98558262152068E-4
60498 2.98558262152068E-4
6095 2.98558262152068E-4
6185 2.98558262152068E-4
6197 2.98558262152068E-4
6241 2.98558262152068E-4
6280 2.98558262152068E-4
6307 2.98558262152068E-4
633 2.98558262152068E-4
63976 2.98558262152068E-4
640 2.98558262152068E-4
6424 2.98558262152068E-4
64241 2.98558262152068E-4
6425 2.98558262152068E-4
6426 2.98558262152068E-4
6441 2.98558262152068E-4
645345 2.98558262152068E-4
64714 2.98558262152068E-4
650 2.98558262152068E-4
6504 2.98558262152068E-4
65057 2.98558262152068E-4
652 2.98558262152068E-4
653590 2.98558262152068E-4
655 2.98558262152068E-4
6646 2.98558262152068E-4
6652 2.98558262152068E-4
6653 2.98558262152068E-4
6667 2.98558262152068E-4
6697 2.98558262152068E-4
671 2.98558262152068E-4
6716 2.98558262152068E-4
6741 2.98558262152068E-4
6860 2.98558262152068E-4
6869 2.98558262152068E-4
6870 2.98558262152068E-4
6939 2.98558262152068E-4
7011 2.98558262152068E-4
7012 2.98558262152068E-4
7014 2.98558262152068E-4
7015 2.98558262152068E-4
7045 2.98558262152068E-4
7055 2.98558262152068E-4
7077 2.98558262152068E-4
7092 2.98558262152068E-4
7100 2.98558262152068E-4
717 2.98558262152068E-4
7173 2.98558262152068E-4
7248 2.98558262152068E-4
7275 2.98558262152068E-4
728226 2.98558262152068E-4
728441 2.98558262152068E-4
7294 2.98558262152068E-4
729838 2.98558262152068E-4
7357 2.98558262152068E-4
7366 2.98558262152068E-4
7369 2.98558262152068E-4
7425 2.98558262152068E-4
7490 2.98558262152068E-4
7494 2.98558262152068E-4
7495 2.98558262152068E-4
775 2.98558262152068E-4
784 2.98558262152068E-4
79053 2.98558262152068E-4
79660 2.98558262152068E-4
79751 2.98558262152068E-4
799 2.98558262152068E-4
79947 2.98558262152068E-4
80351 2.98558262152068E-4
80714 2.98558262152068E-4
80761 2.98558262152068E-4
80834 2.98558262152068E-4
8131 2.98558262152068E-4
81470 2.98558262152068E-4
81502 2.98558262152068E-4
81532 2.98558262152068E-4
81788 2.98558262152068E-4
818 2.98558262152068E-4
81857 2.98558262152068E-4
8187 2.98558262152068E-4
8239 2.98558262152068E-4
8315 2.98558262152068E-4
83756 2.98558262152068E-4
83943 2.98558262152068E-4
8399 2.98558262152068E-4
84159 2.98558262152068E-4
84260 2.98558262152068E-4
84327 2.98558262152068E-4
8436 2.98558262152068E-4
84456 2.98558262152068E-4
8471 2.98558262152068E-4
84804 2.98558262152068E-4
84959 2.98558262152068E-4
8526 2.98558262152068E-4
8527 2.98558262152068E-4
8548 2.98558262152068E-4
858 2.98558262152068E-4
8600 2.98558262152068E-4
861 2.98558262152068E-4
8651 2.98558262152068E-4
8658 2.98558262152068E-4
8674 2.98558262152068E-4
8678 2.98558262152068E-4
874 2.98558262152068E-4
8795 2.98558262152068E-4
8851 2.98558262152068E-4
8876 2.98558262152068E-4
8877 2.98558262152068E-4
9056 2.98558262152068E-4
9099 2.98558262152068E-4
91683 2.98558262152068E-4
92737 2.98558262152068E-4
9290 2.98558262152068E-4
93 2.98558262152068E-4
9332 2.98558262152068E-4
93986 2.98558262152068E-4
9429 2.98558262152068E-4
9437 2.98558262152068E-4
9448 2.98558262152068E-4
945 2.98558262152068E-4
9515 2.98558262152068E-4
9518 2.98558262152068E-4
953 2.98558262152068E-4
9573 2.98558262152068E-4
9580 2.98558262152068E-4
9821 2.98558262152068E-4
9945 2.98558262152068E-4
9970 2.98558262152068E-4
