6834 0.722782194830277
1355 0.602817132748993
4723 0.600895674786456
4728 0.600895674786456
6389 0.600298558262152
4724 0.404608482321905
4540 0.311771231208351
4537 0.309944189557738
4508 0.308321289857354
374291 0.306529940284441
5428 0.300895674786456
1738 0.300895674786456
51204 0.300597116524304
137682 0.300298558262152
4695 0.300298558262152
91942 0.300298558262152
4722 0.300298558262152
617 0.300298558262152
79133 0.300298558262152
55572 0.3
6648 0.1
9377 0.00597116524304135
1351 0.00597116524304135
1371 0.00597116524304135
10128 0.00490704058405699
4536 0.00311569101114458
4719 0.00311569101114458
4694 0.00281713274899252
6427 0.00251857448684045
522 0.00251857448684045
4541 0.00208990783506447
514 0.00179134957291241
4538 0.00149279131076034
4566 0.00119423304860827
4720 0.00119423304860827
9997 0.00119423304860827
54704 8.95674786456203E-4
7296 8.95674786456203E-4
8630 8.95674786456203E-4
4885 8.95674786456203E-4
4514 5.97116524304135E-4
5742 5.97116524304135E-4
8050 5.97116524304135E-4
291 5.97116524304135E-4
4763 5.97116524304135E-4
4512 5.97116524304135E-4
113675 2.98558262152068E-4
1437 2.98558262152068E-4
1352 2.98558262152068E-4
123263 2.98558262152068E-4
6992 2.98558262152068E-4
7035 2.98558262152068E-4
7086 2.98558262152068E-4
7448 2.98558262152068E-4
10157 2.98558262152068E-4
92399 2.98558262152068E-4
1041 2.98558262152068E-4
10993 2.98558262152068E-4
8988 2.98558262152068E-4
80704 2.98558262152068E-4
85476 2.98558262152068E-4
6390 2.98558262152068E-4
1757 2.98558262152068E-4
23250 2.98558262152068E-4
4578 2.98558262152068E-4
4565 2.98558262152068E-4
4550 2.98558262152068E-4
4705 2.98558262152068E-4
4729 2.98558262152068E-4
3918 2.98558262152068E-4
5160 2.98558262152068E-4
5162 2.98558262152068E-4
27235 2.98558262152068E-4
5226 2.98558262152068E-4
27161 2.98558262152068E-4
26227 2.98558262152068E-4
55967 2.98558262152068E-4
57107 2.98558262152068E-4
57152 2.98558262152068E-4
55256 2.98558262152068E-4
57498 2.98558262152068E-4
4698 2.98558262152068E-4
