3717 0.637569401927441
1050 0.510136205871667
4297 0.509991175083911
2322 0.5
4869 0.480957524379433
861 0.412234223465122
862 0.372592872434202
7490 0.36496537789003
3815 0.364605445988451
4928 0.335842075399159
1437 0.330284492866983
4629 0.329855826215207
6281 0.324183219234317
1440 0.320899078350645
945 0.319536395429508
2120 0.318472270770524
865 0.31731637920482
1436 0.315785246411155
2078 0.312370997137859
355 0.312141173625903
79870 0.310579647564946
4763 0.308655540197206
4330 0.30819118146773
8301 0.306828498546593
11168 0.305932823760137
6774 0.305802715370513
8028 0.305374048718737
302 0.305075490456585
1269 0.305037148973681
64324 0.304907040584057
8743 0.304478373932281
8021 0.304011365797601
2624 0.303881257407977
10801 0.303414249273297
1612 0.303414249273297
3082 0.303414249273297
4291 0.303284140883673
928 0.303284140883673
2308 0.302817132748993
864 0.302687024359369
1052 0.30251857448684
6455 0.301791349572912
1495 0.30149279131076
7249 0.301194233048608
10125 0.300895674786456
1471 0.300597116524304
1978 0.300597116524304
2672 0.300597116524304
3315 0.300597116524304
51510 0.300597116524304
5457 0.300597116524304
54904 0.300597116524304
1021 0.300298558262152
11040 0.300298558262152
23365 0.300298558262152
26511 0.300298558262152
308 0.300298558262152
309 0.300298558262152
3398 0.300298558262152
4026 0.300298558262152
4066 0.300298558262152
4233 0.300298558262152
5997 0.300298558262152
6678 0.300298558262152
7200 0.300298558262152
10437 0.3
10634 0.3
113 0.3
11326 0.3
1512 0.3
1522 0.3
1902 0.3
2026 0.3
2274 0.3
2969 0.3
3005 0.3
3006 0.3
307 0.3
30845 0.3
366 0.3
375790 0.3
4599 0.3
481 0.3
5142 0.3
53826 0.3
60468 0.3
6446 0.3
6840 0.3
6919 0.3
7204 0.3
7280 0.3
7837 0.3
81552 0.3
822 0.3
824 0.3
840 0.3
8623 0.3
8833 0.3
8847 0.3
9145 0.3
9163 0.3
1387 0.106996948419121
1511 0.103115691011145
5926 0.1
80829 0.1
7157 0.0819575172709715
5243 0.0678716281405385
947 0.0657745845801745
2187 0.06
2952 0.0451734773868401
3417 0.045048667807624
2944 0.0439435522605315
1030 0.031907392567367
3418 0.0284291202494394
9429 0.0282453610505298
2122 0.0276892354143338
4893 0.0267321869884506
7422 0.0252037035999899
23158 0.0217947531371009
25 0.0213277450024207
613 0.0205621786055884
3205 0.0205238371226842
10923 0.0203019618263406
4353 0.0202993124211367
10573 0.0197048453020365
118460 0.0197048453020365
29107 0.0197048453020365
54790 0.0197048453020365
8909 0.0197048453020365
924 0.0195363954295083
1728 0.0192325383569485
4363 0.018770829032676
6688 0.01744383818924
171023 0.0173163792048199
4684 0.0160838046733074
1441 0.0159153548007792
5914 0.0156551380215314
5781 0.0150553720920234
1029 0.0148895716246991
4300 0.0141623467107711
7124 0.0136953385760909
4609 0.0133967803139388
1788 0.0133023640020153
1236 0.013136563534691
8714 0.0129654642569589
11261 0.0128380052725389
23451 0.0128380052725389
3569 0.0125011055274826
7994 0.0122025472653305
5048 0.0119423304860827
7531 0.0119423304860827
2068 0.0118069232860511
3757 0.0117738806135545
930 0.0117738806135545
6776 0.0117355391306503
11258 0.0116437722239306
11331 0.0116437722239306
1778 0.0116437722239306
3265 0.0116054307410264
290 0.0114753223514025
596 0.0108398643441941
3562 0.0107480974374744
23532 0.0107097559545702
7913 0.0104111976924181
4193 0.0101840235856668
978 0.00988546532351474
923 0.00985242265101823
2317 0.00955386438886617
6343 0.00955386438886617
9961 0.00951552290596191
5888 0.00928834879921061
5371 0.0092553061267141
207 0.00921696464380984
4292 0.00878564858683
3620 0.00874995650912962
2950 0.00869123227490647
10153 0.00865818960240996
10278 0.00865818960240996
6520 0.00865818960240996
3845 0.00865554019720609
867 0.00861984811950571
8851 0.00835963134025789
2052 0.00809411575060234
10728 0.00806107307810583
10972 0.00806107307810583
6237 0.00806107307810583
65108 0.00806107307810583
7178 0.00806107307810583
79971 0.00806107307810583
7517 0.00805842367290195
4914 0.00792831528327805
2623 0.00789262320557767
2067 0.00779555748845027
4211 0.00772417333304951
952 0.00746395655380169
4524 0.00742561507089744
2073 0.00719844096414613
1378 0.00716539829164962
5290 0.00716539829164962
7294 0.00716539829164962
1633 0.00699694841912146
3791 0.00699694841912146
5291 0.00686684002949756
5293 0.00686684002949756
5294 0.00686684002949756
617 0.00686684002949756
4851 0.0068284985465933
6387 0.0068284985465933
6717 0.0068284985465933
3553 0.0066983901569694
84106 0.0066983901569694
7015 0.00643552397251771
2896 0.00639983189481733
7852 0.00639983189481733
3952 0.00623138202228917
2526 0.00610127363266526
3563 0.00610127363266526
4254 0.00597116524304135
23236 0.0059328237601371
356 0.00583840744821357
331 0.00580271537051319
4790 0.00580271537051319
960 0.00580271537051319
100310785 0.00567260698088929
4194 0.00567260698088929
4437 0.00567260698088929
914 0.00567260698088929
21 0.00563426549798503
3201 0.00563426549798503
1045 0.00550415710836112
3206 0.00550415710836112
942 0.00550415710836112
133482 0.00537404871873722
3126 0.00537404871873722
373156 0.00537404871873722
4311 0.00537404871873722
3002 0.00533570723583296
10499 0.00520559884620906
1543 0.00520559884620906
2669 0.00507549045658515
3918 0.00507549045658515
4331 0.00507549045658515
4695 0.00507549045658515
51251 0.00507549045658515
56655 0.00507549045658515
57804 0.00507549045658515
9138 0.00507549045658515
929 0.00507549045658515
283 0.0050371489736809
8178 0.00490704058405699
863 0.00490704058405699
3342 0.00477693219443308
3811 0.00477693219443308
920 0.00477693219443308
902 0.0046441743996053
1958 0.00460848232190492
57167 0.00460848232190492
7161 0.00460848232190492
51010 0.00447837393228102
10 0.00434561613745324
7153 0.00434561613745324
780 0.00434561613745324
8856 0.00434561613745324
6418 0.00430992405975285
152503 0.00417981567012895
1822 0.00417981567012895
3558 0.00417981567012895
6777 0.00417981567012895
925 0.00417981567012895
3716 0.00404705787530117
5921 0.00404705787530117
6654 0.00404705787530117
7012 0.00404705787530117
1630 0.00401136579760079
4301 0.00401136579760079
4318 0.00401136579760079
5925 0.00401136579760079
63976 0.00401136579760079
10682 0.00388125740797688
2720 0.00388125740797688
2768 0.00388125740797688
7066 0.00388125740797688
83886 0.00388125740797688
941 0.00388125740797688
1577 0.0037484996131491
6819 0.0037484996131491
7507 0.0037484996131491
7508 0.0037484996131491
2099 0.00371280753544872
2247 0.00371280753544872
3135 0.00371280753544872
3320 0.00371280753544872
3576 0.00371280753544872
4299 0.00371280753544872
648 0.00371280753544872
7515 0.00371280753544872
8013 0.00371280753544872
8795 0.00371280753544872
8829 0.00371280753544872
2523 0.00358269914582481
3921 0.00358269914582481
4035 0.00358269914582481
5786 0.00358269914582481
8900 0.00358269914582481
332 0.00344994135099703
7297 0.00344994135099703
9 0.00344994135099703
9154 0.00344994135099703
1027 0.00341424927329665
2175 0.00341424927329665
22914 0.00341424927329665
2335 0.00341424927329665
3479 0.00341424927329665
3485 0.00341424927329665
4069 0.00341424927329665
4255 0.00341424927329665
4302 0.00341424927329665
4313 0.00341424927329665
5599 0.00341424927329665
5894 0.00341424927329665
5972 0.00341424927329665
6402 0.00341424927329665
7424 0.00341424927329665
80312 0.00341424927329665
8797 0.00341424927329665
8837 0.00341424927329665
1385 0.00328414088367274
2033 0.00328414088367274
2241 0.00328414088367274
3239 0.00328414088367274
9734 0.00328414088367274
10320 0.00311569101114458
1118 0.00311569101114458
1950 0.00311569101114458
3164 0.00311569101114458
3480 0.00311569101114458
3953 0.00311569101114458
4005 0.00311569101114458
472 0.00311569101114458
6598 0.00311569101114458
7040 0.00311569101114458
3552 0.00298558262152068
4597 0.00298558262152068
5062 0.00298558262152068
5917 0.00298558262152068
6903 0.00298558262152068
7248 0.00298558262152068
7704 0.00298558262152068
10225 0.00281713274899252
10232 0.00281713274899252
127933 0.00281713274899252
160364 0.00281713274899252
160728 0.00281713274899252
1636 0.00281713274899252
23308 0.00281713274899252
3087 0.00281713274899252
317 0.00281713274899252
3934 0.00281713274899252
5156 0.00281713274899252
5196 0.00281713274899252
5329 0.00281713274899252
55512 0.00281713274899252
5578 0.00281713274899252
5657 0.00281713274899252
598 0.00281713274899252
6347 0.00281713274899252
64919 0.00281713274899252
672 0.00281713274899252
80010 0.00281713274899252
80781 0.00281713274899252
81608 0.00281713274899252
8326 0.00281713274899252
84959 0.00281713274899252
8517 0.00281713274899252
857 0.00281713274899252
8793 0.00281713274899252
8794 0.00281713274899252
13 0.00268702435936861
199699 0.00268702435936861
2006 0.00268702435936861
2146 0.00268702435936861
2272 0.00268702435936861
2353 0.00268702435936861
2475 0.00268702435936861
2521 0.00268702435936861
3659 0.00268702435936861
4352 0.00268702435936861
4547 0.00268702435936861
5079 0.00268702435936861
5669 0.00268702435936861
6468 0.00268702435936861
65211 0.00268702435936861
6667 0.00268702435936861
1053 0.00251857448684045
11197 0.00251857448684045
1160 0.00251857448684045
1178 0.00251857448684045
139285 0.00251857448684045
1544 0.00251857448684045
1849 0.00251857448684045
2177 0.00251857448684045
2249 0.00251857448684045
23085 0.00251857448684045
2348 0.00251857448684045
285 0.00251857448684045
3209 0.00251857448684045
3237 0.00251857448684045
406907 0.00251857448684045
4856 0.00251857448684045
51744 0.00251857448684045
5321 0.00251857448684045
567 0.00251857448684045
6361 0.00251857448684045
6367 0.00251857448684045
6401 0.00251857448684045
6497 0.00251857448684045
6502 0.00251857448684045
699 0.00251857448684045
819 0.00251857448684045
820 0.00251857448684045
8322 0.00251857448684045
868 0.00251857448684045
8741 0.00251857448684045
8805 0.00251857448684045
8864 0.00251857448684045
9332 0.00251857448684045
9370 0.00251857448684045
973 0.00251857448684045
9846 0.00251857448684045
1026 0.00238846609721654
1435 0.00238846609721654
2260 0.00238846609721654
2539 0.00238846609721654
27306 0.00238846609721654
283871 0.00238846609721654
3110 0.00238846609721654
3161 0.00238846609721654
3567 0.00238846609721654
54858 0.00238846609721654
5788 0.00238846609721654
7301 0.00238846609721654
796 0.00238846609721654
1977 0.00208990783506447
2125 0.00208990783506447
23157 0.00208990783506447
2321 0.00208990783506447
3123 0.00208990783506447
3268 0.00208990783506447
3383 0.00208990783506447
3586 0.00208990783506447
4342 0.00208990783506447
5277 0.00208990783506447
53827 0.00208990783506447
5594 0.00208990783506447
595 0.00208990783506447
6576 0.00208990783506447
6646 0.00208990783506447
729857 0.00208990783506447
8651 0.00208990783506447
958 0.00208990783506447
963 0.00208990783506447
100302736 0.00179134957291241
10534 0.00179134957291241
10671 0.00179134957291241
10752 0.00179134957291241
2048 0.00179134957291241
2354 0.00179134957291241
27352 0.00179134957291241
3105 0.00179134957291241
3429 0.00179134957291241
3439 0.00179134957291241
3447 0.00179134957291241
353376 0.00179134957291241
3559 0.00179134957291241
3565 0.00179134957291241
368 0.00179134957291241
3725 0.00179134957291241
4170 0.00179134957291241
4295 0.00179134957291241
4602 0.00179134957291241
51014 0.00179134957291241
55824 0.00179134957291241
57045 0.00179134957291241
57060 0.00179134957291241
5715 0.00179134957291241
5956 0.00179134957291241
7974 0.00179134957291241
83478 0.00179134957291241
860 0.00179134957291241
8788 0.00179134957291241
8842 0.00179134957291241
10959 0.00149279131076034
11076 0.00149279131076034
140767 0.00149279131076034
1429 0.00149279131076034
1464 0.00149279131076034
1571 0.00149279131076034
2209 0.00149279131076034
23092 0.00149279131076034
23522 0.00149279131076034
26040 0.00149279131076034
3077 0.00149279131076034
3133 0.00149279131076034
3162 0.00149279131076034
3606 0.00149279131076034
3635 0.00149279131076034
4350 0.00149279131076034
4907 0.00149279131076034
55 0.00149279131076034
5979 0.00149279131076034
611 0.00149279131076034
6790 0.00149279131076034
801 0.00149279131076034
805 0.00149279131076034
808 0.00149279131076034
811 0.00149279131076034
834 0.00149279131076034
89782 0.00149279131076034
8996 0.00149279131076034
9892 0.00149279131076034
100130958 0.00119423304860827
100532731 0.00119423304860827
1022 0.00119423304860827
1038 0.00119423304860827
10383 0.00119423304860827
10962 0.00119423304860827
1109 0.00119423304860827
112476 0.00119423304860827
1244 0.00119423304860827
129831 0.00119423304860827
1523 0.00119423304860827
1662 0.00119423304860827
1786 0.00119423304860827
1869 0.00119423304860827
1991 0.00119423304860827
2114 0.00119423304860827
2152 0.00119423304860827
2194 0.00119423304860827
2246 0.00119423304860827
2296 0.00119423304860827
22978 0.00119423304860827
2678 0.00119423304860827
28514 0.00119423304860827
2967 0.00119423304860827
3059 0.00119423304860827
3090 0.00119423304860827
3313 0.00119423304860827
340152 0.00119423304860827
3458 0.00119423304860827
351 0.00119423304860827
3557 0.00119423304860827
3689 0.00119423304860827
3726 0.00119423304860827
3727 0.00119423304860827
3930 0.00119423304860827
4055 0.00119423304860827
407008 0.00119423304860827
4298 0.00119423304860827
4434 0.00119423304860827
4477 0.00119423304860827
4485 0.00119423304860827
4580 0.00119423304860827
4760 0.00119423304860827
4830 0.00119423304860827
5034 0.00119423304860827
50818 0.00119423304860827
5132 0.00119423304860827
55120 0.00119423304860827
5524 0.00119423304860827
55379 0.00119423304860827
5595 0.00119423304860827
57148 0.00119423304860827
5728 0.00119423304860827
57626 0.00119423304860827
6048 0.00119423304860827
6427 0.00119423304860827
649 0.00119423304860827
708 0.00119423304860827
7132 0.00119423304860827
7155 0.00119423304860827
7172 0.00119423304860827
79719 0.00119423304860827
84000 0.00119423304860827
8506 0.00119423304860827
8824 0.00119423304860827
8874 0.00119423304860827
983 0.00119423304860827
100528032 8.95674786456203E-4
1046 8.95674786456203E-4
10549 8.95674786456203E-4
10724 8.95674786456203E-4
10966 8.95674786456203E-4
10992 8.95674786456203E-4
1161 8.95674786456203E-4
118429 8.95674786456203E-4
1380 8.95674786456203E-4
142 8.95674786456203E-4
1442 8.95674786456203E-4
1443 8.95674786456203E-4
1493 8.95674786456203E-4
1789 8.95674786456203E-4
1791 8.95674786456203E-4
1956 8.95674786456203E-4
201161 8.95674786456203E-4
2030 8.95674786456203E-4
2176 8.95674786456203E-4
2185 8.95674786456203E-4
2201 8.95674786456203E-4
2264 8.95674786456203E-4
23476 8.95674786456203E-4
244 8.95674786456203E-4
2597 8.95674786456203E-4
27 8.95674786456203E-4
27036 8.95674786456203E-4
28951 8.95674786456203E-4
29126 8.95674786456203E-4
3091 8.95674786456203E-4
3142 8.95674786456203E-4
3197 8.95674786456203E-4
3204 8.95674786456203E-4
3229 8.95674786456203E-4
3251 8.95674786456203E-4
3394 8.95674786456203E-4
3425 8.95674786456203E-4
3560 8.95674786456203E-4
3622 8.95674786456203E-4
3660 8.95674786456203E-4
3669 8.95674786456203E-4
3718 8.95674786456203E-4
4050 8.95674786456203E-4
405 8.95674786456203E-4
410 8.95674786456203E-4
4210 8.95674786456203E-4
4360 8.95674786456203E-4
4493 8.95674786456203E-4
4827 8.95674786456203E-4
4916 8.95674786456203E-4
51008 8.95674786456203E-4
5326 8.95674786456203E-4
5347 8.95674786456203E-4
5406 8.95674786456203E-4
54474 8.95674786456203E-4
5452 8.95674786456203E-4
5468 8.95674786456203E-4
55729 8.95674786456203E-4
5592 8.95674786456203E-4
56259 8.95674786456203E-4
56983 8.95674786456203E-4
5743 8.95674786456203E-4
57541 8.95674786456203E-4
57650 8.95674786456203E-4
5777 8.95674786456203E-4
581 8.95674786456203E-4
64127 8.95674786456203E-4
653145 8.95674786456203E-4
6582 8.95674786456203E-4
6687 8.95674786456203E-4
6714 8.95674786456203E-4
6772 8.95674786456203E-4
6886 8.95674786456203E-4
6929 8.95674786456203E-4
7036 8.95674786456203E-4
7037 8.95674786456203E-4
7133 8.95674786456203E-4
7150 8.95674786456203E-4
728113 8.95674786456203E-4
728378 8.95674786456203E-4
7936 8.95674786456203E-4
79612 8.95674786456203E-4
80150 8.95674786456203E-4
81539 8.95674786456203E-4
836 8.95674786456203E-4
84295 8.95674786456203E-4
84798 8.95674786456203E-4
8570 8.95674786456203E-4
894 8.95674786456203E-4
9212 8.95674786456203E-4
9308 8.95674786456203E-4
931 8.95674786456203E-4
948 8.95674786456203E-4
9590 8.95674786456203E-4
965 8.95674786456203E-4
9699 8.95674786456203E-4
10006 5.97116524304135E-4
10017 5.97116524304135E-4
10057 5.97116524304135E-4
10058 5.97116524304135E-4
1012 5.97116524304135E-4
1017 5.97116524304135E-4
10206 5.97116524304135E-4
10219 5.97116524304135E-4
10221 5.97116524304135E-4
10263 5.97116524304135E-4
1032 5.97116524304135E-4
10397 5.97116524304135E-4
10461 5.97116524304135E-4
10519 5.97116524304135E-4
10524 5.97116524304135E-4
10529 5.97116524304135E-4
1056 5.97116524304135E-4
10628 5.97116524304135E-4
10661 5.97116524304135E-4
1068 5.97116524304135E-4
10763 5.97116524304135E-4
10855 5.97116524304135E-4
10998 5.97116524304135E-4
11102 5.97116524304135E-4
11117 5.97116524304135E-4
11200 5.97116524304135E-4
11232 5.97116524304135E-4
112744 5.97116524304135E-4
114609 5.97116524304135E-4
115727 5.97116524304135E-4
124540 5.97116524304135E-4
124912 5.97116524304135E-4
127700 5.97116524304135E-4
131096 5.97116524304135E-4
1351 5.97116524304135E-4
1381 5.97116524304135E-4
1432 5.97116524304135E-4
145270 5.97116524304135E-4
1525 5.97116524304135E-4
1555 5.97116524304135E-4
1565 5.97116524304135E-4
1576 5.97116524304135E-4
1666 5.97116524304135E-4
1667 5.97116524304135E-4
1757 5.97116524304135E-4
1767 5.97116524304135E-4
182 5.97116524304135E-4
2000 5.97116524304135E-4
2002 5.97116524304135E-4
2046 5.97116524304135E-4
2056 5.97116524304135E-4
2119 5.97116524304135E-4
2158 5.97116524304135E-4
2189 5.97116524304135E-4
22858 5.97116524304135E-4
22943 5.97116524304135E-4
2313 5.97116524304135E-4
23205 5.97116524304135E-4
23209 5.97116524304135E-4
23411 5.97116524304135E-4
23415 5.97116524304135E-4
23420 5.97116524304135E-4
23468 5.97116524304135E-4
23512 5.97116524304135E-4
23635 5.97116524304135E-4
23705 5.97116524304135E-4
239 5.97116524304135E-4
24 5.97116524304135E-4
259197 5.97116524304135E-4
26013 5.97116524304135E-4
26821 5.97116524304135E-4
27019 5.97116524304135E-4
2703 5.97116524304135E-4
28 5.97116524304135E-4
2821 5.97116524304135E-4
2837 5.97116524304135E-4
284 5.97116524304135E-4
28495 5.97116524304135E-4
28956 5.97116524304135E-4
292 5.97116524304135E-4
2923 5.97116524304135E-4
301 5.97116524304135E-4
3065 5.97116524304135E-4
3078 5.97116524304135E-4
3106 5.97116524304135E-4
3107 5.97116524304135E-4
3202 5.97116524304135E-4
3210 5.97116524304135E-4
3214 5.97116524304135E-4
3220 5.97116524304135E-4
3240 5.97116524304135E-4
3397 5.97116524304135E-4
347376 5.97116524304135E-4
3481 5.97116524304135E-4
3490 5.97116524304135E-4
3492 5.97116524304135E-4
352909 5.97116524304135E-4
3561 5.97116524304135E-4
3630 5.97116524304135E-4
3802 5.97116524304135E-4
3806 5.97116524304135E-4
3855 5.97116524304135E-4
388324 5.97116524304135E-4
3976 5.97116524304135E-4
4067 5.97116524304135E-4
406934 5.97116524304135E-4
407 5.97116524304135E-4
407006 5.97116524304135E-4
407021 5.97116524304135E-4
407040 5.97116524304135E-4
4118 5.97116524304135E-4
4146 5.97116524304135E-4
4261 5.97116524304135E-4
4354 5.97116524304135E-4
4507 5.97116524304135E-4
4582 5.97116524304135E-4
4683 5.97116524304135E-4
4709 5.97116524304135E-4
473 5.97116524304135E-4
4735 5.97116524304135E-4
474221 5.97116524304135E-4
4791 5.97116524304135E-4
4801 5.97116524304135E-4
4831 5.97116524304135E-4
5001 5.97116524304135E-4
5037 5.97116524304135E-4
5087 5.97116524304135E-4
5088 5.97116524304135E-4
5089 5.97116524304135E-4
5090 5.97116524304135E-4
5092 5.97116524304135E-4
50943 5.97116524304135E-4
51053 5.97116524304135E-4
5111 5.97116524304135E-4
51119 5.97116524304135E-4
51150 5.97116524304135E-4
5130 5.97116524304135E-4
51352 5.97116524304135E-4
51540 5.97116524304135E-4
51561 5.97116524304135E-4
5159 5.97116524304135E-4
5163 5.97116524304135E-4
51639 5.97116524304135E-4
5170 5.97116524304135E-4
51776 5.97116524304135E-4
52 5.97116524304135E-4
5241 5.97116524304135E-4
5292 5.97116524304135E-4
5324 5.97116524304135E-4
5328 5.97116524304135E-4
5332 5.97116524304135E-4
5335 5.97116524304135E-4
537 5.97116524304135E-4
54106 5.97116524304135E-4
54187 5.97116524304135E-4
5443 5.97116524304135E-4
5444 5.97116524304135E-4
5450 5.97116524304135E-4
5469 5.97116524304135E-4
54741 5.97116524304135E-4
54880 5.97116524304135E-4
55278 5.97116524304135E-4
55510 5.97116524304135E-4
5552 5.97116524304135E-4
55655 5.97116524304135E-4
5573 5.97116524304135E-4
55745 5.97116524304135E-4
558 5.97116524304135E-4
55840 5.97116524304135E-4
56162 5.97116524304135E-4
56477 5.97116524304135E-4
57126 5.97116524304135E-4
5718 5.97116524304135E-4
5747 5.97116524304135E-4
5754 5.97116524304135E-4
57591 5.97116524304135E-4
58190 5.97116524304135E-4
5909 5.97116524304135E-4
5916 5.97116524304135E-4
59342 5.97116524304135E-4
5967 5.97116524304135E-4
6023 5.97116524304135E-4
6184 5.97116524304135E-4
6239 5.97116524304135E-4
6275 5.97116524304135E-4
6277 5.97116524304135E-4
6280 5.97116524304135E-4
6283 5.97116524304135E-4
6298 5.97116524304135E-4
6302 5.97116524304135E-4
63035 5.97116524304135E-4
6382 5.97116524304135E-4
6422 5.97116524304135E-4
6423 5.97116524304135E-4
6425 5.97116524304135E-4
645 5.97116524304135E-4
65059 5.97116524304135E-4
653108 5.97116524304135E-4
654364 5.97116524304135E-4
6624 5.97116524304135E-4
6659 5.97116524304135E-4
6696 5.97116524304135E-4
6786 5.97116524304135E-4
6847 5.97116524304135E-4
6850 5.97116524304135E-4
688 5.97116524304135E-4
6885 5.97116524304135E-4
695 5.97116524304135E-4
7001 5.97116524304135E-4
7013 5.97116524304135E-4
7050 5.97116524304135E-4
7070 5.97116524304135E-4
7077 5.97116524304135E-4
7083 5.97116524304135E-4
7088 5.97116524304135E-4
7126 5.97116524304135E-4
7169 5.97116524304135E-4
7175 5.97116524304135E-4
7186 5.97116524304135E-4
7189 5.97116524304135E-4
7251 5.97116524304135E-4
728358 5.97116524304135E-4
7298 5.97116524304135E-4
7357 5.97116524304135E-4
7389 5.97116524304135E-4
7431 5.97116524304135E-4
7462 5.97116524304135E-4
7514 5.97116524304135E-4
7528 5.97116524304135E-4
7799 5.97116524304135E-4
79142 5.97116524304135E-4
8066 5.97116524304135E-4
8170 5.97116524304135E-4
8205 5.97116524304135E-4
83666 5.97116524304135E-4
841 5.97116524304135E-4
84132 5.97116524304135E-4
846 5.97116524304135E-4
8503 5.97116524304135E-4
8560 5.97116524304135E-4
8626 5.97116524304135E-4
875 5.97116524304135E-4
891 5.97116524304135E-4
896 5.97116524304135E-4
9021 5.97116524304135E-4
909 5.97116524304135E-4
9134 5.97116524304135E-4
9139 5.97116524304135E-4
921 5.97116524304135E-4
92170 5.97116524304135E-4
9314 5.97116524304135E-4
933 5.97116524304135E-4
9361 5.97116524304135E-4
9436 5.97116524304135E-4
9437 5.97116524304135E-4
944 5.97116524304135E-4
9466 5.97116524304135E-4
9582 5.97116524304135E-4
959 5.97116524304135E-4
961 5.97116524304135E-4
9970 5.97116524304135E-4
100 2.98558262152068E-4
100126299 2.98558262152068E-4
10018 2.98558262152068E-4
100329167 2.98558262152068E-4
100526842 2.98558262152068E-4
100529119 2.98558262152068E-4
10062 2.98558262152068E-4
100653366 2.98558262152068E-4
100859927 2.98558262152068E-4
101060521 2.98558262152068E-4
10128 2.98558262152068E-4
10148 2.98558262152068E-4
1019 2.98558262152068E-4
10194 2.98558262152068E-4
10215 2.98558262152068E-4
10216 2.98558262152068E-4
10217 2.98558262152068E-4
10361 2.98558262152068E-4
10389 2.98558262152068E-4
1044 2.98558262152068E-4
10457 2.98558262152068E-4
1054 2.98558262152068E-4
10562 2.98558262152068E-4
10563 2.98558262152068E-4
10598 2.98558262152068E-4
10611 2.98558262152068E-4
10614 2.98558262152068E-4
10769 2.98558262152068E-4
10771 2.98558262152068E-4
10874 2.98558262152068E-4
11009 2.98558262152068E-4
1111 2.98558262152068E-4
1113 2.98558262152068E-4
1114 2.98558262152068E-4
11156 2.98558262152068E-4
11188 2.98558262152068E-4
1119 2.98558262152068E-4
11214 2.98558262152068E-4
1125 2.98558262152068E-4
11266 2.98558262152068E-4
11267 2.98558262152068E-4
114769 2.98558262152068E-4
116535 2.98558262152068E-4
118471 2.98558262152068E-4
1211 2.98558262152068E-4
121256 2.98558262152068E-4
122953 2.98558262152068E-4
129521 2.98558262152068E-4
1302 2.98558262152068E-4
133 2.98558262152068E-4
133396 2.98558262152068E-4
1371 2.98558262152068E-4
1390 2.98558262152068E-4
1398 2.98558262152068E-4
140885 2.98558262152068E-4
144455 2.98558262152068E-4
1447 2.98558262152068E-4
148266 2.98558262152068E-4
149233 2.98558262152068E-4
1508 2.98558262152068E-4
151056 2.98558262152068E-4
1514 2.98558262152068E-4
158506 2.98558262152068E-4
1588 2.98558262152068E-4
1594 2.98558262152068E-4
1611 2.98558262152068E-4
1616 2.98558262152068E-4
1677 2.98558262152068E-4
1716 2.98558262152068E-4
1748 2.98558262152068E-4
1804 2.98558262152068E-4
181 2.98558262152068E-4
1843 2.98558262152068E-4
1871 2.98558262152068E-4
1874 2.98558262152068E-4
1877 2.98558262152068E-4
1909 2.98558262152068E-4
191 2.98558262152068E-4
1999 2.98558262152068E-4
200424 2.98558262152068E-4
200576 2.98558262152068E-4
2011 2.98558262152068E-4
2021 2.98558262152068E-4
2035 2.98558262152068E-4
2051 2.98558262152068E-4
2108 2.98558262152068E-4
216 2.98558262152068E-4
2214 2.98558262152068E-4
2215 2.98558262152068E-4
2248 2.98558262152068E-4
2258 2.98558262152068E-4
2268 2.98558262152068E-4
22862 2.98558262152068E-4
2288 2.98558262152068E-4
22882 2.98558262152068E-4
22894 2.98558262152068E-4
22925 2.98558262152068E-4
23037 2.98558262152068E-4
23038 2.98558262152068E-4
23049 2.98558262152068E-4
2305 2.98558262152068E-4
2314 2.98558262152068E-4
2319 2.98558262152068E-4
23237 2.98558262152068E-4
2324 2.98558262152068E-4
23243 2.98558262152068E-4
23361 2.98558262152068E-4
23430 2.98558262152068E-4
23543 2.98558262152068E-4
23626 2.98558262152068E-4
2494 2.98558262152068E-4
25823 2.98558262152068E-4
25827 2.98558262152068E-4
25897 2.98558262152068E-4
25953 2.98558262152068E-4
26073 2.98558262152068E-4
26119 2.98558262152068E-4
26173 2.98558262152068E-4
2648 2.98558262152068E-4
2668 2.98558262152068E-4
2697 2.98558262152068E-4
27000 2.98558262152068E-4
27113 2.98558262152068E-4
27130 2.98558262152068E-4
27233 2.98558262152068E-4
27250 2.98558262152068E-4
2729 2.98558262152068E-4
2730 2.98558262152068E-4
27342 2.98558262152068E-4
2737 2.98558262152068E-4
2769 2.98558262152068E-4
2776 2.98558262152068E-4
284390 2.98558262152068E-4
2861 2.98558262152068E-4
2882 2.98558262152068E-4
28954 2.98558262152068E-4
28955 2.98558262152068E-4
28996 2.98558262152068E-4
29072 2.98558262152068E-4
2934 2.98558262152068E-4
2956 2.98558262152068E-4
2968 2.98558262152068E-4
3000 2.98558262152068E-4
3014 2.98558262152068E-4
3055 2.98558262152068E-4
3070 2.98558262152068E-4
3101 2.98558262152068E-4
3111 2.98558262152068E-4
3115 2.98558262152068E-4
3119 2.98558262152068E-4
3140 2.98558262152068E-4
3156 2.98558262152068E-4
3172 2.98558262152068E-4
317687 2.98558262152068E-4
3207 2.98558262152068E-4
3212 2.98558262152068E-4
3216 2.98558262152068E-4
3227 2.98558262152068E-4
3280 2.98558262152068E-4
328 2.98558262152068E-4
3297 2.98558262152068E-4
3308 2.98558262152068E-4
3316 2.98558262152068E-4
3400 2.98558262152068E-4
340348 2.98558262152068E-4
3456 2.98558262152068E-4
3476 2.98558262152068E-4
348120 2.98558262152068E-4
348801 2.98558262152068E-4
353 2.98558262152068E-4
3556 2.98558262152068E-4
3570 2.98558262152068E-4
3572 2.98558262152068E-4
3574 2.98558262152068E-4
3596 2.98558262152068E-4
3604 2.98558262152068E-4
3621 2.98558262152068E-4
3627 2.98558262152068E-4
3643 2.98558262152068E-4
3655 2.98558262152068E-4
3662 2.98558262152068E-4
3678 2.98558262152068E-4
3688 2.98558262152068E-4
3702 2.98558262152068E-4
3762 2.98558262152068E-4
387521 2.98558262152068E-4
387522 2.98558262152068E-4
3899 2.98558262152068E-4
3958 2.98558262152068E-4
3987 2.98558262152068E-4
4018 2.98558262152068E-4
4058 2.98558262152068E-4
406892 2.98558262152068E-4
406968 2.98558262152068E-4
406999 2.98558262152068E-4
4072 2.98558262152068E-4
4089 2.98558262152068E-4
4090 2.98558262152068E-4
414062 2.98558262152068E-4
4150 2.98558262152068E-4
4153 2.98558262152068E-4
4208 2.98558262152068E-4
4288 2.98558262152068E-4
4303 2.98558262152068E-4
4324 2.98558262152068E-4
4332 2.98558262152068E-4
4436 2.98558262152068E-4
4486 2.98558262152068E-4
4489 2.98558262152068E-4
4495 2.98558262152068E-4
4538 2.98558262152068E-4
4613 2.98558262152068E-4
4625 2.98558262152068E-4
4628 2.98558262152068E-4
4654 2.98558262152068E-4
4738 2.98558262152068E-4
474256 2.98558262152068E-4
474259 2.98558262152068E-4
4771 2.98558262152068E-4
4826 2.98558262152068E-4
4864 2.98558262152068E-4
4908 2.98558262152068E-4
4937 2.98558262152068E-4
4953 2.98558262152068E-4
4968 2.98558262152068E-4
4986 2.98558262152068E-4
5026 2.98558262152068E-4
50484 2.98558262152068E-4
5071 2.98558262152068E-4
50802 2.98558262152068E-4
51176 2.98558262152068E-4
51278 2.98558262152068E-4
51322 2.98558262152068E-4
51343 2.98558262152068E-4
51428 2.98558262152068E-4
51529 2.98558262152068E-4
51559 2.98558262152068E-4
5168 2.98558262152068E-4
5172 2.98558262152068E-4
5300 2.98558262152068E-4
5308 2.98558262152068E-4
5316 2.98558262152068E-4
5327 2.98558262152068E-4
53335 2.98558262152068E-4
5340 2.98558262152068E-4
5350 2.98558262152068E-4
5396 2.98558262152068E-4
54386 2.98558262152068E-4
54472 2.98558262152068E-4
5449 2.98558262152068E-4
545 2.98558262152068E-4
54541 2.98558262152068E-4
54726 2.98558262152068E-4
5476 2.98558262152068E-4
54840 2.98558262152068E-4
5502 2.98558262152068E-4
5527 2.98558262152068E-4
55363 2.98558262152068E-4
5542 2.98558262152068E-4
5551 2.98558262152068E-4
55536 2.98558262152068E-4
5562 2.98558262152068E-4
5563 2.98558262152068E-4
5564 2.98558262152068E-4
55718 2.98558262152068E-4
55752 2.98558262152068E-4
5580 2.98558262152068E-4
55831 2.98558262152068E-4
55859 2.98558262152068E-4
55904 2.98558262152068E-4
5604 2.98558262152068E-4
56242 2.98558262152068E-4
5682 2.98558262152068E-4
5688 2.98558262152068E-4
56915 2.98558262152068E-4
56934 2.98558262152068E-4
56996 2.98558262152068E-4
57026 2.98558262152068E-4
572 2.98558262152068E-4
573 2.98558262152068E-4
57448 2.98558262152068E-4
57508 2.98558262152068E-4
57534 2.98558262152068E-4
5795 2.98558262152068E-4
5801 2.98558262152068E-4
5813 2.98558262152068E-4
5814 2.98558262152068E-4
5817 2.98558262152068E-4
58475 2.98558262152068E-4
5906 2.98558262152068E-4
5927 2.98558262152068E-4
59286 2.98558262152068E-4
5970 2.98558262152068E-4
6012 2.98558262152068E-4
6015 2.98558262152068E-4
60482 2.98558262152068E-4
60489 2.98558262152068E-4
608 2.98558262152068E-4
6093 2.98558262152068E-4
6139 2.98558262152068E-4
6150 2.98558262152068E-4
6198 2.98558262152068E-4
6227 2.98558262152068E-4
6279 2.98558262152068E-4
6304 2.98558262152068E-4
6310 2.98558262152068E-4
6336 2.98558262152068E-4
6348 2.98558262152068E-4
6349 2.98558262152068E-4
6385 2.98558262152068E-4
6406 2.98558262152068E-4
64105 2.98558262152068E-4
6416 2.98558262152068E-4
6424 2.98558262152068E-4
64326 2.98558262152068E-4
64374 2.98558262152068E-4
644079 2.98558262152068E-4
64689 2.98558262152068E-4
6470 2.98558262152068E-4
65057 2.98558262152068E-4
6510 2.98558262152068E-4
65125 2.98558262152068E-4
652070 2.98558262152068E-4
653590 2.98558262152068E-4
654 2.98558262152068E-4
6558 2.98558262152068E-4
6581 2.98558262152068E-4
6583 2.98558262152068E-4
6594 2.98558262152068E-4
6606 2.98558262152068E-4
6607 2.98558262152068E-4
6635 2.98558262152068E-4
6653 2.98558262152068E-4
667 2.98558262152068E-4
673 2.98558262152068E-4
6733 2.98558262152068E-4
6736 2.98558262152068E-4
6757 2.98558262152068E-4
6794 2.98558262152068E-4
6857 2.98558262152068E-4
6905 2.98558262152068E-4
694 2.98558262152068E-4
6965 2.98558262152068E-4
6992 2.98558262152068E-4
7009 2.98558262152068E-4
7056 2.98558262152068E-4
7071 2.98558262152068E-4
7078 2.98558262152068E-4
7091 2.98558262152068E-4
7097 2.98558262152068E-4
7098 2.98558262152068E-4
7102 2.98558262152068E-4
7127 2.98558262152068E-4
7182 2.98558262152068E-4
7227 2.98558262152068E-4
7273 2.98558262152068E-4
727837 2.98558262152068E-4
728226 2.98558262152068E-4
728441 2.98558262152068E-4
729838 2.98558262152068E-4
7307 2.98558262152068E-4
7335 2.98558262152068E-4
7337 2.98558262152068E-4
7341 2.98558262152068E-4
7349 2.98558262152068E-4
7360 2.98558262152068E-4
7363 2.98558262152068E-4
7421 2.98558262152068E-4
7465 2.98558262152068E-4
7468 2.98558262152068E-4
7471 2.98558262152068E-4
7474 2.98558262152068E-4
7481 2.98558262152068E-4
7494 2.98558262152068E-4
7571 2.98558262152068E-4
768 2.98558262152068E-4
7703 2.98558262152068E-4
7750 2.98558262152068E-4
7839 2.98558262152068E-4
7905 2.98558262152068E-4
791122 2.98558262152068E-4
79594 2.98558262152068E-4
7965 2.98558262152068E-4
79811 2.98558262152068E-4
80309 2.98558262152068E-4
80329 2.98558262152068E-4
80347 2.98558262152068E-4
8079 2.98558262152068E-4
80818 2.98558262152068E-4
8086 2.98558262152068E-4
8115 2.98558262152068E-4
81470 2.98558262152068E-4
8163 2.98558262152068E-4
8209 2.98558262152068E-4
8233 2.98558262152068E-4
8287 2.98558262152068E-4
835 2.98558262152068E-4
83746 2.98558262152068E-4
84260 2.98558262152068E-4
84289 2.98558262152068E-4
8431 2.98558262152068E-4
84662 2.98558262152068E-4
8467 2.98558262152068E-4
84707 2.98558262152068E-4
84955 2.98558262152068E-4
85320 2.98558262152068E-4
8544 2.98558262152068E-4
85476 2.98558262152068E-4
8572 2.98558262152068E-4
8600 2.98558262152068E-4
8661 2.98558262152068E-4
8676 2.98558262152068E-4
8726 2.98558262152068E-4
873 2.98558262152068E-4
8731 2.98558262152068E-4
874 2.98558262152068E-4
8744 2.98558262152068E-4
8784 2.98558262152068E-4
8792 2.98558262152068E-4
8815 2.98558262152068E-4
8878 2.98558262152068E-4
8886 2.98558262152068E-4
890 2.98558262152068E-4
8913 2.98558262152068E-4
8932 2.98558262152068E-4
8941 2.98558262152068E-4
8988 2.98558262152068E-4
8995 2.98558262152068E-4
9052 2.98558262152068E-4
9114 2.98558262152068E-4
9126 2.98558262152068E-4
9131 2.98558262152068E-4
91875 2.98558262152068E-4
92140 2.98558262152068E-4
92304 2.98558262152068E-4
9321 2.98558262152068E-4
9344 2.98558262152068E-4
9349 2.98558262152068E-4
9377 2.98558262152068E-4
94 2.98558262152068E-4
9402 2.98558262152068E-4
9407 2.98558262152068E-4
9499 2.98558262152068E-4
9531 2.98558262152068E-4
9541 2.98558262152068E-4
9577 2.98558262152068E-4
9612 2.98558262152068E-4
9628 2.98558262152068E-4
972 2.98558262152068E-4
9817 2.98558262152068E-4
993 2.98558262152068E-4
999 2.98558262152068E-4
