4160 0.94
5468 0.811945734050271
7352 0.662165616767781
3952 0.64
3953 0.627470763682179
9370 0.492485214607623
5443 0.454204258812007
4023 0.451683034919962
1268 0.440138977818363
79068 0.44
4159 0.433106337321541
5122 0.430552070757
3290 0.415425314509576
181 0.415126756247424
6492 0.413633964936664
4886 0.407496999226298
155 0.40746736011799
1363 0.404345616137453
5367 0.402985582621521
3383 0.402089907835064
7351 0.401873278529165
2180 0.400597116524304
2752 0.400597116524304
3099 0.400597116524304
2878 0.400298558262152
3033 0.4
7018 0.4
79661 0.4
154 0.395525029631907
3630 0.391049472158973
7124 0.390263136082572
3569 0.370359447640715
7350 0.356758525376548
348 0.354403101951828
2784 0.340603336547839
129787 0.339574903966555
153 0.337484996131491
5167 0.336390478205214
51738 0.333139379994038
3358 0.332973579526713
79047 0.329390880380889
25970 0.32862796338926
257194 0.3271351720785
132789 0.326836613816348
2099 0.326670813349024
5346 0.326505012881699
2166 0.324713663308787
5465 0.324415105046635
23788 0.322789555941047
9607 0.321429522425114
5467 0.317979581074117
4864 0.316785348025509
3356 0.316188231501205
5697 0.315723872771728
6303 0.314629354845451
7133 0.31303684841236
3481 0.312572489682883
6720 0.311544057101599
8431 0.309885465323515
2688 0.309852422651018
2641 0.30971966485619
2194 0.309122548331886
4889 0.30779555748845
9672 0.307496999226298
590 0.306136965710366
1149 0.304942732661757
1520 0.304942732661757
23216 0.304942732661757
7442 0.304345616137453
3162 0.303748499613149
6648 0.303748499613149
3215 0.303449941350997
4318 0.303284140883673
364 0.302687024359369
133522 0.302089907835064
2778 0.302089907835064
1066 0.301791349572912
32 0.30149279131076
4915 0.301194233048608
3929 0.300895674786456
4808 0.300895674786456
5743 0.300895674786456
10743 0.300597116524304
142 0.300597116524304
5105 0.300597116524304
6580 0.300597116524304
7037 0.300597116524304
7436 0.300597116524304
9970 0.300597116524304
125 0.300298558262152
1728 0.300298558262152
196475 0.300298558262152
2673 0.300298558262152
2876 0.300298558262152
5209 0.300298558262152
54 0.300298558262152
55690 0.300298558262152
5577 0.300298558262152
8165 0.300298558262152
8644 0.300298558262152
10840 0.3
114294 0.3
1350 0.3
1361 0.3
1431 0.3
1489 0.3
151742 0.3
1806 0.3
1892 0.3
2110 0.3
2512 0.3
3148 0.3
34 0.3
353126 0.3
404683 0.3
4199 0.3
4329 0.3
4594 0.3
47 0.3
51181 0.3
54205 0.3
5583 0.3
56603 0.3
56623 0.3
56694 0.3
64756 0.3
7385 0.3
761 0.3
8522 0.3
8801 0.3
8803 0.3
8856 0.3
9194 0.3
51052 0.2
2908 0.130253512494848
1636 0.129192037241068
3991 0.126206454619547
3553 0.122623755473722
1813 0.121860838482094
3990 0.119041056327898
10891 0.118278139336269
948 0.116619547558185
51094 0.11303684841236
3667 0.113003805739863
7275 0.111842615363751
2847 0.109885465323515
4846 0.109885465323515
8195 0.108989790537059
9021 0.108525431807582
4828 0.108094115750602
886 0.108094115750602
2559 0.107496999226298
5950 0.10716539829165
3586 0.10673408223467
7040 0.10673408223467
79602 0.106136965710366
367 0.105838407448214
1374 0.105539849186062
1392 0.104942732661757
3458 0.104776932194433
7099 0.104776932194433
10874 0.104644174399605
2740 0.104644174399605
2695 0.104478373932281
585 0.104345616137453
6319 0.104179815670129
582 0.104047057875301
6352 0.102985582621521
434 0.102388466097217
1571 0.102089907835064
6198 0.101791349572912
3934 0.10149279131076
4842 0.101194233048608
7840 0.101194233048608
11255 0.100895674786456
3060 0.100895674786456
653509 0.100895674786456
857 0.100895674786456
1471 0.100597116524304
1634 0.100597116524304
1675 0.100597116524304
3291 0.100597116524304
376497 0.100597116524304
5792 0.100597116524304
6715 0.100597116524304
6794 0.100597116524304
8639 0.100597116524304
8651 0.100597116524304
2539 0.100298558262152
2834 0.100298558262152
3098 0.100298558262152
3240 0.100298558262152
3351 0.100298558262152
5580 0.100298558262152
6382 0.100298558262152
6721 0.100298558262152
83854 0.100298558262152
85569 0.100298558262152
8862 0.100298558262152
1075 0.1
1373 0.1
1393 0.1
1528 0.1
1672 0.1
208 0.1
22852 0.1
239 0.1
2702 0.1
27344 0.1
2835 0.1
3157 0.1
339 0.1
387 0.1
3992 0.1
4609 0.1
4688 0.1
5009 0.1
5019 0.1
5295 0.1
5406 0.1
5579 0.1
55818 0.1
5629 0.1
57048 0.1
572 0.1
57678 0.1
596 0.1
6248 0.1
6351 0.1
6357 0.1
6439 0.1
6550 0.1
65985 0.1
6775 0.1
858 0.1
8648 0.1
51141 0.0654828003239506
54741 0.0474707636821788
5054 0.0386131438351063
627 0.036390478205214
4852 0.0333718529111968
338 0.0329735795267135
6934 0.0310164294864768
1822 0.030751501001663
1401 0.0305190280845039
56729 0.0302204698223519
27319 0.0256760105450778
2169 0.0244151050466348
4887 0.0190410563278976
89866 0.0187424980657455
183 0.018709455393249
1071 0.0182781393362691
3949 0.0182781393362691
2119 0.0178468232792893
6532 0.0173824645498129
80339 0.0166195475581845
8660 0.0157238727717283
4524 0.0148281979852721
9060 0.0146293548454513
9061 0.0146293548454513
4760 0.0143307965832992
2693 0.014231081460968
10383 0.0140322383211472
6774 0.0130368484123597
4094 0.0127382901502076
3570 0.0124397318880556
3643 0.0124066892155591
23411 0.0119753731585792
2153 0.0118426153637514
23017 0.0118426153637514
11254 0.0115440571015994
1588 0.0115440571015994
2944 0.0115440571015994
345 0.0115440571015994
5770 0.0115110144291029
150 0.0112454988394473
4482 0.0112454988394473
56259 0.0112454988394473
116519 0.011079698372123
3767 0.0109469405772952
4041 0.0109469405772952
84539 0.0106483823151432
2572 0.0104825818478189
52 0.0104825818478189
400652 0.0103498240529911
10135 0.00988546532351474
1815 0.00988546532351474
7421 0.00988546532351474
6517 0.00955386438886617
5444 0.00928834879921061
4128 0.00898979053705854
9575 0.00898979053705854
26871 0.00895674786456203
1312 0.0083926740127544
151 0.0083926740127544
337 0.0083926740127544
9369 0.0083926740127544
2167 0.00822687354543012
10644 0.00809411575060234
7021 0.00809411575060234
6347 0.00806107307810583
1029 0.00779555748845027
3087 0.00779555748845027
355 0.00779555748845027
7103 0.00779555748845027
9317 0.00779555748845027
127018 0.0074969992262982
169026 0.0074969992262982
2147 0.0074969992262982
4988 0.0074969992262982
54901 0.0074969992262982
8658 0.0074969992262982
144233 0.00719844096414613
1559 0.00719844096414613
66036 0.00719844096414613
7422 0.00703264049682184
1030 0.00689988270199407
221895 0.00689988270199407
4853 0.00689988270199407
56999 0.00689988270199407
63892 0.00689988270199407
7466 0.00689988270199407
8872 0.00689988270199407
9628 0.00689988270199407
3479 0.00686684002949756
335 0.00673408223466978
10993 0.00626972350519342
51119 0.00626972350519342
2100 0.00613696571036564
4282 0.00613696571036564
3557 0.00583840744821357
5617 0.00583840744821357
570 0.00567260698088929
5972 0.00567260698088929
1050 0.00553984918606151
11132 0.00553984918606151
197 0.00553984918606151
6531 0.00553984918606151
6927 0.00553984918606151
26291 0.00537404871873722
5599 0.00537404871873722
6462 0.00537404871873722
1628 0.00524129092390944
6513 0.00524129092390944
2195 0.00494273266175737
2303 0.00494273266175737
2645 0.00494273266175737
2696 0.00494273266175737
336 0.00494273266175737
3552 0.00494273266175737
866 0.00494273266175737
3606 0.00477693219443308
1051 0.0046441743996053
11343 0.0046441743996053
3304 0.0046441743996053
341 0.0046441743996053
3638 0.0046441743996053
4544 0.0046441743996053
875 0.0046441743996053
949 0.0046441743996053
353 0.00447837393228102
10580 0.00434561613745324
2155 0.00434561613745324
3600 0.00434561613745324
406 0.00434561613745324
4245 0.00434561613745324
4295 0.00434561613745324
4552 0.00434561613745324
4982 0.00434561613745324
51085 0.00434561613745324
57818 0.00434561613745324
6311 0.00434561613745324
6868 0.00434561613745324
726 0.00434561613745324
4790 0.00417981567012895
8988 0.00417981567012895
1052 0.00404705787530117
10806 0.00404705787530117
1208 0.00404705787530117
2222 0.00404705787530117
2864 0.00404705787530117
29881 0.00404705787530117
3077 0.00404705787530117
3480 0.00404705787530117
4049 0.00404705787530117
4548 0.00404705787530117
5126 0.00404705787530117
5214 0.00404705787530117
5360 0.00404705787530117
55553 0.00404705787530117
729359 0.00404705787530117
7391 0.00404705787530117
8792 0.00404705787530117
8864 0.00404705787530117
2837 0.00388125740797688
497258 0.00388125740797688
7453 0.00388125740797688
10599 0.0037484996131491
10625 0.0037484996131491
123016 0.0037484996131491
1375 0.0037484996131491
1557 0.0037484996131491
1978 0.0037484996131491
2162 0.0037484996131491
23373 0.0037484996131491
249 0.0037484996131491
26574 0.0037484996131491
266812 0.0037484996131491
2776 0.0037484996131491
285590 0.0037484996131491
29106 0.0037484996131491
3030 0.0037484996131491
3416 0.0037484996131491
3587 0.0037484996131491
3689 0.0037484996131491
3717 0.0037484996131491
3778 0.0037484996131491
3784 0.0037484996131491
4018 0.0037484996131491
4157 0.0037484996131491
4929 0.0037484996131491
5243 0.0037484996131491
5409 0.0037484996131491
5445 0.0037484996131491
56172 0.0037484996131491
583 0.0037484996131491
6091 0.0037484996131491
635 0.0037484996131491
6434 0.0037484996131491
650 0.0037484996131491
6586 0.0037484996131491
6752 0.0037484996131491
6902 0.0037484996131491
7494 0.0037484996131491
7916 0.0037484996131491
84100 0.0037484996131491
84691 0.0037484996131491
9429 0.0037484996131491
1906 0.00358269914582481
57104 0.00358269914582481
5919 0.00358269914582481
723961 0.00358269914582481
8170 0.00358269914582481
100133054 0.00344994135099703
100187907 0.00344994135099703
100189470 0.00344994135099703
100271180 0.00344994135099703
100271414 0.00344994135099703
100288485 0.00344994135099703
10082 0.00344994135099703
10085 0.00344994135099703
10180 0.00344994135099703
10253 0.00344994135099703
10402 0.00344994135099703
10450 0.00344994135099703
10562 0.00344994135099703
10846 0.00344994135099703
11098 0.00344994135099703
114800 0.00344994135099703
121260 0.00344994135099703
128439 0.00344994135099703
129880 0.00344994135099703
131368 0.00344994135099703
132321 0.00344994135099703
133022 0.00344994135099703
134430 0.00344994135099703
140733 0.00344994135099703
1408 0.00344994135099703
158399 0.00344994135099703
1608 0.00344994135099703
2201 0.00344994135099703
2230 0.00344994135099703
2243 0.00344994135099703
2244 0.00344994135099703
23180 0.00344994135099703
23327 0.00344994135099703
23331 0.00344994135099703
23338 0.00344994135099703
23418 0.00344994135099703
23484 0.00344994135099703
23615 0.00344994135099703
2525 0.00344994135099703
253582 0.00344994135099703
25791 0.00344994135099703
259197 0.00344994135099703
27031 0.00344994135099703
27143 0.00344994135099703
285220 0.00344994135099703
29115 0.00344994135099703
2950 0.00344994135099703
2952 0.00344994135099703
340273 0.00344994135099703
3554 0.00344994135099703
3566 0.00344994135099703
359764 0.00344994135099703
360155 0.00344994135099703
3624 0.00344994135099703
3625 0.00344994135099703
3710 0.00344994135099703
375612 0.00344994135099703
389136 0.00344994135099703
389421 0.00344994135099703
390259 0.00344994135099703
400954 0.00344994135099703
442216 0.00344994135099703
4685 0.00344994135099703
5079 0.00344994135099703
50848 0.00344994135099703
5092 0.00344994135099703
5101 0.00344994135099703
51011 0.00344994135099703
51741 0.00344994135099703
520 0.00344994135099703
5334 0.00344994135099703
53637 0.00344994135099703
54622 0.00344994135099703
55151 0.00344994135099703
55212 0.00344994135099703
56934 0.00344994135099703
57020 0.00344994135099703
57118 0.00344994135099703
57496 0.00344994135099703
57596 0.00344994135099703
57624 0.00344994135099703
57703 0.00344994135099703
5828 0.00344994135099703
5915 0.00344994135099703
6038 0.00344994135099703
60467 0.00344994135099703
6258 0.00344994135099703
63982 0.00344994135099703
6450 0.00344994135099703
6451 0.00344994135099703
65005 0.00344994135099703
652991 0.00344994135099703
66000 0.00344994135099703
6782 0.00344994135099703
6905 0.00344994135099703
6928 0.00344994135099703
6942 0.00344994135099703
7074 0.00344994135099703
7201 0.00344994135099703
80013 0.00344994135099703
80216 0.00344994135099703
84336 0.00344994135099703
84643 0.00344994135099703
8549 0.00344994135099703
8828 0.00344994135099703
8890 0.00344994135099703
90864 0.00344994135099703
91947 0.00344994135099703
93986 0.00344994135099703
9414 0.00344994135099703
9588 0.00344994135099703
9846 0.00344994135099703
9866 0.00344994135099703
23175 0.00328414088367274
3936 0.00328414088367274
54535 0.00328414088367274
1594 0.00298558262152068
1756 0.00298558262152068
2690 0.00298558262152068
4488 0.00298558262152068
7132 0.00298558262152068
7439 0.00298558262152068
8991 0.00298558262152068
1791 0.00268702435936861
19 0.00268702435936861
2308 0.00268702435936861
2806 0.00268702435936861
3375 0.00268702435936861
3576 0.00268702435936861
56117 0.00268702435936861
56144 0.00268702435936861
60529 0.00268702435936861
79689 0.00268702435936861
968 0.00268702435936861
9971 0.00268702435936861
140913 0.00238846609721654
1465 0.00238846609721654
257641 0.00238846609721654
26206 0.00238846609721654
3561 0.00238846609721654
4925 0.00238846609721654
57817 0.00238846609721654
6287 0.00238846609721654
6288 0.00238846609721654
6696 0.00238846609721654
885 0.00238846609721654
133 0.00208990783506447
185 0.00208990783506447
201501 0.00208990783506447
24 0.00208990783506447
2638 0.00208990783506447
3133 0.00208990783506447
4695 0.00208990783506447
4858 0.00208990783506447
5166 0.00208990783506447
5310 0.00208990783506447
5340 0.00208990783506447
54512 0.00208990783506447
563 0.00208990783506447
7163 0.00208990783506447
929 0.00208990783506447
11188 0.00179134957291241
1803 0.00179134957291241
2971 0.00179134957291241
29974 0.00179134957291241
3295 0.00179134957291241
4000 0.00179134957291241
4306 0.00179134957291241
4843 0.00179134957291241
51129 0.00179134957291241
51283 0.00179134957291241
5291 0.00179134957291241
5594 0.00179134957291241
597 0.00179134957291241
718 0.00179134957291241
7555 0.00179134957291241
8694 0.00179134957291241
920 0.00179134957291241
100125288 0.00149279131076034
100302736 0.00149279131076034
152831 0.00149279131076034
1917 0.00149279131076034
2048 0.00149279131076034
23209 0.00149279131076034
23493 0.00149279131076034
2475 0.00149279131076034
259266 0.00149279131076034
2646 0.00149279131076034
26503 0.00149279131076034
2660 0.00149279131076034
2691 0.00149279131076034
3091 0.00149279131076034
31 0.00149279131076034
351 0.00149279131076034
353376 0.00149279131076034
3605 0.00149279131076034
443 0.00149279131076034
4878 0.00149279131076034
51014 0.00149279131076034
5433 0.00149279131076034
5562 0.00149279131076034
5563 0.00149279131076034
5564 0.00149279131076034
5728 0.00149279131076034
6404 0.00149279131076034
64102 0.00149279131076034
7157 0.00149279131076034
79152 0.00149279131076034
79813 0.00149279131076034
83853 0.00149279131076034
9474 0.00149279131076034
960 0.00149279131076034
1270 0.00119423304860827
1385 0.00119423304860827
145264 0.00119423304860827
190 0.00119423304860827
1934 0.00119423304860827
213 0.00119423304860827
2152 0.00119423304860827
2335 0.00119423304860827
28954 0.00119423304860827
3303 0.00119423304860827
338557 0.00119423304860827
3486 0.00119423304860827
3627 0.00119423304860827
3636 0.00119423304860827
38 0.00119423304860827
4035 0.00119423304860827
404663 0.00119423304860827
4353 0.00119423304860827
467 0.00119423304860827
4709 0.00119423304860827
471 0.00119423304860827
472 0.00119423304860827
4883 0.00119423304860827
4973 0.00119423304860827
51083 0.00119423304860827
5176 0.00119423304860827
5265 0.00119423304860827
5294 0.00119423304860827
59286 0.00119423304860827
6097 0.00119423304860827
6197 0.00119423304860827
6281 0.00119423304860827
6678 0.00119423304860827
6783 0.00119423304860827
680 0.00119423304860827
7126 0.00119423304860827
729230 0.00119423304860827
7389 0.00119423304860827
7490 0.00119423304860827
925 0.00119423304860827
947 0.00119423304860827
9927 0.00119423304860827
10128 8.95674786456203E-4
1019 8.95674786456203E-4
109 8.95674786456203E-4
11261 8.95674786456203E-4
1136 8.95674786456203E-4
114897 8.95674786456203E-4
116255 8.95674786456203E-4
118460 8.95674786456203E-4
1240 8.95674786456203E-4
1269 8.95674786456203E-4
1326 8.95674786456203E-4
1327 8.95674786456203E-4
1351 8.95674786456203E-4
1437 8.95674786456203E-4
151306 8.95674786456203E-4
1649 8.95674786456203E-4
1734 8.95674786456203E-4
187 8.95674786456203E-4
189 8.95674786456203E-4
1909 8.95674786456203E-4
2064 8.95674786456203E-4
207 8.95674786456203E-4
2171 8.95674786456203E-4
23218 8.95674786456203E-4
23322 8.95674786456203E-4
23452 8.95674786456203E-4
2353 8.95674786456203E-4
2492 8.95674786456203E-4
26060 8.95674786456203E-4
2642 8.95674786456203E-4
2678 8.95674786456203E-4
27352 8.95674786456203E-4
283120 8.95674786456203E-4
2896 8.95674786456203E-4
342977 8.95674786456203E-4
3456 8.95674786456203E-4
3558 8.95674786456203E-4
3559 8.95674786456203E-4
356 8.95674786456203E-4
3572 8.95674786456203E-4
366 8.95674786456203E-4
3827 8.95674786456203E-4
387934 8.95674786456203E-4
3988 8.95674786456203E-4
401637 8.95674786456203E-4
404677 8.95674786456203E-4
4153 8.95674786456203E-4
4161 8.95674786456203E-4
4313 8.95674786456203E-4
440503 8.95674786456203E-4
4502 8.95674786456203E-4
4547 8.95674786456203E-4
4827 8.95674786456203E-4
5080 8.95674786456203E-4
51312 8.95674786456203E-4
51742 8.95674786456203E-4
5241 8.95674786456203E-4
5290 8.95674786456203E-4
5293 8.95674786456203E-4
5300 8.95674786456203E-4
54675 8.95674786456203E-4
56994 8.95674786456203E-4
57823 8.95674786456203E-4
5914 8.95674786456203E-4
5961 8.95674786456203E-4
5982 8.95674786456203E-4
6256 8.95674786456203E-4
6296 8.95674786456203E-4
6336 8.95674786456203E-4
63924 8.95674786456203E-4
6425 8.95674786456203E-4
6447 8.95674786456203E-4
6584 8.95674786456203E-4
6776 8.95674786456203E-4
7057 8.95674786456203E-4
7069 8.95674786456203E-4
7097 8.95674786456203E-4
7263 8.95674786456203E-4
7376 8.95674786456203E-4
7480 8.95674786456203E-4
7538 8.95674786456203E-4
796 8.95674786456203E-4
80350 8.95674786456203E-4
80896 8.95674786456203E-4
8909 8.95674786456203E-4
9241 8.95674786456203E-4
9242 8.95674786456203E-4
9332 8.95674786456203E-4
9388 8.95674786456203E-4
9663 8.95674786456203E-4
9965 8.95674786456203E-4
100 5.97116524304135E-4
100233159 5.97116524304135E-4
100271873 5.97116524304135E-4
10062 5.97116524304135E-4
100653365 5.97116524304135E-4
1012 5.97116524304135E-4
101669765 5.97116524304135E-4
1020 5.97116524304135E-4
1026 5.97116524304135E-4
10400 5.97116524304135E-4
10437 5.97116524304135E-4
10457 5.97116524304135E-4
10468 5.97116524304135E-4
1056 5.97116524304135E-4
10682 5.97116524304135E-4
10714 5.97116524304135E-4
10724 5.97116524304135E-4
10882 5.97116524304135E-4
10886 5.97116524304135E-4
10888 5.97116524304135E-4
1110 5.97116524304135E-4
111 5.97116524304135E-4
1113 5.97116524304135E-4
1116 5.97116524304135E-4
11258 5.97116524304135E-4
11331 5.97116524304135E-4
114899 5.97116524304135E-4
1241 5.97116524304135E-4
124935 5.97116524304135E-4
1282 5.97116524304135E-4
1291 5.97116524304135E-4
130399 5.97116524304135E-4
134 5.97116524304135E-4
1376 5.97116524304135E-4
1395 5.97116524304135E-4
151056 5.97116524304135E-4
1513 5.97116524304135E-4
1523 5.97116524304135E-4
1524 5.97116524304135E-4
1525 5.97116524304135E-4
152503 5.97116524304135E-4
1535 5.97116524304135E-4
156 5.97116524304135E-4
1605 5.97116524304135E-4
175 5.97116524304135E-4
177 5.97116524304135E-4
1778 5.97116524304135E-4
1834 5.97116524304135E-4
1839 5.97116524304135E-4
1956 5.97116524304135E-4
199 5.97116524304135E-4
199720 5.97116524304135E-4
2026 5.97116524304135E-4
2101 5.97116524304135E-4
2150 5.97116524304135E-4
2158 5.97116524304135E-4
2247 5.97116524304135E-4
2260 5.97116524304135E-4
22861 5.97116524304135E-4
22933 5.97116524304135E-4
23038 5.97116524304135E-4
2305 5.97116524304135E-4
231 5.97116524304135E-4
23600 5.97116524304135E-4
23771 5.97116524304135E-4
252995 5.97116524304135E-4
2571 5.97116524304135E-4
25819 5.97116524304135E-4
2597 5.97116524304135E-4
26 5.97116524304135E-4
26155 5.97116524304135E-4
26269 5.97116524304135E-4
26872 5.97116524304135E-4
270 5.97116524304135E-4
2720 5.97116524304135E-4
27306 5.97116524304135E-4
27347 5.97116524304135E-4
28 5.97116524304135E-4
285 5.97116524304135E-4
28965 5.97116524304135E-4
290 5.97116524304135E-4
2936 5.97116524304135E-4
29919 5.97116524304135E-4
3082 5.97116524304135E-4
3126 5.97116524304135E-4
3164 5.97116524304135E-4
3172 5.97116524304135E-4
325 5.97116524304135E-4
3265 5.97116524304135E-4
3306 5.97116524304135E-4
3342 5.97116524304135E-4
3376 5.97116524304135E-4
339559 5.97116524304135E-4
3439 5.97116524304135E-4
3447 5.97116524304135E-4
347148 5.97116524304135E-4
3484 5.97116524304135E-4
353133 5.97116524304135E-4
3579 5.97116524304135E-4
3601 5.97116524304135E-4
3651 5.97116524304135E-4
3654 5.97116524304135E-4
3669 5.97116524304135E-4
373156 5.97116524304135E-4
3762 5.97116524304135E-4
3845 5.97116524304135E-4
3872 5.97116524304135E-4
3875 5.97116524304135E-4
388581 5.97116524304135E-4
3898 5.97116524304135E-4
3918 5.97116524304135E-4
3931 5.97116524304135E-4
3938 5.97116524304135E-4
4068 5.97116524304135E-4
406991 5.97116524304135E-4
4072 5.97116524304135E-4
407977 5.97116524304135E-4
4143 5.97116524304135E-4
4155 5.97116524304135E-4
4232 5.97116524304135E-4
4312 5.97116524304135E-4
4360 5.97116524304135E-4
4513 5.97116524304135E-4
4519 5.97116524304135E-4
4657 5.97116524304135E-4
4692 5.97116524304135E-4
4713 5.97116524304135E-4
4780 5.97116524304135E-4
4803 5.97116524304135E-4
4810 5.97116524304135E-4
4812 5.97116524304135E-4
498 5.97116524304135E-4
5004 5.97116524304135E-4
5016 5.97116524304135E-4
5020 5.97116524304135E-4
5021 5.97116524304135E-4
5055 5.97116524304135E-4
5062 5.97116524304135E-4
5068 5.97116524304135E-4
5087 5.97116524304135E-4
5106 5.97116524304135E-4
51099 5.97116524304135E-4
51182 5.97116524304135E-4
514 5.97116524304135E-4
5163 5.97116524304135E-4
5164 5.97116524304135E-4
5170 5.97116524304135E-4
51704 5.97116524304135E-4
5245 5.97116524304135E-4
5321 5.97116524304135E-4
54551 5.97116524304135E-4
54704 5.97116524304135E-4
551 5.97116524304135E-4
55149 5.97116524304135E-4
55238 5.97116524304135E-4
55278 5.97116524304135E-4
5539 5.97116524304135E-4
5547 5.97116524304135E-4
5553 5.97116524304135E-4
5554 5.97116524304135E-4
5555 5.97116524304135E-4
55552 5.97116524304135E-4
55829 5.97116524304135E-4
55893 5.97116524304135E-4
5592 5.97116524304135E-4
5607 5.97116524304135E-4
5660 5.97116524304135E-4
56923 5.97116524304135E-4
5714 5.97116524304135E-4
5715 5.97116524304135E-4
57338 5.97116524304135E-4
57761 5.97116524304135E-4
5781 5.97116524304135E-4
5806 5.97116524304135E-4
5891 5.97116524304135E-4
5896 5.97116524304135E-4
59271 5.97116524304135E-4
595 5.97116524304135E-4
5973 5.97116524304135E-4
5997 5.97116524304135E-4
6012 5.97116524304135E-4
619373 5.97116524304135E-4
6208 5.97116524304135E-4
6240 5.97116524304135E-4
624 5.97116524304135E-4
6272 5.97116524304135E-4
632 5.97116524304135E-4
6374 5.97116524304135E-4
6376 5.97116524304135E-4
63976 5.97116524304135E-4
6401 5.97116524304135E-4
6403 5.97116524304135E-4
6422 5.97116524304135E-4
64319 5.97116524304135E-4
6464 5.97116524304135E-4
646480 5.97116524304135E-4
6484 5.97116524304135E-4
65018 5.97116524304135E-4
6514 5.97116524304135E-4
6609 5.97116524304135E-4
6625 5.97116524304135E-4
6646 5.97116524304135E-4
6647 5.97116524304135E-4
667 5.97116524304135E-4
6690 5.97116524304135E-4
672 5.97116524304135E-4
6833 5.97116524304135E-4
7008 5.97116524304135E-4
7076 5.97116524304135E-4
7100 5.97116524304135E-4
7200 5.97116524304135E-4
7253 5.97116524304135E-4
728378 5.97116524304135E-4
7287 5.97116524304135E-4
7295 5.97116524304135E-4
7349 5.97116524304135E-4
738 5.97116524304135E-4
7441 5.97116524304135E-4
7504 5.97116524304135E-4
754 5.97116524304135E-4
7808 5.97116524304135E-4
79718 5.97116524304135E-4
80168 5.97116524304135E-4
80199 5.97116524304135E-4
80781 5.97116524304135E-4
81788 5.97116524304135E-4
825 5.97116524304135E-4
8455 5.97116524304135E-4
846 5.97116524304135E-4
84649 5.97116524304135E-4
8542 5.97116524304135E-4
85480 5.97116524304135E-4
8740 5.97116524304135E-4
8742 5.97116524304135E-4
8788 5.97116524304135E-4
9034 5.97116524304135E-4
911 5.97116524304135E-4
91833 5.97116524304135E-4
92170 5.97116524304135E-4
9290 5.97116524304135E-4
9314 5.97116524304135E-4
9365 5.97116524304135E-4
9402 5.97116524304135E-4
9445 5.97116524304135E-4
9518 5.97116524304135E-4
952 5.97116524304135E-4
9563 5.97116524304135E-4
9612 5.97116524304135E-4
9771 5.97116524304135E-4
9829 5.97116524304135E-4
100132074 2.98558262152068E-4
10038 2.98558262152068E-4
100653366 2.98558262152068E-4
100689229 2.98558262152068E-4
100996758 2.98558262152068E-4
10168 2.98558262152068E-4
10206 2.98558262152068E-4
10221 2.98558262152068E-4
10226 2.98558262152068E-4
1024 2.98558262152068E-4
10252 2.98558262152068E-4
1031 2.98558262152068E-4
10428 2.98558262152068E-4
10447 2.98558262152068E-4
10525 2.98558262152068E-4
10534 2.98558262152068E-4
10563 2.98558262152068E-4
10569 2.98558262152068E-4
10612 2.98558262152068E-4
10657 2.98558262152068E-4
10663 2.98558262152068E-4
10671 2.98558262152068E-4
1072 2.98558262152068E-4
10777 2.98558262152068E-4
10855 2.98558262152068E-4
10884 2.98558262152068E-4
10911 2.98558262152068E-4
10914 2.98558262152068E-4
10928 2.98558262152068E-4
10959 2.98558262152068E-4
10999 2.98558262152068E-4
11067 2.98558262152068E-4
11076 2.98558262152068E-4
11183 2.98558262152068E-4
11201 2.98558262152068E-4
11213 2.98558262152068E-4
112609 2.98558262152068E-4
11333 2.98558262152068E-4
11334 2.98558262152068E-4
1138 2.98558262152068E-4
114112 2.98558262152068E-4
114131 2.98558262152068E-4
1143 2.98558262152068E-4
114609 2.98558262152068E-4
114815 2.98558262152068E-4
114876 2.98558262152068E-4
114898 2.98558262152068E-4
114902 2.98558262152068E-4
114904 2.98558262152068E-4
114905 2.98558262152068E-4
115 2.98558262152068E-4
117583 2.98558262152068E-4
118429 2.98558262152068E-4
122664 2.98558262152068E-4
123 2.98558262152068E-4
1232 2.98558262152068E-4
1234 2.98558262152068E-4
1235 2.98558262152068E-4
1236 2.98558262152068E-4
1277 2.98558262152068E-4
128371 2.98558262152068E-4
129521 2.98558262152068E-4
1346 2.98558262152068E-4
1371 2.98558262152068E-4
1390 2.98558262152068E-4
139760 2.98558262152068E-4
1403 2.98558262152068E-4
140767 2.98558262152068E-4
1421 2.98558262152068E-4
1440 2.98558262152068E-4
148 2.98558262152068E-4
148266 2.98558262152068E-4
1486 2.98558262152068E-4
1508 2.98558262152068E-4
1509 2.98558262152068E-4
151126 2.98558262152068E-4
151176 2.98558262152068E-4
1514 2.98558262152068E-4
152559 2.98558262152068E-4
152926 2.98558262152068E-4
1543 2.98558262152068E-4
1545 2.98558262152068E-4
1576 2.98558262152068E-4
1581 2.98558262152068E-4
1589 2.98558262152068E-4
1613 2.98558262152068E-4
164091 2.98558262152068E-4
166929 2.98558262152068E-4
1676 2.98558262152068E-4
171221 2.98558262152068E-4
1797 2.98558262152068E-4
1828 2.98558262152068E-4
1831 2.98558262152068E-4
1848 2.98558262152068E-4
1852 2.98558262152068E-4
186 2.98558262152068E-4
1979 2.98558262152068E-4
1982 2.98558262152068E-4
1991 2.98558262152068E-4
200186 2.98558262152068E-4
203074 2.98558262152068E-4
2033 2.98558262152068E-4
2051 2.98558262152068E-4
2056 2.98558262152068E-4
2066 2.98558262152068E-4
2077 2.98558262152068E-4
2086 2.98558262152068E-4
2107 2.98558262152068E-4
2118 2.98558262152068E-4
216 2.98558262152068E-4
2168 2.98558262152068E-4
2170 2.98558262152068E-4
217 2.98558262152068E-4
2172 2.98558262152068E-4
2185 2.98558262152068E-4
219431 2.98558262152068E-4
219432 2.98558262152068E-4
2214 2.98558262152068E-4
2215 2.98558262152068E-4
2258 2.98558262152068E-4
2263 2.98558262152068E-4
22954 2.98558262152068E-4
2304 2.98558262152068E-4
23089 2.98558262152068E-4
23178 2.98558262152068E-4
2321 2.98558262152068E-4
23237 2.98558262152068E-4
23239 2.98558262152068E-4
23361 2.98558262152068E-4
23410 2.98558262152068E-4
23417 2.98558262152068E-4
2354 2.98558262152068E-4
23595 2.98558262152068E-4
23636 2.98558262152068E-4
2494 2.98558262152068E-4
2523 2.98558262152068E-4
2532 2.98558262152068E-4
2551 2.98558262152068E-4
255239 2.98558262152068E-4
255738 2.98558262152068E-4
256536 2.98558262152068E-4
25776 2.98558262152068E-4
25801 2.98558262152068E-4
25805 2.98558262152068E-4
2587 2.98558262152068E-4
2590 2.98558262152068E-4
25992 2.98558262152068E-4
26009 2.98558262152068E-4
26027 2.98558262152068E-4
262 2.98558262152068E-4
26253 2.98558262152068E-4
266722 2.98558262152068E-4
2669 2.98558262152068E-4
26696 2.98558262152068E-4
26747 2.98558262152068E-4
2689 2.98558262152068E-4
26960 2.98558262152068E-4
2701 2.98558262152068E-4
27022 2.98558262152068E-4
27034 2.98558262152068E-4
27040 2.98558262152068E-4
2710 2.98558262152068E-4
27202 2.98558262152068E-4
27349 2.98558262152068E-4
2737 2.98558262152068E-4
27430 2.98558262152068E-4
2780 2.98558262152068E-4
2800 2.98558262152068E-4
283455 2.98558262152068E-4
284217 2.98558262152068E-4
284390 2.98558262152068E-4
285848 2.98558262152068E-4
2867 2.98558262152068E-4
2874 2.98558262152068E-4
28976 2.98558262152068E-4
28982 2.98558262152068E-4
29116 2.98558262152068E-4
2920 2.98558262152068E-4
2941 2.98558262152068E-4
2965 2.98558262152068E-4
2996 2.98558262152068E-4
2997 2.98558262152068E-4
2998 2.98558262152068E-4
3014 2.98558262152068E-4
3034 2.98558262152068E-4
3075 2.98558262152068E-4
30816 2.98558262152068E-4
3125 2.98558262152068E-4
314 2.98558262152068E-4
3174 2.98558262152068E-4
3251 2.98558262152068E-4
3258 2.98558262152068E-4
326 2.98558262152068E-4
3267 2.98558262152068E-4
3315 2.98558262152068E-4
3320 2.98558262152068E-4
3329 2.98558262152068E-4
3337 2.98558262152068E-4
3339 2.98558262152068E-4
3382 2.98558262152068E-4
3401 2.98558262152068E-4
3429 2.98558262152068E-4
346562 2.98558262152068E-4
346606 2.98558262152068E-4
3487 2.98558262152068E-4
3490 2.98558262152068E-4
3491 2.98558262152068E-4
3575 2.98558262152068E-4
359777 2.98558262152068E-4
3604 2.98558262152068E-4
3635 2.98558262152068E-4
37 2.98558262152068E-4
3718 2.98558262152068E-4
3725 2.98558262152068E-4
3726 2.98558262152068E-4
3727 2.98558262152068E-4
375704 2.98558262152068E-4
379 2.98558262152068E-4
3806 2.98558262152068E-4
3811 2.98558262152068E-4
3815 2.98558262152068E-4
383 2.98558262152068E-4
3854 2.98558262152068E-4
3856 2.98558262152068E-4
387082 2.98558262152068E-4
387521 2.98558262152068E-4
387522 2.98558262152068E-4
389941 2.98558262152068E-4
39 2.98558262152068E-4
3958 2.98558262152068E-4
404552 2.98558262152068E-4
4051 2.98558262152068E-4
405754 2.98558262152068E-4
4064 2.98558262152068E-4
407 2.98558262152068E-4
407006 2.98558262152068E-4
4095 2.98558262152068E-4
4118 2.98558262152068E-4
4129 2.98558262152068E-4
414061 2.98558262152068E-4
4142 2.98558262152068E-4
4145 2.98558262152068E-4
4233 2.98558262152068E-4
4237 2.98558262152068E-4
4247 2.98558262152068E-4
4254 2.98558262152068E-4
4255 2.98558262152068E-4
4283 2.98558262152068E-4
4314 2.98558262152068E-4
4320 2.98558262152068E-4
4323 2.98558262152068E-4
4324 2.98558262152068E-4
4327 2.98558262152068E-4
441911 2.98558262152068E-4
441925 2.98558262152068E-4
442197 2.98558262152068E-4
4429 2.98558262152068E-4
4514 2.98558262152068E-4
4534 2.98558262152068E-4
4535 2.98558262152068E-4
4536 2.98558262152068E-4
4582 2.98558262152068E-4
4744 2.98558262152068E-4
4779 2.98558262152068E-4
4813 2.98558262152068E-4
4817 2.98558262152068E-4
4837 2.98558262152068E-4
4899 2.98558262152068E-4
4909 2.98558262152068E-4
493901 2.98558262152068E-4
5052 2.98558262152068E-4
50628 2.98558262152068E-4
5063 2.98558262152068E-4
50807 2.98558262152068E-4
50840 2.98558262152068E-4
50943 2.98558262152068E-4
51008 2.98558262152068E-4
51107 2.98558262152068E-4
51151 2.98558262152068E-4
51164 2.98558262152068E-4
51203 2.98558262152068E-4
51237 2.98558262152068E-4
51284 2.98558262152068E-4
51289 2.98558262152068E-4
51298 2.98558262152068E-4
51319 2.98558262152068E-4
51374 2.98558262152068E-4
51384 2.98558262152068E-4
51561 2.98558262152068E-4
51703 2.98558262152068E-4
51715 2.98558262152068E-4
5187 2.98558262152068E-4
5252 2.98558262152068E-4
5253 2.98558262152068E-4
5311 2.98558262152068E-4
5329 2.98558262152068E-4
53347 2.98558262152068E-4
5341 2.98558262152068E-4
5366 2.98558262152068E-4
5396 2.98558262152068E-4
5446 2.98558262152068E-4
54474 2.98558262152068E-4
5451 2.98558262152068E-4
5464 2.98558262152068E-4
54658 2.98558262152068E-4
54751 2.98558262152068E-4
54806 2.98558262152068E-4
54832 2.98558262152068E-4
55 2.98558262152068E-4
55004 2.98558262152068E-4
5520 2.98558262152068E-4
55279 2.98558262152068E-4
55323 2.98558262152068E-4
55366 2.98558262152068E-4
55384 2.98558262152068E-4
5540 2.98558262152068E-4
55511 2.98558262152068E-4
55600 2.98558262152068E-4
5573 2.98558262152068E-4
55974 2.98558262152068E-4
56242 2.98558262152068E-4
5651 2.98558262152068E-4
5673 2.98558262152068E-4
56853 2.98558262152068E-4
56996 2.98558262152068E-4
57007 2.98558262152068E-4
5708 2.98558262152068E-4
57105 2.98558262152068E-4
57120 2.98558262152068E-4
57149 2.98558262152068E-4
5725 2.98558262152068E-4
57380 2.98558262152068E-4
57521 2.98558262152068E-4
57561 2.98558262152068E-4
57591 2.98558262152068E-4
57730 2.98558262152068E-4
5777 2.98558262152068E-4
581 2.98558262152068E-4
58155 2.98558262152068E-4
5925 2.98558262152068E-4
6043 2.98558262152068E-4
60506 2.98558262152068E-4
6159 2.98558262152068E-4
619570 2.98558262152068E-4
6239 2.98558262152068E-4
6241 2.98558262152068E-4
6277 2.98558262152068E-4
6280 2.98558262152068E-4
6290 2.98558262152068E-4
629 2.98558262152068E-4
6307 2.98558262152068E-4
6310 2.98558262152068E-4
633 2.98558262152068E-4
6363 2.98558262152068E-4
6370 2.98558262152068E-4
6383 2.98558262152068E-4
641 2.98558262152068E-4
64129 2.98558262152068E-4
6421 2.98558262152068E-4
64215 2.98558262152068E-4
64399 2.98558262152068E-4
6446 2.98558262152068E-4
64784 2.98558262152068E-4
653108 2.98558262152068E-4
653361 2.98558262152068E-4
6539 2.98558262152068E-4
6555 2.98558262152068E-4
6566 2.98558262152068E-4
657 2.98558262152068E-4
6588 2.98558262152068E-4
659 2.98558262152068E-4
6591 2.98558262152068E-4
6615 2.98558262152068E-4
6623 2.98558262152068E-4
6649 2.98558262152068E-4
6687 2.98558262152068E-4
6700 2.98558262152068E-4
6723 2.98558262152068E-4
6725 2.98558262152068E-4
6736 2.98558262152068E-4
6741 2.98558262152068E-4
6754 2.98558262152068E-4
6767 2.98558262152068E-4
6777 2.98558262152068E-4
6863 2.98558262152068E-4
6869 2.98558262152068E-4
6907 2.98558262152068E-4
692236 2.98558262152068E-4
6925 2.98558262152068E-4
6932 2.98558262152068E-4
6945 2.98558262152068E-4
6948 2.98558262152068E-4
7015 2.98558262152068E-4
7019 2.98558262152068E-4
7068 2.98558262152068E-4
7078 2.98558262152068E-4
7098 2.98558262152068E-4
717 2.98558262152068E-4
7173 2.98558262152068E-4
7180 2.98558262152068E-4
728492 2.98558262152068E-4
7291 2.98558262152068E-4
7329 2.98558262152068E-4
7335 2.98558262152068E-4
7345 2.98558262152068E-4
7415 2.98558262152068E-4
7431 2.98558262152068E-4
7450 2.98558262152068E-4
7454 2.98558262152068E-4
7486 2.98558262152068E-4
7507 2.98558262152068E-4
7515 2.98558262152068E-4
759 2.98558262152068E-4
7852 2.98558262152068E-4
79054 2.98558262152068E-4
7933 2.98558262152068E-4
7941 2.98558262152068E-4
7942 2.98558262152068E-4
79648 2.98558262152068E-4
7975 2.98558262152068E-4
79811 2.98558262152068E-4
79827 2.98558262152068E-4
79947 2.98558262152068E-4
80005 2.98558262152068E-4
80142 2.98558262152068E-4
8048 2.98558262152068E-4
80818 2.98558262152068E-4
80834 2.98558262152068E-4
80856 2.98558262152068E-4
8091 2.98558262152068E-4
81300 2.98558262152068E-4
81697 2.98558262152068E-4
8213 2.98558262152068E-4
8293 2.98558262152068E-4
831 2.98558262152068E-4
83552 2.98558262152068E-4
83756 2.98558262152068E-4
83985 2.98558262152068E-4
8411 2.98558262152068E-4
8422 2.98558262152068E-4
84268 2.98558262152068E-4
84295 2.98558262152068E-4
8435 2.98558262152068E-4
84458 2.98558262152068E-4
84619 2.98558262152068E-4
8462 2.98558262152068E-4
84654 2.98558262152068E-4
8473 2.98558262152068E-4
84984 2.98558262152068E-4
8535 2.98558262152068E-4
8543 2.98558262152068E-4
8600 2.98558262152068E-4
8609 2.98558262152068E-4
8622 2.98558262152068E-4
8633 2.98558262152068E-4
8731 2.98558262152068E-4
8737 2.98558262152068E-4
8842 2.98558262152068E-4
8846 2.98558262152068E-4
8853 2.98558262152068E-4
8863 2.98558262152068E-4
8874 2.98558262152068E-4
8878 2.98558262152068E-4
8882 2.98558262152068E-4
8996 2.98558262152068E-4
9016 2.98558262152068E-4
9056 2.98558262152068E-4
90665 2.98558262152068E-4
9170 2.98558262152068E-4
9248 2.98558262152068E-4
928 2.98558262152068E-4
930 2.98558262152068E-4
931 2.98558262152068E-4
93210 2.98558262152068E-4
9377 2.98558262152068E-4
9407 2.98558262152068E-4
94081 2.98558262152068E-4
9415 2.98558262152068E-4
9450 2.98558262152068E-4
9468 2.98558262152068E-4
9521 2.98558262152068E-4
9553 2.98558262152068E-4
958 2.98558262152068E-4
9730 2.98558262152068E-4
9733 2.98558262152068E-4
9824 2.98558262152068E-4
9852 2.98558262152068E-4
987 2.98558262152068E-4
9969 2.98558262152068E-4
