27185 0.59191202624409
1312 0.5
3084 0.495531836760285
6531 0.476952823864945
627 0.471235630168738
1813 0.470676855127338
84062 0.470209846992658
207 0.467761540782862
1814 0.443921635982365
267012 0.440866511631698
3356 0.43884614552578
4842 0.435550878247777
9378 0.433667761768145
4524 0.415379559095938
5999 0.411296809142936
6532 0.409870910156118
10814 0.408356981935054
1815 0.40811790206611
23236 0.400597116524304
1610 0.371903014970087
2913 0.369573273107093
7124 0.367054698620253
348 0.364477399899189
5649 0.361053140109919
1268 0.347990610135833
2571 0.346990508521479
7166 0.345303585776464
2904 0.344969335436612
1812 0.343586269764156
5625 0.343550577686456
2561 0.338702261336622
7157 0.335025145878874
3553 0.333963670625093
91752 0.327832003725135
5142 0.327326654107551
319100 0.326859645972871
3362 0.326800921738647
2932 0.324399795720253
4908 0.324246655174107
5362 0.32284828017527
57142 0.32284828017527
54806 0.321523938737038
1116 0.319005364250197
65078 0.318765530222268
3363 0.318443939803593
5108 0.317476880861736
9685 0.317178322599584
2572 0.316879764337432
6854 0.31654551399758
3123 0.314231081460968
4129 0.314231081460968
22854 0.313728381248587
4900 0.313598272858963
4729 0.312797014384431
10718 0.312738290150208
8542 0.312141173625903
10752 0.311508365023899
2912 0.310911248499595
9993 0.310015573713139
3269 0.309418457188834
3569 0.308989790537059
1739 0.308392674012754
2901 0.308392674012754
3240 0.308392674012754
2908 0.308058423672902
5816 0.308022731595202
4923 0.30779555748845
2906 0.307496999226298
23780 0.307198440964146
2931 0.307198440964146
80832 0.306899882701994
6347 0.306864190624294
3570 0.305968515837837
816 0.305037148973681
8991 0.304942732661757
3094 0.304644174399605
5291 0.304644174399605
84547 0.304644174399605
26047 0.304608482321905
6855 0.304608482321905
8787 0.304345616137453
84628 0.304309924059753
222698 0.304047057875301
2260 0.304047057875301
5062 0.304047057875301
90139 0.304047057875301
2559 0.303748499613149
4233 0.303748499613149
6863 0.303748499613149
2898 0.303115691011145
338442 0.303115691011145
27184 0.302985582621521
5245 0.30251857448684
10815 0.301791349572912
4914 0.30149279131076
6529 0.30149279131076
406928 0.301194233048608
6671 0.301194233048608
7434 0.301194233048608
100329170 0.300597116524304
387032 0.300597116524304
5021 0.300597116524304
51150 0.300597116524304
1356 0.300298558262152
220988 0.300298558262152
3559 0.300298558262152
4538 0.300298558262152
6377 0.300298558262152
6378 0.300298558262152
63944 0.300298558262152
6426 0.300298558262152
694 0.300298558262152
7057 0.300298558262152
100196913 0.3
10641 0.3
10659 0.3
1108 0.3
11278 0.3
113 0.3
115111 0.3
116369 0.3
119749 0.3
1281 0.3
131177 0.3
146279 0.3
147657 0.3
147929 0.3
166378 0.3
1806 0.3
1983 0.3
221393 0.3
22906 0.3
23228 0.3
23339 0.3
2475 0.3
255101 0.3
2563 0.3
259173 0.3
2694 0.3
284217 0.3
29115 0.3
339230 0.3
348327 0.3
3632 0.3
3791 0.3
3836 0.3
387509 0.3
3908 0.3
4035 0.3
404686 0.3
5371 0.3
54659 0.3
551 0.3
55206 0.3
55366 0.3
55717 0.3
55737 0.3
55741 0.3
55824 0.3
6002 0.3
60493 0.3
619488 0.3
6365 0.3
641372 0.3
8204 0.3
8295 0.3
837 0.3
8400 0.3
8401 0.3
84678 0.3
8806 0.3
90952 0.3
9508 0.3
9600 0.3
9821 0.3
9947 0.3
2902 0.132603637109161
4929 0.120294013610729
6616 0.119901039036653
63826 0.117178322599584
5743 0.109681323373286
4135 0.106864190624294
347730 0.103115691011145
5534 0.10251857448684
134864 0.100298558262152
4192 0.100298558262152
5609 0.100298558262152
7546 0.100298558262152
8831 0.100298558262152
9901 0.100298558262152
1075 0.1
5496 0.1
552 0.1
9469 0.1
4855 0.0889128876971431
1565 0.0668658659964059
1139 0.0597618413441833
3358 0.0448749191246881
3782 0.0430478774740753
4128 0.0429891532398521
7054 0.0416291197239196
9722 0.0402894689593059
1544 0.0392763457044034
3586 0.0359208206653299
5321 0.0339636706250932
5533 0.0334252783350122
2066 0.033067995838637
1621 0.0329735795267135
886 0.0312766462657246
5305 0.0312409541880242
2899 0.0287580717788842
1816 0.027732288602804
1267 0.0271938963127231
2784 0.0260353553418152
9638 0.0255709966123388
282706 0.0253925362238369
7976 0.0252724383501867
1636 0.0249738800880347
8224 0.0246396297481822
29801 0.024282347251807
2099 0.0227538638633463
2903 0.0227181717856459
3119 0.0221567473390422
84152 0.0214882466593373
53826 0.021261072552586
89832 0.0211566457246887
2893 0.0200311474262773
6648 0.0200311474262773
3350 0.0198296548812526
6925 0.0194723723848774
4790 0.0183778544586004
2730 0.018109689463741
7494 0.018109689463741
1808 0.0174768808617365
5243 0.0173824645498129
4099 0.016844072259732
4852 0.0167496559478084
23305 0.0165812060752803
81565 0.0164510976856564
3351 0.0162826478131282
3563 0.0162826478131282
2944 0.0158896732390526
1114 0.0156498392111237
1270 0.0155554228992002
10280 0.0152925567147485
7122 0.0150527226868195
1960 0.014958306374896
9968 0.0149226142971956
2900 0.014659748112744
7018 0.0144556061625154
2668 0.0143611898505919
7533 0.0143611898505919
93986 0.0143611898505919
1438 0.0140626315884398
2917 0.0140626315884398
1791 0.0140322383211472
51008 0.0140322383211472
8874 0.0140322383211472
958 0.0140322383211472
10215 0.0137283812485874
1137 0.0134655150641357
1141 0.0134655150641357
7353 0.0134655150641357
10611 0.0134298229864353
2065 0.0134298229864353
9145 0.0134298229864353
6536 0.0131669568019836
127933 0.0131312647242832
3843 0.0131312647242832
9463 0.0130955726465829
1742 0.0130368484123597
3359 0.0130368484123597
4049 0.0128327064621312
51735 0.0128327064621312
5621 0.0128327064621312
6571 0.0127970143844308
3105 0.0124397318880556
2952 0.0118426153637514
54820 0.0118426153637514
3304 0.0115440571015994
6310 0.0115440571015994
4915 0.0113042230736704
3305 0.0112454988394473
3360 0.0112098067617469
3558 0.0112098067617469
6663 0.0112098067617469
6285 0.0111741146840465
1821 0.0109469405772952
7941 0.0109469405772952
3565 0.0109112484995949
6007 0.0109112484995949
57030 0.0108755564218945
1728 0.0106126902374428
255239 0.0106126902374428
2894 0.0106126902374428
3303 0.0106126902374428
8128 0.0106126902374428
9575 0.0106126902374428
2891 0.0103141319752907
51586 0.0103141319752907
7148 0.0103141319752907
8564 0.0103141319752907
1128 0.0102784398975903
885 0.0101840235856668
1577 0.0100155737131386
3720 0.0100155737131386
56990 0.0100155737131386
5997 0.0100155737131386
288 0.00988546532351474
2033 0.00985242265101823
6899 0.00984977324581436
159 0.00971701545098658
468 0.00971701545098658
4762 0.00971701545098658
3552 0.00958690706136267
3839 0.00938276511113413
7257 0.00928834879921061
4155 0.00908420684898206
1950 0.00898979053705854
1113 0.00878564858683
2670 0.00874995650912962
2915 0.00869123227490647
3557 0.00869123227490647
3562 0.00869123227490647
9177 0.00869123227490647
6505 0.00865554019720609
775 0.00852543180758218
1644 0.0083926740127544
2950 0.0083926740127544
5048 0.0083926740127544
5173 0.0083926740127544
6530 0.0083926740127544
8398 0.0083926740127544
2837 0.00835963134025789
8170 0.00835963134025789
1959 0.00809411575060234
2550 0.00809411575060234
2554 0.00809411575060234
2566 0.00809411575060234
3757 0.00809411575060234
5116 0.00809411575060234
5289 0.00809411575060234
54584 0.00809411575060234
116 0.00805842367290195
64067 0.00805842367290195
9444 0.00802273159520157
1432 0.00779555748845027
1439 0.00779555748845027
1493 0.00779555748845027
1822 0.00779555748845027
5297 0.00779555748845027
5803 0.00779555748845027
7133 0.00779555748845027
497258 0.00776251481595376
6507 0.00775986541074989
801 0.00775986541074989
10279 0.0074969992262982
1576 0.0074969992262982
2914 0.0074969992262982
2953 0.0074969992262982
3274 0.0074969992262982
4482 0.0074969992262982
4627 0.0074969992262982
4854 0.0074969992262982
5444 0.0074969992262982
5578 0.0074969992262982
2876 0.00746130714859782
2890 0.00746130714859782
3106 0.00746130714859782
116285 0.00719844096414613
221 0.00719844096414613
283748 0.00719844096414613
3700 0.00719844096414613
3714 0.00719844096414613
4853 0.00719844096414613
51473 0.00719844096414613
5468 0.00719844096414613
6470 0.00719844096414613
81567 0.00719844096414613
84466 0.00719844096414613
8829 0.00719844096414613
347 0.00716274888644575
3952 0.00716274888644575
6570 0.00716274888644575
5319 0.00703264049682184
100130898 0.00689988270199407
1760 0.00689988270199407
1789 0.00689988270199407
2246 0.00689988270199407
283652 0.00689988270199407
3117 0.00689988270199407
1437 0.00686684002949756
3126 0.00686684002949756
472 0.00686419062429368
4988 0.00686419062429368
4684 0.0068284985465933
129831 0.00673408223466978
56117 0.00673408223466978
6934 0.00673408223466978
10400 0.00656563236214162
2703 0.00656563236214162
2778 0.00656563236214162
2892 0.00656563236214162
3061 0.00656563236214162
321 0.00656563236214162
4650 0.00656563236214162
4835 0.00656563236214162
5074 0.00656563236214162
6509 0.00656563236214162
6510 0.00656563236214162
6511 0.00656563236214162
7351 0.00656563236214162
7447 0.00656563236214162
780 0.00656563236214162
9016 0.00656563236214162
9152 0.00656563236214162
9481 0.00656563236214162
1786 0.00652994028444123
6506 0.00643552397251771
3133 0.00626972350519342
1133 0.00626707409998955
1234 0.00626707409998955
1501 0.00626707409998955
27020 0.00626707409998955
27121 0.00626707409998955
3383 0.00626707409998955
3587 0.00626707409998955
3897 0.00626707409998955
4277 0.00626707409998955
55163 0.00626707409998955
688 0.00626707409998955
7048 0.00626707409998955
8490 0.00626707409998955
9019 0.00626707409998955
121278 0.00613696571036564
146 0.00597116524304135
3918 0.00597116524304135
2823 0.00596851583783748
4130 0.00596851583783748
5538 0.00596851583783748
81848 0.00596851583783748
8927 0.00596851583783748
4133 0.0059328237601371
4747 0.0059328237601371
8214 0.0059328237601371
84687 0.0059328237601371
148 0.00583840744821357
2752 0.00583840744821357
3145 0.00583840744821357
11261 0.00580271537051319
56994 0.00567260698088929
79947 0.00567260698088929
133 0.00563426549798503
4340 0.00563426549798503
230 0.00533570723583296
2562 0.00533570723583296
2729 0.00524129092390944
4922 0.00524129092390944
7143 0.00524129092390944
7534 0.00520559884620906
9856 0.00507549045658515
10326 0.0050371489736809
1428 0.0050371489736809
3098 0.0050371489736809
3312 0.0050371489736809
335 0.0050371489736809
5037 0.0050371489736809
5414 0.0050371489736809
57471 0.0050371489736809
7334 0.0050371489736809
7384 0.0050371489736809
9368 0.0050371489736809
9456 0.0050371489736809
135 0.00494273266175737
23040 0.00494273266175737
421 0.00494273266175737
4318 0.00494273266175737
5320 0.00494273266175737
23209 0.00490704058405699
133482 0.0046441743996053
150 0.0046441743996053
19 0.0046441743996053
23774 0.0046441743996053
25830 0.0046441743996053
259266 0.0046441743996053
3560 0.0046441743996053
367 0.0046441743996053
4905 0.0046441743996053
5290 0.0046441743996053
57084 0.0046441743996053
5979 0.0046441743996053
6558 0.0046441743996053
4760 0.00447837393228102
10369 0.00434561613745324
10524 0.00434561613745324
1103 0.00434561613745324
1557 0.00434561613745324
1961 0.00434561613745324
2263 0.00434561613745324
27115 0.00434561613745324
3034 0.00434561613745324
3352 0.00434561613745324
3361 0.00434561613745324
4916 0.00434561613745324
5053 0.00434561613745324
5521 0.00434561613745324
6870 0.00434561613745324
6908 0.00434561613745324
7276 0.00434561613745324
5354 0.00430992405975285
10383 0.00417981567012895
1029 0.00404705787530117
1138 0.00404705787530117
116443 0.00404705787530117
1392 0.00404705787530117
1393 0.00404705787530117
1394 0.00404705787530117
155 0.00404705787530117
1571 0.00404705787530117
170572 0.00404705787530117
200909 0.00404705787530117
2026 0.00404705787530117
216 0.00404705787530117
2166 0.00404705787530117
2317 0.00404705787530117
23245 0.00404705787530117
23551 0.00404705787530117
2395 0.00404705787530117
2477 0.00404705787530117
2558 0.00404705787530117
266727 0.00404705787530117
2675 0.00404705787530117
285242 0.00404705787530117
3578 0.00404705787530117
361 0.00404705787530117
3613 0.00404705787530117
4023 0.00404705787530117
409 0.00404705787530117
429 0.00404705787530117
5027 0.00404705787530117
51497 0.00404705787530117
6303 0.00404705787530117
6315 0.00404705787530117
63915 0.00404705787530117
64478 0.00404705787530117
7052 0.00404705787530117
706 0.00404705787530117
7444 0.00404705787530117
774 0.00404705787530117
8220 0.00404705787530117
8841 0.00404705787530117
8970 0.00404705787530117
9342 0.00404705787530117
9369 0.00404705787530117
9455 0.00404705787530117
9607 0.00404705787530117
9759 0.00404705787530117
5443 0.00401136579760079
3630 0.00388125740797688
100137049 0.0037484996131491
10634 0.0037484996131491
10675 0.0037484996131491
10806 0.0037484996131491
11240 0.0037484996131491
1129 0.0037484996131491
1136 0.0037484996131491
1191 0.0037484996131491
1269 0.0037484996131491
134 0.0037484996131491
1386 0.0037484996131491
1395 0.0037484996131491
152 0.0037484996131491
1592 0.0037484996131491
1630 0.0037484996131491
1719 0.0037484996131491
1745 0.0037484996131491
1948 0.0037484996131491
1958 0.0037484996131491
208 0.0037484996131491
2100 0.0037484996131491
218 0.0037484996131491
2194 0.0037484996131491
220 0.0037484996131491
2203 0.0037484996131491
223117 0.0037484996131491
22809 0.0037484996131491
23043 0.0037484996131491
2328 0.0037484996131491
23523 0.0037484996131491
23569 0.0037484996131491
238 0.0037484996131491
2532 0.0037484996131491
2534 0.0037484996131491
26146 0.0037484996131491
26223 0.0037484996131491
266553 0.0037484996131491
2688 0.0037484996131491
26985 0.0037484996131491
2744 0.0037484996131491
283871 0.0037484996131491
2918 0.0037484996131491
3064 0.0037484996131491
340665 0.0037484996131491
3554 0.0037484996131491
3593 0.0037484996131491
3697 0.0037484996131491
3756 0.0037484996131491
3766 0.0037484996131491
3796 0.0037484996131491
3976 0.0037484996131491
4009 0.0037484996131491
4010 0.0037484996131491
407030 0.0037484996131491
407034 0.0037484996131491
4137 0.0037484996131491
4158 0.0037484996131491
4306 0.0037484996131491
460 0.0037484996131491
47 0.0037484996131491
4846 0.0037484996131491
5063 0.0037484996131491
5080 0.0037484996131491
5105 0.0037484996131491
51299 0.0037484996131491
51319 0.0037484996131491
5144 0.0037484996131491
51738 0.0037484996131491
5309 0.0037484996131491
5454 0.0037484996131491
54808 0.0037484996131491
55784 0.0037484996131491
56603 0.0037484996131491
5663 0.0037484996131491
5742 0.0037484996131491
6014 0.0037484996131491
613212 0.0037484996131491
6257 0.0037484996131491
654 0.0037484996131491
6715 0.0037484996131491
6720 0.0037484996131491
6721 0.0037484996131491
6890 0.0037484996131491
6891 0.0037484996131491
6892 0.0037484996131491
6950 0.0037484996131491
7020 0.0037484996131491
7099 0.0037484996131491
7132 0.0037484996131491
7515 0.0037484996131491
7625 0.0037484996131491
773 0.0037484996131491
7903 0.0037484996131491
80831 0.0037484996131491
8605 0.0037484996131491
861 0.0037484996131491
8664 0.0037484996131491
8682 0.0037484996131491
875 0.0037484996131491
8854 0.0037484996131491
9253 0.0037484996131491
93663 0.0037484996131491
9370 0.0037484996131491
9373 0.0037484996131491
9446 0.0037484996131491
9583 0.0037484996131491
962 0.0037484996131491
6647 0.00371280753544872
6667 0.00371280753544872
114787 0.00358269914582481
340719 0.00358269914582481
54858 0.00358269914582481
100270885 0.00344994135099703
100271070 0.00344994135099703
100271498 0.00344994135099703
10076 0.00344994135099703
10114 0.00344994135099703
10347 0.00344994135099703
10385 0.00344994135099703
10500 0.00344994135099703
10606 0.00344994135099703
10786 0.00344994135099703
10863 0.00344994135099703
10947 0.00344994135099703
11118 0.00344994135099703
11119 0.00344994135099703
11132 0.00344994135099703
11162 0.00344994135099703
11167 0.00344994135099703
11197 0.00344994135099703
11255 0.00344994135099703
114786 0.00344994135099703
115352 0.00344994135099703
116987 0.00344994135099703
119369 0.00344994135099703
123624 0.00344994135099703
123803 0.00344994135099703
1294 0.00344994135099703
1373 0.00344994135099703
150677 0.00344994135099703
154661 0.00344994135099703
1605 0.00344994135099703
160777 0.00344994135099703
18 0.00344994135099703
219402 0.00344994135099703
22978 0.00344994135099703
23166 0.00344994135099703
23218 0.00344994135099703
23286 0.00344994135099703
23322 0.00344994135099703
2568 0.00344994135099703
25874 0.00344994135099703
26137 0.00344994135099703
26227 0.00344994135099703
26354 0.00344994135099703
2697 0.00344994135099703
27133 0.00344994135099703
27257 0.00344994135099703
2746 0.00344994135099703
275 0.00344994135099703
2771 0.00344994135099703
2817 0.00344994135099703
28232 0.00344994135099703
285220 0.00344994135099703
29072 0.00344994135099703
29116 0.00344994135099703
2998 0.00344994135099703
338 0.00344994135099703
3480 0.00344994135099703
3486 0.00344994135099703
3567 0.00344994135099703
360184 0.00344994135099703
3615 0.00344994135099703
3667 0.00344994135099703
3675 0.00344994135099703
3703 0.00344994135099703
375298 0.00344994135099703
387615 0.00344994135099703
3913 0.00344994135099703
399979 0.00344994135099703
403238 0.00344994135099703
406955 0.00344994135099703
406956 0.00344994135099703
406975 0.00344994135099703
406989 0.00344994135099703
407012 0.00344994135099703
407013 0.00344994135099703
407017 0.00344994135099703
407048 0.00344994135099703
407049 0.00344994135099703
4131 0.00344994135099703
4134 0.00344994135099703
4287 0.00344994135099703
4325 0.00344994135099703
4486 0.00344994135099703
4508 0.00344994135099703
473 0.00344994135099703
4744 0.00344994135099703
4795 0.00344994135099703
4851 0.00344994135099703
4857 0.00344994135099703
4897 0.00344994135099703
491 0.00344994135099703
4973 0.00344994135099703
50640 0.00344994135099703
51141 0.00344994135099703
51246 0.00344994135099703
51294 0.00344994135099703
5132 0.00344994135099703
51454 0.00344994135099703
5167 0.00344994135099703
51742 0.00344994135099703
5286 0.00344994135099703
5288 0.00344994135099703
5330 0.00344994135099703
53340 0.00344994135099703
53616 0.00344994135099703
5364 0.00344994135099703
54106 0.00344994135099703
5467 0.00344994135099703
54805 0.00344994135099703
55137 0.00344994135099703
5576 0.00344994135099703
55966 0.00344994135099703
56125 0.00344994135099703
56145 0.00344994135099703
5660 0.00344994135099703
5738 0.00344994135099703
5793 0.00344994135099703
58155 0.00344994135099703
6004 0.00344994135099703
6091 0.00344994135099703
6092 0.00344994135099703
6117 0.00344994135099703
6401 0.00344994135099703
64084 0.00344994135099703
645548 0.00344994135099703
647016 0.00344994135099703
6492 0.00344994135099703
65010 0.00344994135099703
6504 0.00344994135099703
653702 0.00344994135099703
6568 0.00344994135099703
6583 0.00344994135099703
6599 0.00344994135099703
6609 0.00344994135099703
7185 0.00344994135099703
7187 0.00344994135099703
729993 0.00344994135099703
7375 0.00344994135099703
7402 0.00344994135099703
7476 0.00344994135099703
7726 0.00344994135099703
7738 0.00344994135099703
7846 0.00344994135099703
7867 0.00344994135099703
7869 0.00344994135099703
790 0.00344994135099703
79012 0.00344994135099703
7915 0.00344994135099703
80830 0.00344994135099703
8087 0.00344994135099703
8120 0.00344994135099703
8314 0.00344994135099703
83698 0.00344994135099703
83933 0.00344994135099703
8395 0.00344994135099703
8404 0.00344994135099703
8448 0.00344994135099703
84620 0.00344994135099703
8513 0.00344994135099703
85235 0.00344994135099703
85397 0.00344994135099703
8546 0.00344994135099703
8633 0.00344994135099703
8751 0.00344994135099703
8833 0.00344994135099703
8863 0.00344994135099703
8943 0.00344994135099703
8969 0.00344994135099703
91 0.00344994135099703
91405 0.00344994135099703
94026 0.00344994135099703
9507 0.00344994135099703
9531 0.00344994135099703
9542 0.00344994135099703
9639 0.00344994135099703
96459 0.00344994135099703
9761 0.00344994135099703
993 0.00344994135099703
9956 0.00344994135099703
10371 0.00341424927329665
1132 0.00341424927329665
12 0.00341424927329665
2597 0.00341424927329665
27087 0.00341424927329665
2774 0.00341424927329665
2847 0.00341424927329665
2897 0.00341424927329665
65018 0.00341424927329665
7531 0.00341424927329665
760 0.00341424927329665
5547 0.00328414088367274
56144 0.00328414088367274
6281 0.00328414088367274
649 0.00328414088367274
80896 0.00328414088367274
140679 0.00311569101114458
3065 0.00311569101114458
3309 0.00311569101114458
3606 0.00311569101114458
3953 0.00311569101114458
4297 0.00311569101114458
4522 0.00311569101114458
4976 0.00311569101114458
6804 0.00311569101114458
6869 0.00311569101114458
7436 0.00311569101114458
9699 0.00311569101114458
10194 0.00298558262152068
27158 0.00298558262152068
4397 0.00298558262152068
1152 0.00281713274899252
2019 0.00281713274899252
23208 0.00281713274899252
23395 0.00281713274899252
259217 0.00281713274899252
27037 0.00281713274899252
2911 0.00281713274899252
324 0.00281713274899252
3337 0.00281713274899252
3674 0.00281713274899252
3725 0.00281713274899252
4190 0.00281713274899252
4535 0.00281713274899252
4540 0.00281713274899252
4552 0.00281713274899252
4804 0.00281713274899252
498 0.00281713274899252
5100 0.00281713274899252
51734 0.00281713274899252
55605 0.00281713274899252
5730 0.00281713274899252
60484 0.00281713274899252
6586 0.00281713274899252
6709 0.00281713274899252
71 0.00281713274899252
728637 0.00281713274899252
7529 0.00281713274899252
7532 0.00281713274899252
8443 0.00281713274899252
9248 0.00281713274899252
9588 0.00281713274899252
9764 0.00281713274899252
9783 0.00281713274899252
9826 0.00281713274899252
118460 0.00268702435936861
4858 0.00268702435936861
6999 0.00268702435936861
8909 0.00268702435936861
10273 0.00251857448684045
103910 0.00251857448684045
10476 0.00251857448684045
10580 0.00251857448684045
10612 0.00251857448684045
1072 0.00251857448684045
10949 0.00251857448684045
1155 0.00251857448684045
1212 0.00251857448684045
128 0.00251857448684045
1407 0.00251857448684045
140885 0.00251857448684045
1457 0.00251857448684045
1674 0.00251857448684045
1759 0.00251857448684045
176 0.00251857448684045
1974 0.00251857448684045
203 0.00251857448684045
203068 0.00251857448684045
2036 0.00251857448684045
2193 0.00251857448684045
23136 0.00251857448684045
27301 0.00251857448684045
2782 0.00251857448684045
283237 0.00251857448684045
29114 0.00251857448684045
2935 0.00251857448684045
3028 0.00251857448684045
3190 0.00251857448684045
3192 0.00251857448684045
3320 0.00251857448684045
3329 0.00251857448684045
347733 0.00251857448684045
3812 0.00251857448684045
406920 0.00251857448684045
4090 0.00251857448684045
4642 0.00251857448684045
4711 0.00251857448684045
4722 0.00251857448684045
4726 0.00251857448684045
4741 0.00251857448684045
4841 0.00251857448684045
493 0.00251857448684045
4968 0.00251857448684045
50 0.00251857448684045
50809 0.00251857448684045
5110 0.00251857448684045
51673 0.00251857448684045
5213 0.00251857448684045
5230 0.00251857448684045
523 0.00251857448684045
5339 0.00251857448684045
5530 0.00251857448684045
5582 0.00251857448684045
55915 0.00251857448684045
55968 0.00251857448684045
56147 0.00251857448684045
56267 0.00251857448684045
57863 0.00251857448684045
5813 0.00251857448684045
6017 0.00251857448684045
6050 0.00251857448684045
6137 0.00251857448684045
6204 0.00251857448684045
6431 0.00251857448684045
6432 0.00251857448684045
6456 0.00251857448684045
64710 0.00251857448684045
6801 0.00251857448684045
7001 0.00251857448684045
7045 0.00251857448684045
7086 0.00251857448684045
7203 0.00251857448684045
7431 0.00251857448684045
79180 0.00251857448684045
815 0.00251857448684045
8353 0.00251857448684045
84823 0.00251857448684045
8502 0.00251857448684045
85300 0.00251857448684045
8880 0.00251857448684045
9114 0.00251857448684045
9118 0.00251857448684045
9217 0.00251857448684045
9829 0.00251857448684045
9948 0.00251857448684045
11178 0.00238846609721654
151056 0.00238846609721654
1555 0.00238846609721654
2004 0.00238846609721654
26 0.00238846609721654
27319 0.00238846609721654
5225 0.00238846609721654
5265 0.00238846609721654
84650 0.00238846609721654
11258 0.00208990783506447
11331 0.00208990783506447
124590 0.00208990783506447
1778 0.00208990783506447
1810 0.00208990783506447
23158 0.00208990783506447
2690 0.00208990783506447
30816 0.00208990783506447
3120 0.00208990783506447
6750 0.00208990783506447
761 0.00208990783506447
8797 0.00208990783506447
124935 0.00179134957291241
2010 0.00179134957291241
2596 0.00179134957291241
414 0.00179134957291241
5345 0.00179134957291241
55238 0.00179134957291241
55885 0.00179134957291241
5617 0.00179134957291241
805 0.00179134957291241
808 0.00179134957291241
100533181 0.00149279131076034
11076 0.00149279131076034
1326 0.00149279131076034
1756 0.00149279131076034
25823 0.00149279131076034
3342 0.00149279131076034
3355 0.00149279131076034
3458 0.00149279131076034
4635 0.00149279131076034
6625 0.00149279131076034
6783 0.00149279131076034
759 0.00149279131076034
79837 0.00149279131076034
834 0.00149279131076034
8824 0.00149279131076034
8935 0.00149279131076034
100038246 0.00119423304860827
10846 0.00119423304860827
10959 0.00119423304860827
140767 0.00119423304860827
1714 0.00119423304860827
1776 0.00119423304860827
2332 0.00119423304860827
23761 0.00119423304860827
27306 0.00119423304860827
29974 0.00119423304860827
31 0.00119423304860827
3239 0.00119423304860827
3308 0.00119423304860827
3479 0.00119423304860827
351 0.00119423304860827
3550 0.00119423304860827
373156 0.00119423304860827
4240 0.00119423304860827
434 0.00119423304860827
443 0.00119423304860827
5020 0.00119423304860827
5141 0.00119423304860827
5199 0.00119423304860827
5293 0.00119423304860827
5294 0.00119423304860827
5662 0.00119423304860827
5664 0.00119423304860827
6595 0.00119423304860827
718 0.00119423304860827
7299 0.00119423304860827
7495 0.00119423304860827
762 0.00119423304860827
79176 0.00119423304860827
79680 0.00119423304860827
8326 0.00119423304860827
83853 0.00119423304860827
8444 0.00119423304860827
84867 0.00119423304860827
9048 0.00119423304860827
928 0.00119423304860827
9474 0.00119423304860827
100126595 8.95674786456203E-4
100379198 8.95674786456203E-4
1125 8.95674786456203E-4
117 8.95674786456203E-4
1316 8.95674786456203E-4
1385 8.95674786456203E-4
1401 8.95674786456203E-4
1429 8.95674786456203E-4
144125 8.95674786456203E-4
1463 8.95674786456203E-4
151 8.95674786456203E-4
1740 8.95674786456203E-4
1741 8.95674786456203E-4
1748 8.95674786456203E-4
1844 8.95674786456203E-4
190 8.95674786456203E-4
199699 8.95674786456203E-4
2068 8.95674786456203E-4
2158 8.95674786456203E-4
2173 8.95674786456203E-4
23336 8.95674786456203E-4
23413 8.95674786456203E-4
23621 8.95674786456203E-4
25801 8.95674786456203E-4
27352 8.95674786456203E-4
28 8.95674786456203E-4
291 8.95674786456203E-4
293 8.95674786456203E-4
2946 8.95674786456203E-4
3052 8.95674786456203E-4
353 8.95674786456203E-4
3643 8.95674786456203E-4
388531 8.95674786456203E-4
4152 8.95674786456203E-4
4295 8.95674786456203E-4
474256 8.95674786456203E-4
4843 8.95674786456203E-4
51237 8.95674786456203E-4
5155 8.95674786456203E-4
5594 8.95674786456203E-4
56245 8.95674786456203E-4
56655 8.95674786456203E-4
5669 8.95674786456203E-4
5726 8.95674786456203E-4
5727 8.95674786456203E-4
57498 8.95674786456203E-4
57804 8.95674786456203E-4
5817 8.95674786456203E-4
594857 8.95674786456203E-4
64395 8.95674786456203E-4
64396 8.95674786456203E-4
6736 8.95674786456203E-4
8030 8.95674786456203E-4
811 8.95674786456203E-4
8471 8.95674786456203E-4
85358 8.95674786456203E-4
8624 8.95674786456203E-4
8788 8.95674786456203E-4
8851 8.95674786456203E-4
8929 8.95674786456203E-4
920 8.95674786456203E-4
9229 8.95674786456203E-4
9863 8.95674786456203E-4
9973 8.95674786456203E-4
100287171 5.97116524304135E-4
100775105 5.97116524304135E-4
1012 5.97116524304135E-4
101669765 5.97116524304135E-4
10216 5.97116524304135E-4
10249 5.97116524304135E-4
10313 5.97116524304135E-4
10410 5.97116524304135E-4
10462 5.97116524304135E-4
10537 5.97116524304135E-4
10581 5.97116524304135E-4
10663 5.97116524304135E-4
1068 5.97116524304135E-4
10695 5.97116524304135E-4
10966 5.97116524304135E-4
115004 5.97116524304135E-4
1351 5.97116524304135E-4
1371 5.97116524304135E-4
1384 5.97116524304135E-4
143662 5.97116524304135E-4
1454 5.97116524304135E-4
1496 5.97116524304135E-4
1523 5.97116524304135E-4
154043 5.97116524304135E-4
1594 5.97116524304135E-4
1622 5.97116524304135E-4
1627 5.97116524304135E-4
1663 5.97116524304135E-4
1672 5.97116524304135E-4
177 5.97116524304135E-4
1838 5.97116524304135E-4
1909 5.97116524304135E-4
1917 5.97116524304135E-4
196743 5.97116524304135E-4
1978 5.97116524304135E-4
2011 5.97116524304135E-4
2048 5.97116524304135E-4
2149 5.97116524304135E-4
22871 5.97116524304135E-4
22954 5.97116524304135E-4
23411 5.97116524304135E-4
23426 5.97116524304135E-4
2346 5.97116524304135E-4
23541 5.97116524304135E-4
2548 5.97116524304135E-4
259232 5.97116524304135E-4
2638 5.97116524304135E-4
27034 5.97116524304135E-4
2762 5.97116524304135E-4
2775 5.97116524304135E-4
28514 5.97116524304135E-4
2885 5.97116524304135E-4
28954 5.97116524304135E-4
2896 5.97116524304135E-4
2905 5.97116524304135E-4
2922 5.97116524304135E-4
2937 5.97116524304135E-4
2938 5.97116524304135E-4
2990 5.97116524304135E-4
3107 5.97116524304135E-4
3115 5.97116524304135E-4
3481 5.97116524304135E-4
3645 5.97116524304135E-4
3699 5.97116524304135E-4
3730 5.97116524304135E-4
3785 5.97116524304135E-4
387129 5.97116524304135E-4
3875 5.97116524304135E-4
3925 5.97116524304135E-4
404713 5.97116524304135E-4
4094 5.97116524304135E-4
4267 5.97116524304135E-4
4331 5.97116524304135E-4
4355 5.97116524304135E-4
4477 5.97116524304135E-4
4543 5.97116524304135E-4
4544 5.97116524304135E-4
4695 5.97116524304135E-4
4709 5.97116524304135E-4
4723 5.97116524304135E-4
4791 5.97116524304135E-4
4803 5.97116524304135E-4
4886 5.97116524304135E-4
4986 5.97116524304135E-4
5054 5.97116524304135E-4
5055 5.97116524304135E-4
50632 5.97116524304135E-4
5130 5.97116524304135E-4
5159 5.97116524304135E-4
5179 5.97116524304135E-4
52 5.97116524304135E-4
5267 5.97116524304135E-4
5308 5.97116524304135E-4
5368 5.97116524304135E-4
537 5.97116524304135E-4
54329 5.97116524304135E-4
54498 5.97116524304135E-4
5465 5.97116524304135E-4
54741 5.97116524304135E-4
5478 5.97116524304135E-4
5586 5.97116524304135E-4
56652 5.97116524304135E-4
567 5.97116524304135E-4
56925 5.97116524304135E-4
57007 5.97116524304135E-4
57105 5.97116524304135E-4
57128 5.97116524304135E-4
57216 5.97116524304135E-4
573 5.97116524304135E-4
57410 5.97116524304135E-4
57468 5.97116524304135E-4
5754 5.97116524304135E-4
57576 5.97116524304135E-4
5775 5.97116524304135E-4
5891 5.97116524304135E-4
5914 5.97116524304135E-4
5915 5.97116524304135E-4
5966 5.97116524304135E-4
607 5.97116524304135E-4
629 5.97116524304135E-4
6294 5.97116524304135E-4
64093 5.97116524304135E-4
64644 5.97116524304135E-4
64850 5.97116524304135E-4
649159 5.97116524304135E-4
653440 5.97116524304135E-4
6535 5.97116524304135E-4
653689 5.97116524304135E-4
6539 5.97116524304135E-4
6576 5.97116524304135E-4
6594 5.97116524304135E-4
6754 5.97116524304135E-4
680 5.97116524304135E-4
6853 5.97116524304135E-4
6947 5.97116524304135E-4
7063 5.97116524304135E-4
7064 5.97116524304135E-4
7126 5.97116524304135E-4
7178 5.97116524304135E-4
7294 5.97116524304135E-4
7296 5.97116524304135E-4
7356 5.97116524304135E-4
7421 5.97116524304135E-4
7453 5.97116524304135E-4
788 5.97116524304135E-4
794 5.97116524304135E-4
79513 5.97116524304135E-4
796 5.97116524304135E-4
79823 5.97116524304135E-4
799 5.97116524304135E-4
8026 5.97116524304135E-4
80331 5.97116524304135E-4
847 5.97116524304135E-4
85439 5.97116524304135E-4
8630 5.97116524304135E-4
8843 5.97116524304135E-4
887 5.97116524304135E-4
889 5.97116524304135E-4
9030 5.97116524304135E-4
9170 5.97116524304135E-4
9223 5.97116524304135E-4
929 5.97116524304135E-4
9360 5.97116524304135E-4
9377 5.97116524304135E-4
9732 5.97116524304135E-4
9787 5.97116524304135E-4
9990 5.97116524304135E-4
100188832 2.98558262152068E-4
100302690 2.98558262152068E-4
100303453 2.98558262152068E-4
100329167 2.98558262152068E-4
10205 2.98558262152068E-4
1022 2.98558262152068E-4
10306 2.98558262152068E-4
10327 2.98558262152068E-4
10395 2.98558262152068E-4
104 2.98558262152068E-4
1048 2.98558262152068E-4
10550 2.98558262152068E-4
10565 2.98558262152068E-4
10672 2.98558262152068E-4
107 2.98558262152068E-4
10743 2.98558262152068E-4
1084 2.98558262152068E-4
10849 2.98558262152068E-4
1087 2.98558262152068E-4
11099 2.98558262152068E-4
113130 2.98558262152068E-4
11341 2.98558262152068E-4
1135 2.98558262152068E-4
114799 2.98558262152068E-4
116519 2.98558262152068E-4
127062 2.98558262152068E-4
127064 2.98558262152068E-4
127069 2.98558262152068E-4
1400 2.98558262152068E-4
140902 2.98558262152068E-4
1421 2.98558262152068E-4
1448 2.98558262152068E-4
145581 2.98558262152068E-4
1513 2.98558262152068E-4
154 2.98558262152068E-4
154664 2.98558262152068E-4
1611 2.98558262152068E-4
161436 2.98558262152068E-4
1641 2.98558262152068E-4
1737 2.98558262152068E-4
175 2.98558262152068E-4
1785 2.98558262152068E-4
1797 2.98558262152068E-4
182 2.98558262152068E-4
1846 2.98558262152068E-4
1946 2.98558262152068E-4
196528 2.98558262152068E-4
1993 2.98558262152068E-4
2018 2.98558262152068E-4
202333 2.98558262152068E-4
2028 2.98558262152068E-4
203228 2.98558262152068E-4
2056 2.98558262152068E-4
2220 2.98558262152068E-4
2272 2.98558262152068E-4
22891 2.98558262152068E-4
22929 2.98558262152068E-4
22943 2.98558262152068E-4
22953 2.98558262152068E-4
23 2.98558262152068E-4
23380 2.98558262152068E-4
23405 2.98558262152068E-4
23408 2.98558262152068E-4
23500 2.98558262152068E-4
23524 2.98558262152068E-4
23590 2.98558262152068E-4
23600 2.98558262152068E-4
2406 2.98558262152068E-4
2414 2.98558262152068E-4
24144 2.98558262152068E-4
245910 2.98558262152068E-4
2569 2.98558262152068E-4
2570 2.98558262152068E-4
25797 2.98558262152068E-4
25824 2.98558262152068E-4
26002 2.98558262152068E-4
26030 2.98558262152068E-4
26059 2.98558262152068E-4
2633 2.98558262152068E-4
2641 2.98558262152068E-4
2644 2.98558262152068E-4
26503 2.98558262152068E-4
26523 2.98558262152068E-4
2662 2.98558262152068E-4
26716 2.98558262152068E-4
2674 2.98558262152068E-4
2676 2.98558262152068E-4
2678 2.98558262152068E-4
2681 2.98558262152068E-4
26952 2.98558262152068E-4
2696 2.98558262152068E-4
2702 2.98558262152068E-4
27161 2.98558262152068E-4
27303 2.98558262152068E-4
27350 2.98558262152068E-4
2768 2.98558262152068E-4
2770 2.98558262152068E-4
283120 2.98558262152068E-4
2840 2.98558262152068E-4
2873 2.98558262152068E-4
29102 2.98558262152068E-4
301 2.98558262152068E-4
3026 2.98558262152068E-4
3066 2.98558262152068E-4
3077 2.98558262152068E-4
30813 2.98558262152068E-4
3137 2.98558262152068E-4
3148 2.98558262152068E-4
3159 2.98558262152068E-4
3162 2.98558262152068E-4
3183 2.98558262152068E-4
320 2.98558262152068E-4
3242 2.98558262152068E-4
3339 2.98558262152068E-4
340451 2.98558262152068E-4
3416 2.98558262152068E-4
355 2.98558262152068E-4
3592 2.98558262152068E-4
3607 2.98558262152068E-4
3685 2.98558262152068E-4
375056 2.98558262152068E-4
3760 2.98558262152068E-4
3798 2.98558262152068E-4
3855 2.98558262152068E-4
3858 2.98558262152068E-4
3927 2.98558262152068E-4
3936 2.98558262152068E-4
3992 2.98558262152068E-4
3996 2.98558262152068E-4
405 2.98558262152068E-4
4153 2.98558262152068E-4
4160 2.98558262152068E-4
4161 2.98558262152068E-4
4245 2.98558262152068E-4
4336 2.98558262152068E-4
441933 2.98558262152068E-4
442911 2.98558262152068E-4
445347 2.98558262152068E-4
4485 2.98558262152068E-4
4490 2.98558262152068E-4
449489 2.98558262152068E-4
4547 2.98558262152068E-4
467 2.98558262152068E-4
4774 2.98558262152068E-4
4781 2.98558262152068E-4
4782 2.98558262152068E-4
4784 2.98558262152068E-4
4862 2.98558262152068E-4
4864 2.98558262152068E-4
488 2.98558262152068E-4
4907 2.98558262152068E-4
4928 2.98558262152068E-4
493901 2.98558262152068E-4
4978 2.98558262152068E-4
501 2.98558262152068E-4
5018 2.98558262152068E-4
5023 2.98558262152068E-4
5024 2.98558262152068E-4
5025 2.98558262152068E-4
5026 2.98558262152068E-4
5028 2.98558262152068E-4
5029 2.98558262152068E-4
503614 2.98558262152068E-4
50626 2.98558262152068E-4
50628 2.98558262152068E-4
50639 2.98558262152068E-4
5068 2.98558262152068E-4
51090 2.98558262152068E-4
5111 2.98558262152068E-4
51129 2.98558262152068E-4
51283 2.98558262152068E-4
51540 2.98558262152068E-4
5172 2.98558262152068E-4
5250 2.98558262152068E-4
54210 2.98558262152068E-4
54407 2.98558262152068E-4
54487 2.98558262152068E-4
54567 2.98558262152068E-4
54657 2.98558262152068E-4
54933 2.98558262152068E-4
55 2.98558262152068E-4
55193 2.98558262152068E-4
55300 2.98558262152068E-4
55507 2.98558262152068E-4
55808 2.98558262152068E-4
55890 2.98558262152068E-4
560 2.98558262152068E-4
5646 2.98558262152068E-4
5670 2.98558262152068E-4
56902 2.98558262152068E-4
57026 2.98558262152068E-4
57088 2.98558262152068E-4
57188 2.98558262152068E-4
5725 2.98558262152068E-4
5744 2.98558262152068E-4
57522 2.98558262152068E-4
57555 2.98558262152068E-4
5764 2.98558262152068E-4
5770 2.98558262152068E-4
5824 2.98558262152068E-4
590 2.98558262152068E-4
5923 2.98558262152068E-4
59283 2.98558262152068E-4
59342 2.98558262152068E-4
5940 2.98558262152068E-4
5978 2.98558262152068E-4
6012 2.98558262152068E-4
60481 2.98558262152068E-4
6159 2.98558262152068E-4
6235 2.98558262152068E-4
6240 2.98558262152068E-4
6319 2.98558262152068E-4
63876 2.98558262152068E-4
63971 2.98558262152068E-4
64399 2.98558262152068E-4
6462 2.98558262152068E-4
6473 2.98558262152068E-4
64854 2.98558262152068E-4
6584 2.98558262152068E-4
6585 2.98558262152068E-4
6606 2.98558262152068E-4
6607 2.98558262152068E-4
6611 2.98558262152068E-4
6638 2.98558262152068E-4
6654 2.98558262152068E-4
6655 2.98558262152068E-4
6670 2.98558262152068E-4
6710 2.98558262152068E-4
6712 2.98558262152068E-4
6767 2.98558262152068E-4
6787 2.98558262152068E-4
6886 2.98558262152068E-4
7012 2.98558262152068E-4
7037 2.98558262152068E-4
7092 2.98558262152068E-4
7167 2.98558262152068E-4
7248 2.98558262152068E-4
7305 2.98558262152068E-4
7389 2.98558262152068E-4
7422 2.98558262152068E-4
7518 2.98558262152068E-4
7804 2.98558262152068E-4
79589 2.98558262152068E-4
79796 2.98558262152068E-4
8013 2.98558262152068E-4
80323 2.98558262152068E-4
80761 2.98558262152068E-4
8086 2.98558262152068E-4
81832 2.98558262152068E-4
831 2.98558262152068E-4
836 2.98558262152068E-4
83999 2.98558262152068E-4
84000 2.98558262152068E-4
8417 2.98558262152068E-4
84300 2.98558262152068E-4
84539 2.98558262152068E-4
84549 2.98558262152068E-4
8520 2.98558262152068E-4
8573 2.98558262152068E-4
883 2.98558262152068E-4
8838 2.98558262152068E-4
8924 2.98558262152068E-4
8940 2.98558262152068E-4
894 2.98558262152068E-4
89782 2.98558262152068E-4
9 2.98558262152068E-4
9053 2.98558262152068E-4
9127 2.98558262152068E-4
91612 2.98558262152068E-4
9379 2.98558262152068E-4
9415 2.98558262152068E-4
9495 2.98558262152068E-4
9496 2.98558262152068E-4
9743 2.98558262152068E-4
9810 2.98558262152068E-4
989 2.98558262152068E-4
9900 2.98558262152068E-4
9971 2.98558262152068E-4
