27185 0.00298558262152068
5625 8.95674786456203E-4
627 8.95674786456203E-4
6899 8.95674786456203E-4
1814 8.95674786456203E-4
3356 8.95674786456203E-4
1312 8.95674786456203E-4
84062 8.95674786456203E-4
124590 5.97116524304135E-4
6750 5.97116524304135E-4
8935 5.97116524304135E-4
1565 5.97116524304135E-4
1815 5.97116524304135E-4
1813 5.97116524304135E-4
811 5.97116524304135E-4
5167 2.98558262152068E-4
5726 2.98558262152068E-4
5169 2.98558262152068E-4
5727 2.98558262152068E-4
5979 2.98558262152068E-4
6934 2.98558262152068E-4
8030 2.98558262152068E-4
4862 2.98558262152068E-4
4852 2.98558262152068E-4
146 2.98558262152068E-4
148 2.98558262152068E-4
1672 2.98558262152068E-4
1748 2.98558262152068E-4
1960 2.98558262152068E-4
1978 2.98558262152068E-4
2158 2.98558262152068E-4
23305 2.98558262152068E-4
23408 2.98558262152068E-4
25830 2.98558262152068E-4
3077 2.98558262152068E-4
11132 2.98558262152068E-4
474256 2.98558262152068E-4
4762 2.98558262152068E-4
93986 2.98558262152068E-4
