1956 0.36
3845 0.321064878817969
238 0.310449539175322
27436 0.303284140883673
673 0.302388466097217
2067 0.301791349572912
7508 0.301194233048608
5290 0.300895674786456
6648 0.300597116524304
2309 0.300597116524304
301 0.300298558262152
3315 0.300298558262152
5604 0.300298558262152
2810 0.300298558262152
6098 0.300298558262152
335 0.3
308 0.3
3028 0.3
226 0.3
10961 0.3
4000 0.3
10476 0.3
4437 0.3
7018 0.3
822 0.3
2956 0.3
213 0.3
2023 0.3
7157 0.0183778544586004
7015 0.00809411575060234
444 0.00597116524304135
2944 0.00583840744821357
1543 0.00583840744821357
4968 0.00524129092390944
1138 0.00434561613745324
81037 0.00434561613745324
7080 0.00417981567012895
3117 0.00404705787530117
1136 0.0037484996131491
2950 0.0037484996131491
7917 0.00344994135099703
55937 0.00344994135099703
100126503 0.00344994135099703
1029 0.00328414088367274
23136 0.00298558262152068
7422 0.00298558262152068
6581 0.00268702435936861
3702 0.00268702435936861
2064 0.00268702435936861
7298 0.00268702435936861
11186 0.00238846609721654
5743 0.00238846609721654
3799 0.00208990783506447
6794 0.00208990783506447
4609 0.00208990783506447
5979 0.00208990783506447
8731 0.00179134957291241
1048 0.00179134957291241
1950 0.00179134957291241
23583 0.00179134957291241
4233 0.00179134957291241
5541 0.00179134957291241
4582 0.00179134957291241
114131 0.00179134957291241
79811 0.00179134957291241
5594 0.00149279131076034
7248 0.00149279131076034
7270 0.00149279131076034
9201 0.00149279131076034
3569 0.00149279131076034
22859 0.00149279131076034
7515 0.00149279131076034
3342 0.00149279131076034
8626 0.00149279131076034
3265 0.00149279131076034
836 0.00149279131076034
2099 0.00119423304860827
207 0.00119423304860827
23705 0.00119423304860827
1728 0.00119423304860827
2068 0.00119423304860827
3082 0.00119423304860827
2035 0.00119423304860827
3091 0.00119423304860827
81031 0.00119423304860827
8842 0.00119423304860827
5728 0.00119423304860827
1287 0.00119423304860827
5468 8.95674786456203E-4
2048 8.95674786456203E-4
4193 8.95674786456203E-4
4313 8.95674786456203E-4
7430 8.95674786456203E-4
6774 8.95674786456203E-4
7424 8.95674786456203E-4
4478 8.95674786456203E-4
5962 8.95674786456203E-4
8714 8.95674786456203E-4
2837 8.95674786456203E-4
7294 8.95674786456203E-4
729238 8.95674786456203E-4
2952 8.95674786456203E-4
9476 8.95674786456203E-4
7040 8.95674786456203E-4
857 8.95674786456203E-4
7839 8.95674786456203E-4
960 8.95674786456203E-4
3480 8.95674786456203E-4
27306 8.95674786456203E-4
3397 8.95674786456203E-4
65211 8.95674786456203E-4
5293 5.97116524304135E-4
373156 5.97116524304135E-4
5291 5.97116524304135E-4
653509 5.97116524304135E-4
51147 5.97116524304135E-4
3481 5.97116524304135E-4
5747 5.97116524304135E-4
57498 5.97116524304135E-4
5294 5.97116524304135E-4
57180 5.97116524304135E-4
55249 5.97116524304135E-4
283 5.97116524304135E-4
6597 5.97116524304135E-4
56655 5.97116524304135E-4
7048 5.97116524304135E-4
6696 5.97116524304135E-4
3579 5.97116524304135E-4
29072 5.97116524304135E-4
3630 5.97116524304135E-4
5460 5.97116524304135E-4
57016 5.97116524304135E-4
57804 5.97116524304135E-4
7001 5.97116524304135E-4
346389 5.97116524304135E-4
4324 5.97116524304135E-4
4319 5.97116524304135E-4
3320 5.97116524304135E-4
6439 5.97116524304135E-4
6347 5.97116524304135E-4
6352 5.97116524304135E-4
6363 5.97116524304135E-4
4045 5.97116524304135E-4
4072 5.97116524304135E-4
328 5.97116524304135E-4
653857 5.97116524304135E-4
3162 5.97116524304135E-4
6280 5.97116524304135E-4
6935 5.97116524304135E-4
6925 5.97116524304135E-4
4919 5.97116524304135E-4
5829 5.97116524304135E-4
5883 5.97116524304135E-4
30827 5.97116524304135E-4
5925 5.97116524304135E-4
55860 5.97116524304135E-4
6440 5.97116524304135E-4
4359 5.97116524304135E-4
6403 5.97116524304135E-4
1544 5.97116524304135E-4
10046 5.97116524304135E-4
133482 5.97116524304135E-4
1398 5.97116524304135E-4
1399 5.97116524304135E-4
1400 5.97116524304135E-4
1432 5.97116524304135E-4
80781 5.97116524304135E-4
7965 5.97116524304135E-4
1509 5.97116524304135E-4
154 5.97116524304135E-4
1553 5.97116524304135E-4
1555 5.97116524304135E-4
1571 5.97116524304135E-4
1666 5.97116524304135E-4
190 5.97116524304135E-4
1326 5.97116524304135E-4
81537 5.97116524304135E-4
100509457 5.97116524304135E-4
1017 5.97116524304135E-4
9402 5.97116524304135E-4
10413 5.97116524304135E-4
1045 5.97116524304135E-4
8743 5.97116524304135E-4
2264 5.97116524304135E-4
1058 5.97116524304135E-4
10598 5.97116524304135E-4
8661 5.97116524304135E-4
864 5.97116524304135E-4
1154 5.97116524304135E-4
83478 5.97116524304135E-4
8170 5.97116524304135E-4
196 5.97116524304135E-4
7431 5.97116524304135E-4
2272 5.97116524304135E-4
7356 5.97116524304135E-4
2263 5.97116524304135E-4
2277 5.97116524304135E-4
2103 5.97116524304135E-4
2261 5.97116524304135E-4
27074 5.97116524304135E-4
7161 5.97116524304135E-4
7367 5.97116524304135E-4
7124 5.97116524304135E-4
26073 5.97116524304135E-4
25897 5.97116524304135E-4
2100 5.97116524304135E-4
7057 5.97116524304135E-4
10200 5.97116524304135E-4
7178 2.98558262152068E-4
7186 2.98558262152068E-4
94025 2.98558262152068E-4
57805 2.98558262152068E-4
5930 2.98558262152068E-4
7039 2.98558262152068E-4
7222 2.98558262152068E-4
6143 2.98558262152068E-4
8407 2.98558262152068E-4
84312 2.98558262152068E-4
8434 2.98558262152068E-4
6137 2.98558262152068E-4
6121 2.98558262152068E-4
8435 2.98558262152068E-4
84525 2.98558262152068E-4
6095 2.98558262152068E-4
6045 2.98558262152068E-4
599 2.98558262152068E-4
847 2.98558262152068E-4
84879 2.98558262152068E-4
7272 2.98558262152068E-4
9046 2.98558262152068E-4
9141 2.98558262152068E-4
56937 2.98558262152068E-4
5685 2.98558262152068E-4
7076 2.98558262152068E-4
9699 2.98558262152068E-4
56658 2.98558262152068E-4
5660 2.98558262152068E-4
563 2.98558262152068E-4
9705 2.98558262152068E-4
5599 2.98558262152068E-4
55959 2.98558262152068E-4
9922 2.98558262152068E-4
9928 2.98558262152068E-4
3230 2.98558262152068E-4
9590 2.98558262152068E-4
5706 2.98558262152068E-4
57551 2.98558262152068E-4
57486 2.98558262152068E-4
9223 2.98558262152068E-4
9344 2.98558262152068E-4
57379 2.98558262152068E-4
5734 2.98558262152068E-4
5733 2.98558262152068E-4
7077 2.98558262152068E-4
9503 2.98558262152068E-4
9518 2.98558262152068E-4
5731 2.98558262152068E-4
6915 2.98558262152068E-4
9519 2.98558262152068E-4
5789 2.98558262152068E-4
7486 2.98558262152068E-4
760 2.98558262152068E-4
79084 2.98558262152068E-4
6783 2.98558262152068E-4
6662 2.98558262152068E-4
6657 2.98558262152068E-4
79085 2.98558262152068E-4
7913 2.98558262152068E-4
6595 2.98558262152068E-4
7423 2.98558262152068E-4
6876 2.98558262152068E-4
6559 2.98558262152068E-4
7936 2.98558262152068E-4
6714 2.98558262152068E-4
672 2.98558262152068E-4
7538 2.98558262152068E-4
7490 2.98558262152068E-4
7504 2.98558262152068E-4
7520 2.98558262152068E-4
675 2.98558262152068E-4
7529 2.98558262152068E-4
7531 2.98558262152068E-4
6750 2.98558262152068E-4
6733 2.98558262152068E-4
7532 2.98558262152068E-4
677775 2.98558262152068E-4
6732 2.98558262152068E-4
7534 2.98558262152068E-4
84985 2.98558262152068E-4
7421 2.98558262152068E-4
63899 2.98558262152068E-4
7306 2.98558262152068E-4
81539 2.98558262152068E-4
730394 2.98558262152068E-4
6288 2.98558262152068E-4
8202 2.98558262152068E-4
6287 2.98558262152068E-4
8314 2.98558262152068E-4
728340 2.98558262152068E-4
83666 2.98558262152068E-4
6273 2.98558262152068E-4
624 2.98558262152068E-4
639 2.98558262152068E-4
64065 2.98558262152068E-4
6416 2.98558262152068E-4
79365 2.98558262152068E-4
79612 2.98558262152068E-4
653220 2.98558262152068E-4
653219 2.98558262152068E-4
653067 2.98558262152068E-4
653048 2.98558262152068E-4
7405 2.98558262152068E-4
6464 2.98558262152068E-4
6887 2.98558262152068E-4
6427 2.98558262152068E-4
6426 2.98558262152068E-4
641648 2.98558262152068E-4
617 2.98558262152068E-4
55743 2.98558262152068E-4
153 2.98558262152068E-4
1991 2.98558262152068E-4
2018 2.98558262152068E-4
202559 2.98558262152068E-4
203413 2.98558262152068E-4
2043 2.98558262152068E-4
205 2.98558262152068E-4
2065 2.98558262152068E-4
2069 2.98558262152068E-4
21 2.98558262152068E-4
2119 2.98558262152068E-4
1978 2.98558262152068E-4
1942 2.98558262152068E-4
1545 2.98558262152068E-4
1591 2.98558262152068E-4
1594 2.98558262152068E-4
1612 2.98558262152068E-4
173 2.98558262152068E-4
1789 2.98558262152068E-4
181 2.98558262152068E-4
1846 2.98558262152068E-4
1869 2.98558262152068E-4
1917 2.98558262152068E-4
2199 2.98558262152068E-4
2254 2.98558262152068E-4
23581 2.98558262152068E-4
23677 2.98558262152068E-4
246100 2.98558262152068E-4
25855 2.98558262152068E-4
25996 2.98558262152068E-4
2625 2.98558262152068E-4
2626 2.98558262152068E-4
2627 2.98558262152068E-4
2668 2.98558262152068E-4
27178 2.98558262152068E-4
2354 2.98558262152068E-4
2353 2.98558262152068E-4
2260 2.98558262152068E-4
2262 2.98558262152068E-4
10 2.98558262152068E-4
22853 2.98558262152068E-4
22861 2.98558262152068E-4
22985 2.98558262152068E-4
2308 2.98558262152068E-4
23345 2.98558262152068E-4
23411 2.98558262152068E-4
2348 2.98558262152068E-4
28929 2.98558262152068E-4
10010 2.98558262152068E-4
10438 2.98558262152068E-4
10462 2.98558262152068E-4
10509 2.98558262152068E-4
10553 2.98558262152068E-4
1056 2.98558262152068E-4
10561 2.98558262152068E-4
10630 2.98558262152068E-4
10714 2.98558262152068E-4
10717 2.98558262152068E-4
10970 2.98558262152068E-4
10419 2.98558262152068E-4
10383 2.98558262152068E-4
100129696 2.98558262152068E-4
100507855 2.98558262152068E-4
100529063 2.98558262152068E-4
10128 2.98558262152068E-4
1019 2.98558262152068E-4
10194 2.98558262152068E-4
10219 2.98558262152068E-4
10249 2.98558262152068E-4
10297 2.98558262152068E-4
10381 2.98558262152068E-4
10989 2.98558262152068E-4
10998 2.98558262152068E-4
123688 2.98558262152068E-4
1272 2.98558262152068E-4
128408 2.98558262152068E-4
128602 2.98558262152068E-4
1316 2.98558262152068E-4
1368 2.98558262152068E-4
1384 2.98558262152068E-4
1437 2.98558262152068E-4
146 2.98558262152068E-4
1485 2.98558262152068E-4
1234 2.98558262152068E-4
1191 2.98558262152068E-4
11012 2.98558262152068E-4
11093 2.98558262152068E-4
11187 2.98558262152068E-4
11213 2.98558262152068E-4
11228 2.98558262152068E-4
11315 2.98558262152068E-4
113829 2.98558262152068E-4
1143 2.98558262152068E-4
116071 2.98558262152068E-4
116833 2.98558262152068E-4
1514 2.98558262152068E-4
28998 2.98558262152068E-4
4306 2.98558262152068E-4
4600 2.98558262152068E-4
4608 2.98558262152068E-4
466 2.98558262152068E-4
472 2.98558262152068E-4
4751 2.98558262152068E-4
4760 2.98558262152068E-4
4763 2.98558262152068E-4
4790 2.98558262152068E-4
4826 2.98558262152068E-4
494330 2.98558262152068E-4
4588 2.98558262152068E-4
4586 2.98558262152068E-4
4312 2.98558262152068E-4
4318 2.98558262152068E-4
4338 2.98558262152068E-4
4350 2.98558262152068E-4
4353 2.98558262152068E-4
4356 2.98558262152068E-4
442188 2.98558262152068E-4
450093 2.98558262152068E-4
4513 2.98558262152068E-4
4583 2.98558262152068E-4
4978 2.98558262152068E-4
5018 2.98558262152068E-4
54458 2.98558262152068E-4
54742 2.98558262152068E-4
54802 2.98558262152068E-4
54997 2.98558262152068E-4
55165 2.98558262152068E-4
55210 2.98558262152068E-4
55259 2.98558262152068E-4
5530 2.98558262152068E-4
5554 2.98558262152068E-4
5555 2.98558262152068E-4
54212 2.98558262152068E-4
54106 2.98558262152068E-4
5048 2.98558262152068E-4
50943 2.98558262152068E-4
51079 2.98558262152068E-4
51614 2.98558262152068E-4
5169 2.98558262152068E-4
5241 2.98558262152068E-4
5326 2.98558262152068E-4
53353 2.98558262152068E-4
5357 2.98558262152068E-4
53832 2.98558262152068E-4
55578 2.98558262152068E-4
29028 2.98558262152068E-4
332 2.98558262152068E-4
344 2.98558262152068E-4
3456 2.98558262152068E-4
348 2.98558262152068E-4
354 2.98558262152068E-4
3551 2.98558262152068E-4
3559 2.98558262152068E-4
360 2.98558262152068E-4
3605 2.98558262152068E-4
3609 2.98558262152068E-4
3213 2.98558262152068E-4
3198 2.98558262152068E-4
292 2.98558262152068E-4
2946 2.98558262152068E-4
2966 2.98558262152068E-4
29882 2.98558262152068E-4
29979 2.98558262152068E-4
3065 2.98558262152068E-4
3090 2.98558262152068E-4
3118 2.98558262152068E-4
3126 2.98558262152068E-4
3197 2.98558262152068E-4
3624 2.98558262152068E-4
3658 2.98558262152068E-4
4023 2.98558262152068E-4
4025 2.98558262152068E-4
4033 2.98558262152068E-4
4035 2.98558262152068E-4
4070 2.98558262152068E-4
4077 2.98558262152068E-4
4192 2.98558262152068E-4
4221 2.98558262152068E-4
4280 2.98558262152068E-4
429 2.98558262152068E-4
4014 2.98558262152068E-4
3956 2.98558262152068E-4
3669 2.98558262152068E-4
3725 2.98558262152068E-4
3726 2.98558262152068E-4
3727 2.98558262152068E-4
378938 2.98558262152068E-4
39 2.98558262152068E-4
3918 2.98558262152068E-4
3930 2.98558262152068E-4
3945 2.98558262152068E-4
3948 2.98558262152068E-4
4292 2.98558262152068E-4
