7157 0.0158566305665561
2944 0.0140983236661402
2952 0.0106483823151432
1544 0.0103498240529911
54577 0.00719844096414613
7515 0.00719844096414613
1312 0.00719844096414613
1543 0.00689988270199407
54600 0.00689988270199407
174 0.00537404871873722
3077 0.00524129092390944
4193 0.0046441743996053
595 0.00434561613745324
7124 0.00434561613745324
5243 0.00404705787530117
126 0.0037484996131491
1586 0.0037484996131491
4292 0.0037484996131491
2068 0.0037484996131491
2950 0.0037484996131491
1565 0.0037484996131491
1545 0.0037484996131491
81532 0.0037484996131491
4353 0.0037484996131491
10 0.00344994135099703
54657 0.00344994135099703
1728 0.00344994135099703
1576 0.00344994135099703
54659 0.00344994135099703
1548 0.00344994135099703
2052 0.00344994135099703
1557 0.00344994135099703
1577 0.00344994135099703
54576 0.00344994135099703
3606 0.00344994135099703
3553 0.00344994135099703
3557 0.00344994135099703
3458 0.00344994135099703
4524 0.00344994135099703
2778 0.00344994135099703
54575 0.00344994135099703
3592 0.00344994135099703
7366 0.00344994135099703
7364 0.00344994135099703
3586 0.00344994135099703
10395 0.00298558262152068
8655 0.00298558262152068
9940 0.00298558262152068
8842 0.00238846609721654
6528 0.00208990783506447
55249 0.00208990783506447
10413 0.00208990783506447
90627 0.00179134957291241
5068 0.00179134957291241
4144 0.00149279131076034
1029 0.00149279131076034
8743 0.00149279131076034
80781 0.00149279131076034
7726 0.00119423304860827
140735 0.00119423304860827
5743 0.00119423304860827
5728 0.00119423304860827
2719 0.00119423304860827
207 0.00119423304860827
619501 0.00119423304860827
6696 0.00119423304860827
84668 0.00119423304860827
6581 0.00119423304860827
3702 0.00119423304860827
1956 0.00119423304860827
3481 0.00119423304860827
6774 0.00119423304860827
9971 8.95674786456203E-4
11009 8.95674786456203E-4
5599 8.95674786456203E-4
27232 8.95674786456203E-4
7248 8.95674786456203E-4
9368 8.95674786456203E-4
4609 8.95674786456203E-4
3383 8.95674786456203E-4
3630 8.95674786456203E-4
3725 8.95674786456203E-4
3105 8.95674786456203E-4
3082 8.95674786456203E-4
4143 8.95674786456203E-4
231 8.95674786456203E-4
7039 8.95674786456203E-4
6159 8.95674786456203E-4
64399 8.95674786456203E-4
2146 8.95674786456203E-4
146 8.95674786456203E-4
1869 8.95674786456203E-4
6767 8.95674786456203E-4
7070 8.95674786456203E-4
6646 5.97116524304135E-4
4233 5.97116524304135E-4
6898 5.97116524304135E-4
3486 5.97116524304135E-4
6249 5.97116524304135E-4
5921 5.97116524304135E-4
64689 5.97116524304135E-4
6711 5.97116524304135E-4
4084 5.97116524304135E-4
3727 5.97116524304135E-4
3726 5.97116524304135E-4
9965 5.97116524304135E-4
9628 5.97116524304135E-4
9104 5.97116524304135E-4
9322 5.97116524304135E-4
6857 5.97116524304135E-4
65125 5.97116524304135E-4
8841 5.97116524304135E-4
5465 5.97116524304135E-4
57016 5.97116524304135E-4
5594 5.97116524304135E-4
5156 5.97116524304135E-4
5250 5.97116524304135E-4
5443 5.97116524304135E-4
7461 5.97116524304135E-4
7422 5.97116524304135E-4
494324 5.97116524304135E-4
57447 5.97116524304135E-4
4313 5.97116524304135E-4
5970 5.97116524304135E-4
65108 5.97116524304135E-4
79971 5.97116524304135E-4
4363 5.97116524304135E-4
3439 5.97116524304135E-4
79969 5.97116524304135E-4
5788 5.97116524304135E-4
7096 5.97116524304135E-4
3482 5.97116524304135E-4
2048 5.97116524304135E-4
310 5.97116524304135E-4
10253 5.97116524304135E-4
3066 5.97116524304135E-4
3065 5.97116524304135E-4
2896 5.97116524304135E-4
28951 5.97116524304135E-4
2752 5.97116524304135E-4
1050 5.97116524304135E-4
23411 5.97116524304135E-4
2354 5.97116524304135E-4
2353 5.97116524304135E-4
2335 5.97116524304135E-4
23158 5.97116524304135E-4
1499 5.97116524304135E-4
2184 5.97116524304135E-4
1571 5.97116524304135E-4
213 5.97116524304135E-4
3172 5.97116524304135E-4
1019 5.97116524304135E-4
100128922 5.97116524304135E-4
3480 5.97116524304135E-4
100124700 5.97116524304135E-4
1017 5.97116524304135E-4
3265 5.97116524304135E-4
3447 5.97116524304135E-4
1015 5.97116524304135E-4
3313 5.97116524304135E-4
7063 2.98558262152068E-4
7048 2.98558262152068E-4
7040 2.98558262152068E-4
143384 2.98558262152068E-4
6926 2.98558262152068E-4
6925 2.98558262152068E-4
140707 2.98558262152068E-4
7077 2.98558262152068E-4
728655 2.98558262152068E-4
115509 2.98558262152068E-4
7193 2.98558262152068E-4
7170 2.98558262152068E-4
117145 2.98558262152068E-4
7145 2.98558262152068E-4
10013 2.98558262152068E-4
1373 2.98558262152068E-4
1385 2.98558262152068E-4
7799 2.98558262152068E-4
148811 2.98558262152068E-4
1644 2.98558262152068E-4
652 2.98558262152068E-4
6520 2.98558262152068E-4
1950 2.98558262152068E-4
196 2.98558262152068E-4
196528 2.98558262152068E-4
6462 2.98558262152068E-4
644914 2.98558262152068E-4
1634 2.98558262152068E-4
6609 2.98558262152068E-4
1493 2.98558262152068E-4
6790 2.98558262152068E-4
156 2.98558262152068E-4
6716 2.98558262152068E-4
9976 2.98558262152068E-4
158506 2.98558262152068E-4
1589 2.98558262152068E-4
9978 2.98558262152068E-4
64478 2.98558262152068E-4
11309 2.98558262152068E-4
10232 2.98558262152068E-4
9582 2.98558262152068E-4
10399 2.98558262152068E-4
8731 2.98558262152068E-4
8720 2.98558262152068E-4
1048 2.98558262152068E-4
84959 2.98558262152068E-4
960 2.98558262152068E-4
84549 2.98558262152068E-4
8754 2.98558262152068E-4
8771 2.98558262152068E-4
9360 2.98558262152068E-4
8877 2.98558262152068E-4
9139 2.98558262152068E-4
8874 2.98558262152068E-4
9232 2.98558262152068E-4
8870 2.98558262152068E-4
1026 2.98558262152068E-4
9338 2.98558262152068E-4
8797 2.98558262152068E-4
8452 2.98558262152068E-4
8379 2.98558262152068E-4
7538 2.98558262152068E-4
7520 2.98558262152068E-4
7518 2.98558262152068E-4
10894 2.98558262152068E-4
7514 2.98558262152068E-4
11093 2.98558262152068E-4
11140 2.98558262152068E-4
9754 2.98558262152068E-4
10769 2.98558262152068E-4
100133941 2.98558262152068E-4
79594 2.98558262152068E-4
1051 2.98558262152068E-4
10599 2.98558262152068E-4
8038 2.98558262152068E-4
80339 2.98558262152068E-4
10658 2.98558262152068E-4
10744 2.98558262152068E-4
79811 2.98558262152068E-4
79626 2.98558262152068E-4
11181 2.98558262152068E-4
201294 2.98558262152068E-4
5296 2.98558262152068E-4
5071 2.98558262152068E-4
27303 2.98558262152068E-4
4982 2.98558262152068E-4
4953 2.98558262152068E-4
4893 2.98558262152068E-4
2768 2.98558262152068E-4
4595 2.98558262152068E-4
28 2.98558262152068E-4
442917 2.98558262152068E-4
51529 2.98558262152068E-4
51548 2.98558262152068E-4
5295 2.98558262152068E-4
5290 2.98558262152068E-4
26 2.98558262152068E-4
26230 2.98558262152068E-4
5228 2.98558262152068E-4
51742 2.98558262152068E-4
51701 2.98558262152068E-4
5168 2.98558262152068E-4
27065 2.98558262152068E-4
290 2.98558262152068E-4
43 2.98558262152068E-4
427 2.98558262152068E-4
324 2.98558262152068E-4
3242 2.98558262152068E-4
367 2.98558262152068E-4
3659 2.98558262152068E-4
3320 2.98558262152068E-4
3339 2.98558262152068E-4
340273 2.98558262152068E-4
346389 2.98558262152068E-4
3552 2.98558262152068E-4
3181 2.98558262152068E-4
3732 2.98558262152068E-4
309 2.98558262152068E-4
3091 2.98558262152068E-4
3126 2.98558262152068E-4
406991 2.98558262152068E-4
406906 2.98558262152068E-4
400410 2.98558262152068E-4
4001 2.98558262152068E-4
400 2.98558262152068E-4
3954 2.98558262152068E-4
355 2.98558262152068E-4
6382 2.98558262152068E-4
594 2.98558262152068E-4
5940 2.98558262152068E-4
5914 2.98558262152068E-4
58155 2.98558262152068E-4
2272 2.98558262152068E-4
2275 2.98558262152068E-4
22882 2.98558262152068E-4
57326 2.98558262152068E-4
5725 2.98558262152068E-4
2182 2.98558262152068E-4
60489 2.98558262152068E-4
6373 2.98558262152068E-4
6352 2.98558262152068E-4
6344 2.98558262152068E-4
6343 2.98558262152068E-4
6304 2.98558262152068E-4
2017 2.98558262152068E-4
2101 2.98558262152068E-4
6080 2.98558262152068E-4
60529 2.98558262152068E-4
5716 2.98558262152068E-4
57154 2.98558262152068E-4
57125 2.98558262152068E-4
54776 2.98558262152068E-4
54658 2.98558262152068E-4
23524 2.98558262152068E-4
23677 2.98558262152068E-4
2475 2.98558262152068E-4
25800 2.98558262152068E-4
25875 2.98558262152068E-4
5371 2.98558262152068E-4
5347 2.98558262152068E-4
54825 2.98558262152068E-4
54985 2.98558262152068E-4
57026 2.98558262152068E-4
2324 2.98558262152068E-4
57007 2.98558262152068E-4
56902 2.98558262152068E-4
5604 2.98558262152068E-4
4513 2.98558262152068E-4
55384 2.98558262152068E-4
55275 2.98558262152068E-4
23368 2.98558262152068E-4
5328 2.98558262152068E-4
