672 0.063449941350997
675 0.0610716859463461
7157 0.00985242265101823
11200 0.00567260698088929
79728 0.00567260698088929
472 0.00298558262152068
7248 0.00268702435936861
2064 0.00208990783506447
2099 0.00208990783506447
580 0.00208990783506447
5888 0.00179134957291241
83990 0.00179134957291241
7515 0.00119423304860827
3479 0.00119423304860827
1956 0.00119423304860827
5728 0.00119423304860827
64979 0.00119423304860827
595 0.00119423304860827
115761 0.00119423304860827
60500 0.00119423304860827
3294 8.95674786456203E-4
2272 8.95674786456203E-4
11186 8.95674786456203E-4
4683 8.95674786456203E-4
4193 8.95674786456203E-4
5617 5.97116524304135E-4
11214 5.97116524304135E-4
5245 5.97116524304135E-4
4292 5.97116524304135E-4
6934 5.97116524304135E-4
84464 5.97116524304135E-4
55655 5.97116524304135E-4
11197 5.97116524304135E-4
57509 5.97116524304135E-4
11073 5.97116524304135E-4
10111 5.97116524304135E-4
7516 5.97116524304135E-4
100653366 5.97116524304135E-4
7422 5.97116524304135E-4
7251 5.97116524304135E-4
51720 5.97116524304135E-4
3845 5.97116524304135E-4
142 5.97116524304135E-4
1647 5.97116524304135E-4
3292 5.97116524304135E-4
1586 5.97116524304135E-4
1543 5.97116524304135E-4
1111 5.97116524304135E-4
2177 5.97116524304135E-4
571 5.97116524304135E-4
2263 5.97116524304135E-4
2033 2.98558262152068E-4
10481 2.98558262152068E-4
10891 2.98558262152068E-4
25996 2.98558262152068E-4
23221 2.98558262152068E-4
11331 2.98558262152068E-4
11261 2.98558262152068E-4
11258 2.98558262152068E-4
11216 2.98558262152068E-4
1778 2.98558262152068E-4
1845 2.98558262152068E-4
26574 2.98558262152068E-4
27030 2.98558262152068E-4
27324 2.98558262152068E-4
133522 2.98558262152068E-4
841 2.98558262152068E-4
84260 2.98558262152068E-4
843 2.98558262152068E-4
1368 2.98558262152068E-4
64283 2.98558262152068E-4
63967 2.98558262152068E-4
1565 2.98558262152068E-4
57120 2.98558262152068E-4
55740 2.98558262152068E-4
54967 2.98558262152068E-4
54751 2.98558262152068E-4
10186 2.98558262152068E-4
2810 2.98558262152068E-4
5793 2.98558262152068E-4
3627 2.98558262152068E-4
5378 2.98558262152068E-4
3717 2.98558262152068E-4
5241 2.98558262152068E-4
5111 2.98558262152068E-4
5013 2.98558262152068E-4
4194 2.98558262152068E-4
4609 2.98558262152068E-4
4597 2.98558262152068E-4
4595 2.98558262152068E-4
4594 2.98558262152068E-4
4438 2.98558262152068E-4
4437 2.98558262152068E-4
4436 2.98558262152068E-4
3265 2.98558262152068E-4
6646 2.98558262152068E-4
6696 2.98558262152068E-4
9768 2.98558262152068E-4
9368 2.98558262152068E-4
9360 2.98558262152068E-4
9076 2.98558262152068E-4
8543 2.98558262152068E-4
8048 2.98558262152068E-4
2956 2.98558262152068E-4
3091 2.98558262152068E-4
3159 2.98558262152068E-4
3195 2.98558262152068E-4
3198 2.98558262152068E-4
3205 2.98558262152068E-4
3206 2.98558262152068E-4
6928 2.98558262152068E-4
6794 2.98558262152068E-4
4047 2.98558262152068E-4
