673 0.302687024359369
5002 0.3
7157 0.16
1029 0.130021626682531
3845 0.119107728777732
7508 0.103881257407977
1499 0.100895674786456
2305 0.100597116524304
6091 0.100597116524304
2261 0.100298558262152
7048 0.100298558262152
1956 0.06
2944 0.0474707636821788
1543 0.0468736471578746
2952 0.0208990783506447
238 0.0185106122534282
7515 0.017614937466972
2068 0.0152264713697555
7422 0.0146293548454513
2272 0.0125394470103868
2950 0.0125394470103868
133482 0.0125394470103868
373156 0.0122408887482348
1138 0.0113452139617786
1571 0.0113452139617786
27306 0.0110466556996265
7015 0.0107480974374744
5743 0.0104495391753224
4353 0.0101509809131703
1565 0.00985242265101823
595 0.00955386438886617
1136 0.0092553061267141
2052 0.0092553061267141
7248 0.0092553061267141
4968 0.00895674786456203
1950 0.00865818960240996
2064 0.00865818960240996
11186 0.00865818960240996
2067 0.00806107307810583
4233 0.00746395655380169
1548 0.00716539829164962
1728 0.00716539829164962
3265 0.00716539829164962
4313 0.00686684002949756
4524 0.00686684002949756
5290 0.00656828176734549
8731 0.00656828176734549
8743 0.00656828176734549
79811 0.00656828176734549
328 0.00626972350519342
3702 0.00626972350519342
4193 0.00626972350519342
5053 0.00626972350519342
6581 0.00626972350519342
7517 0.00597116524304135
6794 0.00567260698088929
1555 0.00537404871873722
3569 0.00537404871873722
5243 0.00537404871873722
27436 0.00537404871873722
10 0.00507549045658515
472 0.00507549045658515
5111 0.00507549045658515
7298 0.00507549045658515
1545 0.00477693219443308
3630 0.00477693219443308
4318 0.00477693219443308
4790 0.00477693219443308
7124 0.00477693219443308
79612 0.00477693219443308
81037 0.00477693219443308
81539 0.00477693219443308
4312 0.00447837393228102
4363 0.00447837393228102
6774 0.00447837393228102
1143 0.00417981567012895
3082 0.00417981567012895
7080 0.00417981567012895
2597 0.00388125740797688
3181 0.00388125740797688
4513 0.00388125740797688
5594 0.00388125740797688
5728 0.00388125740797688
7161 0.00388125740797688
7864 0.00388125740797688
51151 0.00388125740797688
207 0.00358269914582481
324 0.00358269914582481
1429 0.00358269914582481
2946 0.00358269914582481
3342 0.00358269914582481
3586 0.00358269914582481
4609 0.00358269914582481
5294 0.00358269914582481
6696 0.00358269914582481
7040 0.00358269914582481
57045 0.00358269914582481
83478 0.00358269914582481
146 0.00328414088367274
1544 0.00328414088367274
2048 0.00328414088367274
3480 0.00328414088367274
3553 0.00328414088367274
3576 0.00328414088367274
5291 0.00328414088367274
5293 0.00328414088367274
5744 0.00328414088367274
1437 0.00298558262152068
2099 0.00298558262152068
4255 0.00298558262152068
4780 0.00298558262152068
7507 0.00298558262152068
9429 0.00298558262152068
9817 0.00298558262152068
23158 0.00298558262152068
1048 0.00268702435936861
1755 0.00268702435936861
2837 0.00268702435936861
3091 0.00268702435936861
3486 0.00268702435936861
3880 0.00268702435936861
4485 0.00268702435936861
5265 0.00268702435936861
6405 0.00268702435936861
8170 0.00268702435936861
11009 0.00268702435936861
196 0.00238846609721654
1612 0.00238846609721654
2475 0.00238846609721654
2876 0.00238846609721654
4582 0.00238846609721654
5624 0.00238846609721654
5934 0.00238846609721654
5979 0.00238846609721654
7294 0.00238846609721654
9221 0.00238846609721654
11200 0.00238846609721654
22930 0.00238846609721654
429 0.00208990783506447
672 0.00208990783506447
960 0.00208990783506447
1678 0.00208990783506447
1991 0.00208990783506447
2922 0.00208990783506447
3126 0.00208990783506447
3479 0.00208990783506447
3558 0.00208990783506447
4194 0.00208990783506447
4437 0.00208990783506447
5595 0.00208990783506447
5599 0.00208990783506447
5915 0.00208990783506447
6667 0.00208990783506447
7376 0.00208990783506447
7490 0.00208990783506447
7965 0.00208990783506447
23705 0.00208990783506447
142 0.00179134957291241
864 0.00179134957291241
1026 0.00179134957291241
1440 0.00179134957291241
1500 0.00179134957291241
1636 0.00179134957291241
2521 0.00179134957291241
2720 0.00179134957291241
3162 0.00179134957291241
3799 0.00179134957291241
4595 0.00179134957291241
4684 0.00179134957291241
5468 0.00179134957291241
6240 0.00179134957291241
6347 0.00179134957291241
7424 0.00179134957291241
8714 0.00179134957291241
10181 0.00179134957291241
11334 0.00179134957291241
450093 0.00179134957291241
653509 0.00179134957291241
353 0.00149279131076034
372 0.00149279131076034
444 0.00149279131076034
857 0.00149279131076034
999 0.00149279131076034
1012 0.00149279131076034
1030 0.00149279131076034
1056 0.00149279131076034
1134 0.00149279131076034
1191 0.00149279131076034
1401 0.00149279131076034
1553 0.00149279131076034
1577 0.00149279131076034
1611 0.00149279131076034
2073 0.00149279131076034
2260 0.00149279131076034
2551 0.00149279131076034
2947 0.00149279131076034
3383 0.00149279131076034
3481 0.00149279131076034
3645 0.00149279131076034
3791 0.00149279131076034
3981 0.00149279131076034
4314 0.00149279131076034
4321 0.00149279131076034
4477 0.00149279131076034
4683 0.00149279131076034
5062 0.00149279131076034
5328 0.00149279131076034
5604 0.00149279131076034
5829 0.00149279131076034
6098 0.00149279131076034
6387 0.00149279131076034
6474 0.00149279131076034
6513 0.00149279131076034
6648 0.00149279131076034
6790 0.00149279131076034
6817 0.00149279131076034
6935 0.00149279131076034
7334 0.00149279131076034
7869 0.00149279131076034
8626 0.00149279131076034
8795 0.00149279131076034
8842 0.00149279131076034
9961 0.00149279131076034
10848 0.00149279131076034
10923 0.00149279131076034
10998 0.00149279131076034
23541 0.00149279131076034
50818 0.00149279131076034
51741 0.00149279131076034
55511 0.00149279131076034
56996 0.00149279131076034
65108 0.00149279131076034
79971 0.00149279131076034
83666 0.00149279131076034
84000 0.00149279131076034
89782 0.00149279131076034
112476 0.00149279131076034
123688 0.00149279131076034
260431 0.00149279131076034
283120 0.00149279131076034
729238 0.00149279131076034
183 0.00119423304860827
189 0.00119423304860827
355 0.00119423304860827
356 0.00119423304860827
367 0.00119423304860827
551 0.00119423304860827
796 0.00119423304860827
836 0.00119423304860827
842 0.00119423304860827
1080 0.00119423304860827
1312 0.00119423304860827
1326 0.00119423304860827
1490 0.00119423304860827
1591 0.00119423304860827
1666 0.00119423304860827
1789 0.00119423304860827
1806 0.00119423304860827
2100 0.00119423304860827
2146 0.00119423304860827
2194 0.00119423304860827
2247 0.00119423304860827
2264 0.00119423304860827
2335 0.00119423304860827
2353 0.00119423304860827
2526 0.00119423304860827
3065 0.00119423304860827
3429 0.00119423304860827
3439 0.00119423304860827
3447 0.00119423304860827
3490 0.00119423304860827
3561 0.00119423304860827
3575 0.00119423304860827
3918 0.00119423304860827
4035 0.00119423304860827
4072 0.00119423304860827
4163 0.00119423304860827
4170 0.00119423304860827
4221 0.00119423304860827
4316 0.00119423304860827
4319 0.00119423304860827
4360 0.00119423304860827
4486 0.00119423304860827
4610 0.00119423304860827
4893 0.00119423304860827
5176 0.00119423304860827
5228 0.00119423304860827
5340 0.00119423304860827
5685 0.00119423304860827
5715 0.00119423304860827
5925 0.00119423304860827
6273 0.00119423304860827
6280 0.00119423304860827
6597 0.00119423304860827
6646 0.00119423304860827
6657 0.00119423304860827
6659 0.00119423304860827
7158 0.00119423304860827
7295 0.00119423304860827
7296 0.00119423304860827
7345 0.00119423304860827
7852 0.00119423304860827
8205 0.00119423304860827
9021 0.00119423304860827
9360 0.00119423304860827
10401 0.00119423304860827
10534 0.00119423304860827
10671 0.00119423304860827
11178 0.00119423304860827
25890 0.00119423304860827
51014 0.00119423304860827
51364 0.00119423304860827
55870 0.00119423304860827
57016 0.00119423304860827
57491 0.00119423304860827
80781 0.00119423304860827
118429 0.00119423304860827
199699 0.00119423304860827
353376 0.00119423304860827
100302736 0.00119423304860827
28 8.95674786456203E-4
81 8.95674786456203E-4
126 8.95674786456203E-4
217 8.95674786456203E-4
302 8.95674786456203E-4
327 8.95674786456203E-4
330 8.95674786456203E-4
650 8.95674786456203E-4
675 8.95674786456203E-4
682 8.95674786456203E-4
801 8.95674786456203E-4
805 8.95674786456203E-4
808 8.95674786456203E-4
838 8.95674786456203E-4
841 8.95674786456203E-4
902 8.95674786456203E-4
920 8.95674786456203E-4
928 8.95674786456203E-4
959 8.95674786456203E-4
1017 8.95674786456203E-4
1019 8.95674786456203E-4
1050 8.95674786456203E-4
1089 8.95674786456203E-4
1287 8.95674786456203E-4
1316 8.95674786456203E-4
1351 8.95674786456203E-4
1399 8.95674786456203E-4
1400 8.95674786456203E-4
1435 8.95674786456203E-4
1493 8.95674786456203E-4
1501 8.95674786456203E-4
1551 8.95674786456203E-4
1559 8.95674786456203E-4
1576 8.95674786456203E-4
1588 8.95674786456203E-4
1594 8.95674786456203E-4
1786 8.95674786456203E-4
1788 8.95674786456203E-4
1869 8.95674786456203E-4
1977 8.95674786456203E-4
2011 8.95674786456203E-4
2065 8.95674786456203E-4
2072 8.95674786456203E-4
2074 8.95674786456203E-4
2237 8.95674786456203E-4
2262 8.95674786456203E-4
2934 8.95674786456203E-4
3123 8.95674786456203E-4
3135 8.95674786456203E-4
3146 8.95674786456203E-4
3280 8.95674786456203E-4
3309 8.95674786456203E-4
3315 8.95674786456203E-4
3316 8.95674786456203E-4
3371 8.95674786456203E-4
3456 8.95674786456203E-4
3458 8.95674786456203E-4
3557 8.95674786456203E-4
3620 8.95674786456203E-4
3642 8.95674786456203E-4
3725 8.95674786456203E-4
3921 8.95674786456203E-4
3956 8.95674786456203E-4
3959 8.95674786456203E-4
3978 8.95674786456203E-4
4015 8.95674786456203E-4
4049 8.95674786456203E-4
4051 8.95674786456203E-4
4153 8.95674786456203E-4
4282 8.95674786456203E-4
4292 8.95674786456203E-4
4294 8.95674786456203E-4
4295 8.95674786456203E-4
4322 8.95674786456203E-4
4357 8.95674786456203E-4
4436 8.95674786456203E-4
4548 8.95674786456203E-4
4552 8.95674786456203E-4
4585 8.95674786456203E-4
4739 8.95674786456203E-4
4760 8.95674786456203E-4
4828 8.95674786456203E-4
4914 8.95674786456203E-4
5018 8.95674786456203E-4
5047 8.95674786456203E-4
5054 8.95674786456203E-4
5241 8.95674786456203E-4
5320 8.95674786456203E-4
5321 8.95674786456203E-4
5371 8.95674786456203E-4
5460 8.95674786456203E-4
5541 8.95674786456203E-4
5669 8.95674786456203E-4
5738 8.95674786456203E-4
5764 8.95674786456203E-4
5786 8.95674786456203E-4
5789 8.95674786456203E-4
5914 8.95674786456203E-4
6283 8.95674786456203E-4
6439 8.95674786456203E-4
6594 8.95674786456203E-4
6647 8.95674786456203E-4
7001 8.95674786456203E-4
7057 8.95674786456203E-4
7076 8.95674786456203E-4
7078 8.95674786456203E-4
7173 8.95674786456203E-4
7186 8.95674786456203E-4
7251 8.95674786456203E-4
7270 8.95674786456203E-4
7318 8.95674786456203E-4
7356 8.95674786456203E-4
7431 8.95674786456203E-4
7432 8.95674786456203E-4
7433 8.95674786456203E-4
8045 8.95674786456203E-4
8209 8.95674786456203E-4
8399 8.95674786456203E-4
8644 8.95674786456203E-4
8692 8.95674786456203E-4
8797 8.95674786456203E-4
8829 8.95674786456203E-4
8930 8.95674786456203E-4
8988 8.95674786456203E-4
9112 8.95674786456203E-4
9365 8.95674786456203E-4
9547 8.95674786456203E-4
10327 8.95674786456203E-4
10383 8.95674786456203E-4
10397 8.95674786456203E-4
10544 8.95674786456203E-4
10641 8.95674786456203E-4
10849 8.95674786456203E-4
10928 8.95674786456203E-4
10966 8.95674786456203E-4
22943 8.95674786456203E-4
23136 8.95674786456203E-4
23411 8.95674786456203E-4
23544 8.95674786456203E-4
26073 8.95674786456203E-4
26256 8.95674786456203E-4
26575 8.95674786456203E-4
27352 8.95674786456203E-4
51343 8.95674786456203E-4
54658 8.95674786456203E-4
54738 8.95674786456203E-4
55154 8.95674786456203E-4
55655 8.95674786456203E-4
57498 8.95674786456203E-4
79017 8.95674786456203E-4
81031 8.95674786456203E-4
84565 8.95674786456203E-4
84879 8.95674786456203E-4
114131 8.95674786456203E-4
127617 8.95674786456203E-4
267004 8.95674786456203E-4
378938 8.95674786456203E-4
728378 8.95674786456203E-4
100133941 8.95674786456203E-4
100507436 8.95674786456203E-4
101243544 8.95674786456203E-4
52 5.97116524304135E-4
54 5.97116524304135E-4
101 5.97116524304135E-4
116 5.97116524304135E-4
133 5.97116524304135E-4
177 5.97116524304135E-4
208 5.97116524304135E-4
267 5.97116524304135E-4
329 5.97116524304135E-4
331 5.97116524304135E-4
332 5.97116524304135E-4
348 5.97116524304135E-4
358 5.97116524304135E-4
501 5.97116524304135E-4
567 5.97116524304135E-4
596 5.97116524304135E-4
627 5.97116524304135E-4
637 5.97116524304135E-4
655 5.97116524304135E-4
680 5.97116524304135E-4
780 5.97116524304135E-4
799 5.97116524304135E-4
840 5.97116524304135E-4
847 5.97116524304135E-4
875 5.97116524304135E-4
925 5.97116524304135E-4
941 5.97116524304135E-4
947 5.97116524304135E-4
952 5.97116524304135E-4
1020 5.97116524304135E-4
1021 5.97116524304135E-4
1022 5.97116524304135E-4
1028 5.97116524304135E-4
1072 5.97116524304135E-4
1111 5.97116524304135E-4
1119 5.97116524304135E-4
1154 5.97116524304135E-4
1236 5.97116524304135E-4
1244 5.97116524304135E-4
1371 5.97116524304135E-4
1398 5.97116524304135E-4
1421 5.97116524304135E-4
1432 5.97116524304135E-4
1442 5.97116524304135E-4
1443 5.97116524304135E-4
1465 5.97116524304135E-4
1508 5.97116524304135E-4
1509 5.97116524304135E-4
1557 5.97116524304135E-4
1586 5.97116524304135E-4
1645 5.97116524304135E-4
1649 5.97116524304135E-4
1800 5.97116524304135E-4
1813 5.97116524304135E-4
1830 5.97116524304135E-4
1843 5.97116524304135E-4
1879 5.97116524304135E-4
1890 5.97116524304135E-4
1910 5.97116524304135E-4
2030 5.97116524304135E-4
2114 5.97116524304135E-4
2185 5.97116524304135E-4
2277 5.97116524304135E-4
2321 5.97116524304135E-4
2354 5.97116524304135E-4
2520 5.97116524304135E-4
2527 5.97116524304135E-4
2528 5.97116524304135E-4
2657 5.97116524304135E-4
2662 5.97116524304135E-4
2729 5.97116524304135E-4
2730 5.97116524304135E-4
2877 5.97116524304135E-4
2935 5.97116524304135E-4
2948 5.97116524304135E-4
2993 5.97116524304135E-4
3014 5.97116524304135E-4
3075 5.97116524304135E-4
3105 5.97116524304135E-4
3133 5.97116524304135E-4
3170 5.97116524304135E-4
3205 5.97116524304135E-4
3232 5.97116524304135E-4
3248 5.97116524304135E-4
3251 5.97116524304135E-4
3303 5.97116524304135E-4
3304 5.97116524304135E-4
3308 5.97116524304135E-4
3320 5.97116524304135E-4
3482 5.97116524304135E-4
3552 5.97116524304135E-4
3559 5.97116524304135E-4
3565 5.97116524304135E-4
3574 5.97116524304135E-4
3577 5.97116524304135E-4
3579 5.97116524304135E-4
3596 5.97116524304135E-4
3600 5.97116524304135E-4
3605 5.97116524304135E-4
3621 5.97116524304135E-4
3658 5.97116524304135E-4
3673 5.97116524304135E-4
3716 5.97116524304135E-4
3726 5.97116524304135E-4
3727 5.97116524304135E-4
3728 5.97116524304135E-4
3732 5.97116524304135E-4
3815 5.97116524304135E-4
3856 5.97116524304135E-4
3897 5.97116524304135E-4
3952 5.97116524304135E-4
3958 5.97116524304135E-4
4025 5.97116524304135E-4
4085 5.97116524304135E-4
4087 5.97116524304135E-4
4089 5.97116524304135E-4
4099 5.97116524304135E-4
4100 5.97116524304135E-4
4152 5.97116524304135E-4
4254 5.97116524304135E-4
4317 5.97116524304135E-4
4350 5.97116524304135E-4
4481 5.97116524304135E-4
4507 5.97116524304135E-4
4575 5.97116524304135E-4
4586 5.97116524304135E-4
4613 5.97116524304135E-4
4771 5.97116524304135E-4
4904 5.97116524304135E-4
5055 5.97116524304135E-4
5071 5.97116524304135E-4
5134 5.97116524304135E-4
5156 5.97116524304135E-4
5159 5.97116524304135E-4
5226 5.97116524304135E-4
5284 5.97116524304135E-4
5295 5.97116524304135E-4
5327 5.97116524304135E-4
5443 5.97116524304135E-4
5524 5.97116524304135E-4
5530 5.97116524304135E-4
5579 5.97116524304135E-4
5725 5.97116524304135E-4
5740 5.97116524304135E-4
5741 5.97116524304135E-4
5747 5.97116524304135E-4
5800 5.97116524304135E-4
5868 5.97116524304135E-4
5891 5.97116524304135E-4
5893 5.97116524304135E-4
5894 5.97116524304135E-4
5906 5.97116524304135E-4
5921 5.97116524304135E-4
5940 5.97116524304135E-4
5970 5.97116524304135E-4
5978 5.97116524304135E-4
6046 5.97116524304135E-4
6050 5.97116524304135E-4
6121 5.97116524304135E-4
6279 5.97116524304135E-4
6284 5.97116524304135E-4
6317 5.97116524304135E-4
6318 5.97116524304135E-4
6352 5.97116524304135E-4
6416 5.97116524304135E-4
6441 5.97116524304135E-4
6464 5.97116524304135E-4
6470 5.97116524304135E-4
6502 5.97116524304135E-4
6520 5.97116524304135E-4
6528 5.97116524304135E-4
6531 5.97116524304135E-4
6586 5.97116524304135E-4
6591 5.97116524304135E-4
6595 5.97116524304135E-4
6662 5.97116524304135E-4
6750 5.97116524304135E-4
6768 5.97116524304135E-4
6783 5.97116524304135E-4
6855 5.97116524304135E-4
6857 5.97116524304135E-4
6890 5.97116524304135E-4
6934 5.97116524304135E-4
7012 5.97116524304135E-4
7013 5.97116524304135E-4
7014 5.97116524304135E-4
7096 5.97116524304135E-4
7162 5.97116524304135E-4
7184 5.97116524304135E-4
7189 5.97116524304135E-4
7301 5.97116524304135E-4
7367 5.97116524304135E-4
7368 5.97116524304135E-4
7372 5.97116524304135E-4
7405 5.97116524304135E-4
7421 5.97116524304135E-4
7428 5.97116524304135E-4
7430 5.97116524304135E-4
7434 5.97116524304135E-4
7476 5.97116524304135E-4
7518 5.97116524304135E-4
7534 5.97116524304135E-4
7799 5.97116524304135E-4
7832 5.97116524304135E-4
7839 5.97116524304135E-4
7905 5.97116524304135E-4
7917 5.97116524304135E-4
7980 5.97116524304135E-4
8091 5.97116524304135E-4
8190 5.97116524304135E-4
8313 5.97116524304135E-4
8630 5.97116524304135E-4
8658 5.97116524304135E-4
8682 5.97116524304135E-4
8741 5.97116524304135E-4
8828 5.97116524304135E-4
8837 5.97116524304135E-4
8846 5.97116524304135E-4
8872 5.97116524304135E-4
8994 5.97116524304135E-4
9034 5.97116524304135E-4
9131 5.97116524304135E-4
9156 5.97116524304135E-4
9235 5.97116524304135E-4
9254 5.97116524304135E-4
9314 5.97116524304135E-4
9353 5.97116524304135E-4
9377 5.97116524304135E-4
9402 5.97116524304135E-4
9476 5.97116524304135E-4
9518 5.97116524304135E-4
9519 5.97116524304135E-4
9555 5.97116524304135E-4
9590 5.97116524304135E-4
9628 5.97116524304135E-4
9768 5.97116524304135E-4
10016 5.97116524304135E-4
10018 5.97116524304135E-4
10057 5.97116524304135E-4
10076 5.97116524304135E-4
10148 5.97116524304135E-4
10232 5.97116524304135E-4
10257 5.97116524304135E-4
10263 5.97116524304135E-4
10419 5.97116524304135E-4
10573 5.97116524304135E-4
10598 5.97116524304135E-4
10682 5.97116524304135E-4
10855 5.97116524304135E-4
10950 5.97116524304135E-4
10970 5.97116524304135E-4
11044 5.97116524304135E-4
11102 5.97116524304135E-4
11156 5.97116524304135E-4
11197 5.97116524304135E-4
11331 5.97116524304135E-4
23373 5.97116524304135E-4
23424 5.97116524304135E-4
23524 5.97116524304135E-4
25897 5.97116524304135E-4
25913 5.97116524304135E-4
25937 5.97116524304135E-4
27113 5.97116524304135E-4
27161 5.97116524304135E-4
27303 5.97116524304135E-4
27343 5.97116524304135E-4
28956 5.97116524304135E-4
29107 5.97116524304135E-4
30968 5.97116524304135E-4
50486 5.97116524304135E-4
51147 5.97116524304135E-4
51426 5.97116524304135E-4
51567 5.97116524304135E-4
51639 5.97116524304135E-4
53342 5.97116524304135E-4
53358 5.97116524304135E-4
53615 5.97116524304135E-4
54106 5.97116524304135E-4
54577 5.97116524304135E-4
54578 5.97116524304135E-4
54802 5.97116524304135E-4
54843 5.97116524304135E-4
55279 5.97116524304135E-4
56259 5.97116524304135E-4
56547 5.97116524304135E-4
56649 5.97116524304135E-4
56902 5.97116524304135E-4
57026 5.97116524304135E-4
57060 5.97116524304135E-4
57379 5.97116524304135E-4
57410 5.97116524304135E-4
57595 5.97116524304135E-4
57650 5.97116524304135E-4
57730 5.97116524304135E-4
57804 5.97116524304135E-4
59272 5.97116524304135E-4
63970 5.97116524304135E-4
64689 5.97116524304135E-4
65125 5.97116524304135E-4
65211 5.97116524304135E-4
79365 5.97116524304135E-4
79723 5.97116524304135E-4
81557 5.97116524304135E-4
83540 5.97116524304135E-4
83593 5.97116524304135E-4
84260 5.97116524304135E-4
84525 5.97116524304135E-4
84549 5.97116524304135E-4
84651 5.97116524304135E-4
84700 5.97116524304135E-4
84864 5.97116524304135E-4
113451 5.97116524304135E-4
115761 5.97116524304135E-4
128371 5.97116524304135E-4
128408 5.97116524304135E-4
129831 5.97116524304135E-4
131566 5.97116524304135E-4
140913 5.97116524304135E-4
147719 5.97116524304135E-4
152503 5.97116524304135E-4
158506 5.97116524304135E-4
160728 5.97116524304135E-4
219541 5.97116524304135E-4
219771 5.97116524304135E-4
266626 5.97116524304135E-4
286319 5.97116524304135E-4
406991 5.97116524304135E-4
474259 5.97116524304135E-4
728239 5.97116524304135E-4
100187907 5.97116524304135E-4
100507703 5.97116524304135E-4
101669765 5.97116524304135E-4
9 2.98558262152068E-4
13 2.98558262152068E-4
19 2.98558262152068E-4
43 2.98558262152068E-4
47 2.98558262152068E-4
60 2.98558262152068E-4
70 2.98558262152068E-4
71 2.98558262152068E-4
104 2.98558262152068E-4
128 2.98558262152068E-4
154 2.98558262152068E-4
174 2.98558262152068E-4
181 2.98558262152068E-4
205 2.98558262152068E-4
216 2.98558262152068E-4
242 2.98558262152068E-4
247 2.98558262152068E-4
268 2.98558262152068E-4
284 2.98558262152068E-4
285 2.98558262152068E-4
290 2.98558262152068E-4
362 2.98558262152068E-4
384 2.98558262152068E-4
387 2.98558262152068E-4
420 2.98558262152068E-4
465 2.98558262152068E-4
498 2.98558262152068E-4
546 2.98558262152068E-4
558 2.98558262152068E-4
563 2.98558262152068E-4
580 2.98558262152068E-4
594 2.98558262152068E-4
611 2.98558262152068E-4
613 2.98558262152068E-4
624 2.98558262152068E-4
639 2.98558262152068E-4
648 2.98558262152068E-4
652 2.98558262152068E-4
688 2.98558262152068E-4
701 2.98558262152068E-4
726 2.98558262152068E-4
762 2.98558262152068E-4
813 2.98558262152068E-4
820 2.98558262152068E-4
834 2.98558262152068E-4
837 2.98558262152068E-4
846 2.98558262152068E-4
873 2.98558262152068E-4
887 2.98558262152068E-4
890 2.98558262152068E-4
894 2.98558262152068E-4
914 2.98558262152068E-4
939 2.98558262152068E-4
944 2.98558262152068E-4
968 2.98558262152068E-4
983 2.98558262152068E-4
1000 2.98558262152068E-4
1045 2.98558262152068E-4
1052 2.98558262152068E-4
1068 2.98558262152068E-4
1075 2.98558262152068E-4
1084 2.98558262152068E-4
1087 2.98558262152068E-4
1113 2.98558262152068E-4
1116 2.98558262152068E-4
1152 2.98558262152068E-4
1213 2.98558262152068E-4
1215 2.98558262152068E-4
1284 2.98558262152068E-4
1317 2.98558262152068E-4
1361 2.98558262152068E-4
1362 2.98558262152068E-4
1385 2.98558262152068E-4
1387 2.98558262152068E-4
1475 2.98558262152068E-4
1478 2.98558262152068E-4
1513 2.98558262152068E-4
1523 2.98558262152068E-4
1546 2.98558262152068E-4
1556 2.98558262152068E-4
1602 2.98558262152068E-4
1630 2.98558262152068E-4
1643 2.98558262152068E-4
1654 2.98558262152068E-4
1718 2.98558262152068E-4
1748 2.98558262152068E-4
1749 2.98558262152068E-4
1758 2.98558262152068E-4
1796 2.98558262152068E-4
1803 2.98558262152068E-4
1809 2.98558262152068E-4
1815 2.98558262152068E-4
1822 2.98558262152068E-4
1824 2.98558262152068E-4
1825 2.98558262152068E-4
1832 2.98558262152068E-4
1839 2.98558262152068E-4
1846 2.98558262152068E-4
1848 2.98558262152068E-4
1871 2.98558262152068E-4
1944 2.98558262152068E-4
1978 2.98558262152068E-4
1982 2.98558262152068E-4
1999 2.98558262152068E-4
2018 2.98558262152068E-4
2022 2.98558262152068E-4
2023 2.98558262152068E-4
2026 2.98558262152068E-4
2033 2.98558262152068E-4
2034 2.98558262152068E-4
2035 2.98558262152068E-4
2051 2.98558262152068E-4
2053 2.98558262152068E-4
2066 2.98558262152068E-4
2078 2.98558262152068E-4
2118 2.98558262152068E-4
2119 2.98558262152068E-4
2138 2.98558262152068E-4
2186 2.98558262152068E-4
2202 2.98558262152068E-4
2255 2.98558262152068E-4
2294 2.98558262152068E-4
2303 2.98558262152068E-4
2328 2.98558262152068E-4
2348 2.98558262152068E-4
2549 2.98558262152068E-4
2625 2.98558262152068E-4
2641 2.98558262152068E-4
2643 2.98558262152068E-4
2668 2.98558262152068E-4
2693 2.98558262152068E-4
2706 2.98558262152068E-4
2731 2.98558262152068E-4
2735 2.98558262152068E-4
2744 2.98558262152068E-4
2801 2.98558262152068E-4
2828 2.98558262152068E-4
2842 2.98558262152068E-4
2878 2.98558262152068E-4
2879 2.98558262152068E-4
2932 2.98558262152068E-4
2938 2.98558262152068E-4
2965 2.98558262152068E-4
2966 2.98558262152068E-4
2967 2.98558262152068E-4
3001 2.98558262152068E-4
3066 2.98558262152068E-4
3068 2.98558262152068E-4
3073 2.98558262152068E-4
3096 2.98558262152068E-4
3098 2.98558262152068E-4
3099 2.98558262152068E-4
3117 2.98558262152068E-4
3127 2.98558262152068E-4
3159 2.98558262152068E-4
3164 2.98558262152068E-4
3172 2.98558262152068E-4
3176 2.98558262152068E-4
3475 2.98558262152068E-4
3476 2.98558262152068E-4
3485 2.98558262152068E-4
3487 2.98558262152068E-4
3514 2.98558262152068E-4
3551 2.98558262152068E-4
3578 2.98558262152068E-4
3592 2.98558262152068E-4
3606 2.98558262152068E-4
3663 2.98558262152068E-4
3665 2.98558262152068E-4
3667 2.98558262152068E-4
3680 2.98558262152068E-4
3697 2.98558262152068E-4
3718 2.98558262152068E-4
3757 2.98558262152068E-4
3780 2.98558262152068E-4
3812 2.98558262152068E-4
3817 2.98558262152068E-4
3827 2.98558262152068E-4
3833 2.98558262152068E-4
3835 2.98558262152068E-4
3838 2.98558262152068E-4
3945 2.98558262152068E-4
3954 2.98558262152068E-4
4000 2.98558262152068E-4
4033 2.98558262152068E-4
4057 2.98558262152068E-4
4091 2.98558262152068E-4
4092 2.98558262152068E-4
4097 2.98558262152068E-4
4102 2.98558262152068E-4
4105 2.98558262152068E-4
4145 2.98558262152068E-4
4151 2.98558262152068E-4
4285 2.98558262152068E-4
4320 2.98558262152068E-4
4323 2.98558262152068E-4
4331 2.98558262152068E-4
4440 2.98558262152068E-4
4478 2.98558262152068E-4
4493 2.98558262152068E-4
4535 2.98558262152068E-4
4597 2.98558262152068E-4
4601 2.98558262152068E-4
4638 2.98558262152068E-4
4680 2.98558262152068E-4
4734 2.98558262152068E-4
4758 2.98558262152068E-4
4763 2.98558262152068E-4
4792 2.98558262152068E-4
4800 2.98558262152068E-4
4801 2.98558262152068E-4
4830 2.98558262152068E-4
4864 2.98558262152068E-4
4869 2.98558262152068E-4
4878 2.98558262152068E-4
4915 2.98558262152068E-4
4921 2.98558262152068E-4
4922 2.98558262152068E-4
4923 2.98558262152068E-4
4928 2.98558262152068E-4
4951 2.98558262152068E-4
4988 2.98558262152068E-4
5021 2.98558262152068E-4
5048 2.98558262152068E-4
5052 2.98558262152068E-4
5063 2.98558262152068E-4
5069 2.98558262152068E-4
5155 2.98558262152068E-4
5163 2.98558262152068E-4
5170 2.98558262152068E-4
5296 2.98558262152068E-4
5300 2.98558262152068E-4
5307 2.98558262152068E-4
5329 2.98558262152068E-4
5334 2.98558262152068E-4
5349 2.98558262152068E-4
5423 2.98558262152068E-4
5447 2.98558262152068E-4
5464 2.98558262152068E-4
5478 2.98558262152068E-4
5521 2.98558262152068E-4
5540 2.98558262152068E-4
5542 2.98558262152068E-4
5551 2.98558262152068E-4
5553 2.98558262152068E-4
5562 2.98558262152068E-4
5563 2.98558262152068E-4
5564 2.98558262152068E-4
5591 2.98558262152068E-4
5596 2.98558262152068E-4
5597 2.98558262152068E-4
5605 2.98558262152068E-4
5670 2.98558262152068E-4
5698 2.98558262152068E-4
5706 2.98558262152068E-4
5724 2.98558262152068E-4
5729 2.98558262152068E-4
5730 2.98558262152068E-4
5734 2.98558262152068E-4
5754 2.98558262152068E-4
5781 2.98558262152068E-4
5783 2.98558262152068E-4
5791 2.98558262152068E-4
5792 2.98558262152068E-4
5796 2.98558262152068E-4
5879 2.98558262152068E-4
5880 2.98558262152068E-4
5887 2.98558262152068E-4
5930 2.98558262152068E-4
5933 2.98558262152068E-4
5956 2.98558262152068E-4
5980 2.98558262152068E-4
6023 2.98558262152068E-4
6035 2.98558262152068E-4
6066 2.98558262152068E-4
6080 2.98558262152068E-4
6097 2.98558262152068E-4
6135 2.98558262152068E-4
6143 2.98558262152068E-4
6173 2.98558262152068E-4
6195 2.98558262152068E-4
6204 2.98558262152068E-4
6223 2.98558262152068E-4
6238 2.98558262152068E-4
6239 2.98558262152068E-4
6287 2.98558262152068E-4
6288 2.98558262152068E-4
6289 2.98558262152068E-4
6300 2.98558262152068E-4
6303 2.98558262152068E-4
6304 2.98558262152068E-4
6348 2.98558262152068E-4
6366 2.98558262152068E-4
6374 2.98558262152068E-4
6422 2.98558262152068E-4
6447 2.98558262152068E-4
6468 2.98558262152068E-4
6510 2.98558262152068E-4
6515 2.98558262152068E-4
6530 2.98558262152068E-4
6566 2.98558262152068E-4
6573 2.98558262152068E-4
6585 2.98558262152068E-4
6590 2.98558262152068E-4
6598 2.98558262152068E-4
6609 2.98558262152068E-4
6664 2.98558262152068E-4
6678 2.98558262152068E-4
6693 2.98558262152068E-4
6711 2.98558262152068E-4
6736 2.98558262152068E-4
6737 2.98558262152068E-4
6767 2.98558262152068E-4
6786 2.98558262152068E-4
6868 2.98558262152068E-4
6885 2.98558262152068E-4
6899 2.98558262152068E-4
6916 2.98558262152068E-4
6925 2.98558262152068E-4
6939 2.98558262152068E-4
6996 2.98558262152068E-4
7027 2.98558262152068E-4
7039 2.98558262152068E-4
7045 2.98558262152068E-4
7046 2.98558262152068E-4
7052 2.98558262152068E-4
7070 2.98558262152068E-4
7095 2.98558262152068E-4
7099 2.98558262152068E-4
7153 2.98558262152068E-4
7182 2.98558262152068E-4
7216 2.98558262152068E-4
7249 2.98558262152068E-4
7306 2.98558262152068E-4
7391 2.98558262152068E-4
7417 2.98558262152068E-4
7447 2.98558262152068E-4
7468 2.98558262152068E-4
7504 2.98558262152068E-4
7520 2.98558262152068E-4
7726 2.98558262152068E-4
7791 2.98558262152068E-4
7913 2.98558262152068E-4
7936 2.98558262152068E-4
8201 2.98558262152068E-4
8202 2.98558262152068E-4
8318 2.98558262152068E-4
8378 2.98558262152068E-4
8379 2.98558262152068E-4
8398 2.98558262152068E-4
8452 2.98558262152068E-4
8650 2.98558262152068E-4
8651 2.98558262152068E-4
8754 2.98558262152068E-4
8792 2.98558262152068E-4
8793 2.98558262152068E-4
8805 2.98558262152068E-4
8820 2.98558262152068E-4
8840 2.98558262152068E-4
8850 2.98558262152068E-4
8856 2.98558262152068E-4
8874 2.98558262152068E-4
8897 2.98558262152068E-4
8900 2.98558262152068E-4
8914 2.98558262152068E-4
8932 2.98558262152068E-4
8945 2.98558262152068E-4
9001 2.98558262152068E-4
9020 2.98558262152068E-4
9052 2.98558262152068E-4
9055 2.98558262152068E-4
9061 2.98558262152068E-4
9101 2.98558262152068E-4
9139 2.98558262152068E-4
9141 2.98558262152068E-4
9148 2.98558262152068E-4
9149 2.98558262152068E-4
9154 2.98558262152068E-4
9201 2.98558262152068E-4
9212 2.98558262152068E-4
9241 2.98558262152068E-4
9242 2.98558262152068E-4
9260 2.98558262152068E-4
9261 2.98558262152068E-4
9401 2.98558262152068E-4
9403 2.98558262152068E-4
9431 2.98558262152068E-4
9448 2.98558262152068E-4
9455 2.98558262152068E-4
9536 2.98558262152068E-4
9585 2.98558262152068E-4
9595 2.98558262152068E-4
9607 2.98558262152068E-4
9636 2.98558262152068E-4
9638 2.98558262152068E-4
9687 2.98558262152068E-4
9699 2.98558262152068E-4
9728 2.98558262152068E-4
9734 2.98558262152068E-4
9770 2.98558262152068E-4
9861 2.98558262152068E-4
9863 2.98558262152068E-4
9928 2.98558262152068E-4
9947 2.98558262152068E-4
9948 2.98558262152068E-4
9988 2.98558262152068E-4
10010 2.98558262152068E-4
10011 2.98558262152068E-4
10015 2.98558262152068E-4
10036 2.98558262152068E-4
10059 2.98558262152068E-4
10084 2.98558262152068E-4
10155 2.98558262152068E-4
10180 2.98558262152068E-4
10210 2.98558262152068E-4
10217 2.98558262152068E-4
10249 2.98558262152068E-4
10266 2.98558262152068E-4
10395 2.98558262152068E-4
10403 2.98558262152068E-4
10413 2.98558262152068E-4
10438 2.98558262152068E-4
10491 2.98558262152068E-4
10516 2.98558262152068E-4
10526 2.98558262152068E-4
10553 2.98558262152068E-4
10561 2.98558262152068E-4
10569 2.98558262152068E-4
10602 2.98558262152068E-4
10627 2.98558262152068E-4
10714 2.98558262152068E-4
10724 2.98558262152068E-4
10857 2.98558262152068E-4
10874 2.98558262152068E-4
10899 2.98558262152068E-4
10934 2.98558262152068E-4
10963 2.98558262152068E-4
10982 2.98558262152068E-4
10991 2.98558262152068E-4
11012 2.98558262152068E-4
11068 2.98558262152068E-4
11116 2.98558262152068E-4
11187 2.98558262152068E-4
11201 2.98558262152068E-4
11202 2.98558262152068E-4
11213 2.98558262152068E-4
11228 2.98558262152068E-4
11232 2.98558262152068E-4
11266 2.98558262152068E-4
22803 2.98558262152068E-4
22859 2.98558262152068E-4
22861 2.98558262152068E-4
22919 2.98558262152068E-4
22949 2.98558262152068E-4
22974 2.98558262152068E-4
23007 2.98558262152068E-4
23028 2.98558262152068E-4
23037 2.98558262152068E-4
23165 2.98558262152068E-4
23204 2.98558262152068E-4
23368 2.98558262152068E-4
23532 2.98558262152068E-4
23543 2.98558262152068E-4
23600 2.98558262152068E-4
23650 2.98558262152068E-4
23659 2.98558262152068E-4
24137 2.98558262152068E-4
25777 2.98558262152068E-4
25803 2.98558262152068E-4
25816 2.98558262152068E-4
25843 2.98558262152068E-4
25853 2.98558262152068E-4
25855 2.98558262152068E-4
25923 2.98558262152068E-4
26018 2.98558262152068E-4
26038 2.98558262152068E-4
26257 2.98558262152068E-4
26273 2.98558262152068E-4
26470 2.98558262152068E-4
26479 2.98558262152068E-4
26986 2.98558262152068E-4
27043 2.98558262152068E-4
27087 2.98558262152068E-4
27102 2.98558262152068E-4
27190 2.98558262152068E-4
27250 2.98558262152068E-4
27434 2.98558262152068E-4
28943 2.98558262152068E-4
28982 2.98558262152068E-4
28985 2.98558262152068E-4
29775 2.98558262152068E-4
29991 2.98558262152068E-4
30008 2.98558262152068E-4
50506 2.98558262152068E-4
50604 2.98558262152068E-4
50616 2.98558262152068E-4
50863 2.98558262152068E-4
51150 2.98558262152068E-4
51176 2.98558262152068E-4
51230 2.98558262152068E-4
51312 2.98558262152068E-4
51435 2.98558262152068E-4
51438 2.98558262152068E-4
51455 2.98558262152068E-4
51557 2.98558262152068E-4
51614 2.98558262152068E-4
51773 2.98558262152068E-4
51776 2.98558262152068E-4
53905 2.98558262152068E-4
54119 2.98558262152068E-4
54206 2.98558262152068E-4
54361 2.98558262152068E-4
54413 2.98558262152068E-4
54443 2.98558262152068E-4
54535 2.98558262152068E-4
54567 2.98558262152068E-4
54584 2.98558262152068E-4
54760 2.98558262152068E-4
54776 2.98558262152068E-4
54778 2.98558262152068E-4
54897 2.98558262152068E-4
54949 2.98558262152068E-4
55143 2.98558262152068E-4
55165 2.98558262152068E-4
55193 2.98558262152068E-4
55233 2.98558262152068E-4
55259 2.98558262152068E-4
55278 2.98558262152068E-4
55359 2.98558262152068E-4
55379 2.98558262152068E-4
55506 2.98558262152068E-4
55507 2.98558262152068E-4
55536 2.98558262152068E-4
55584 2.98558262152068E-4
55704 2.98558262152068E-4
55743 2.98558262152068E-4
55775 2.98558262152068E-4
55818 2.98558262152068E-4
55824 2.98558262152068E-4
55872 2.98558262152068E-4
55885 2.98558262152068E-4
55890 2.98558262152068E-4
55902 2.98558262152068E-4
55959 2.98558262152068E-4
56005 2.98558262152068E-4
56729 2.98558262152068E-4
56994 2.98558262152068E-4
57120 2.98558262152068E-4
57228 2.98558262152068E-4
57402 2.98558262152068E-4
57541 2.98558262152068E-4
57630 2.98558262152068E-4
58157 2.98558262152068E-4
58478 2.98558262152068E-4
59342 2.98558262152068E-4
64065 2.98558262152068E-4
64324 2.98558262152068E-4
64399 2.98558262152068E-4
64759 2.98558262152068E-4
64840 2.98558262152068E-4
64866 2.98558262152068E-4
79068 2.98558262152068E-4
79084 2.98558262152068E-4
79291 2.98558262152068E-4
79444 2.98558262152068E-4
79594 2.98558262152068E-4
79669 2.98558262152068E-4
79679 2.98558262152068E-4
79680 2.98558262152068E-4
79692 2.98558262152068E-4
79697 2.98558262152068E-4
79719 2.98558262152068E-4
79888 2.98558262152068E-4
79947 2.98558262152068E-4
79961 2.98558262152068E-4
80329 2.98558262152068E-4
80351 2.98558262152068E-4
80725 2.98558262152068E-4
81442 2.98558262152068E-4
81631 2.98558262152068E-4
84101 2.98558262152068E-4
84312 2.98558262152068E-4
84539 2.98558262152068E-4
84557 2.98558262152068E-4
84680 2.98558262152068E-4
84928 2.98558262152068E-4
84951 2.98558262152068E-4
84985 2.98558262152068E-4
84986 2.98558262152068E-4
85021 2.98558262152068E-4
85320 2.98558262152068E-4
85407 2.98558262152068E-4
90527 2.98558262152068E-4
90861 2.98558262152068E-4
92162 2.98558262152068E-4
94031 2.98558262152068E-4
96764 2.98558262152068E-4
112464 2.98558262152068E-4
113130 2.98558262152068E-4
113235 2.98558262152068E-4
114757 2.98558262152068E-4
114788 2.98558262152068E-4
124446 2.98558262152068E-4
127069 2.98558262152068E-4
128367 2.98558262152068E-4
128602 2.98558262152068E-4
128869 2.98558262152068E-4
133396 2.98558262152068E-4
139741 2.98558262152068E-4
139818 2.98558262152068E-4
140578 2.98558262152068E-4
140628 2.98558262152068E-4
144195 2.98558262152068E-4
145389 2.98558262152068E-4
147040 2.98558262152068E-4
149233 2.98558262152068E-4
150572 2.98558262152068E-4
153090 2.98558262152068E-4
168002 2.98558262152068E-4
202374 2.98558262152068E-4
219681 2.98558262152068E-4
246778 2.98558262152068E-4
255738 2.98558262152068E-4
257019 2.98558262152068E-4
259230 2.98558262152068E-4
283106 2.98558262152068E-4
285782 2.98558262152068E-4
286753 2.98558262152068E-4
317782 2.98558262152068E-4
326343 2.98558262152068E-4
326624 2.98558262152068E-4
338324 2.98558262152068E-4
340152 2.98558262152068E-4
343406 2.98558262152068E-4
374897 2.98558262152068E-4
391110 2.98558262152068E-4
391196 2.98558262152068E-4
405753 2.98558262152068E-4
406935 2.98558262152068E-4
406947 2.98558262152068E-4
406959 2.98558262152068E-4
406973 2.98558262152068E-4
407040 2.98558262152068E-4
442891 2.98558262152068E-4
541466 2.98558262152068E-4
554213 2.98558262152068E-4
654231 2.98558262152068E-4
693214 2.98558262152068E-4
728340 2.98558262152068E-4
729230 2.98558262152068E-4
730394 2.98558262152068E-4
100128922 2.98558262152068E-4
100294715 2.98558262152068E-4
100507855 2.98558262152068E-4
100509457 2.98558262152068E-4
100532731 2.98558262152068E-4
100996758 2.98558262152068E-4
101929889 2.98558262152068E-4
