4233 0.714254113617491
8312 0.601791349572912
3481 0.43063647655295
7157 0.430349824052991
5743 0.41992672059838
4609 0.4194954045414
5747 0.413991247433039
7039 0.409515522905962
324 0.409421106594038
5925 0.408655540197206
6502 0.404309924059753
898 0.403712807535449
2305 0.40149279131076
5244 0.400895674786456
2 0.400298558262152
174 0.397778617302607
7015 0.335972183788783
8743 0.331532151339406
2719 0.330337918290798
7040 0.329569702488762
4318 0.328079560583206
332 0.328002877617397
1499 0.327742660838149
595 0.320429420810761
2944 0.320260970938232
3569 0.3183421623809
2147 0.317966921152939
1956 0.317706704373692
3082 0.317706704373692
1950 0.316846721664936
2950 0.315616796538627
5243 0.315318238276475
4313 0.314889571624699
3439 0.313435121796843
2099 0.313228330441411
5265 0.313098222051787
1571 0.312332655654954
367 0.311008314216722
406906 0.310541306082042
27232 0.310112639430266
598 0.310074297947362
5290 0.308956747864562
2475 0.308918406381658
2052 0.308619848119506
3482 0.308619848119506
3315 0.308451398246978
7248 0.308359631340258
3576 0.30819118146773
7298 0.308058423672902
841 0.308022731595202
3725 0.30772417333305
1012 0.307555723460521
3309 0.307295506681274
3845 0.306269723505193
2182 0.306231382022289
100507436 0.305802715370513
1230 0.305634265497985
1540 0.305634265497985
3491 0.305634265497985
1636 0.305504157108361
2705 0.305335707235833
2353 0.305205598846209
9021 0.305205598846209
2752 0.304907040584057
6387 0.304907040584057
10553 0.304907040584057
1543 0.304776932194433
3480 0.304608482321905
4143 0.304478373932281
6528 0.304478373932281
1401 0.303712807535449
3313 0.303712807535449
6513 0.303712807535449
10537 0.303712807535449
64399 0.303712807535449
29108 0.303582699145825
7372 0.303414249273297
7980 0.303414249273297
3265 0.303284140883673
2023 0.303115691011145
7345 0.303115691011145
1869 0.302985582621521
2597 0.302985582621521
6348 0.302817132748993
6720 0.302817132748993
9353 0.302817132748993
83597 0.302817132748993
3667 0.302687024359369
5468 0.302687024359369
1051 0.30251857448684
5879 0.30251857448684
57016 0.302089907835064
1033 0.301791349572912
2194 0.301791349572912
4830 0.301791349572912
6772 0.301791349572912
7832 0.301791349572912
335 0.30149279131076
1806 0.30149279131076
4792 0.30149279131076
7001 0.30149279131076
1050 0.301194233048608
4353 0.301194233048608
1586 0.300895674786456
4489 0.300895674786456
5245 0.300895674786456
6241 0.300895674786456
196528 0.300895674786456
100124700 0.300597116524304
760 0.300597116524304
1312 0.300597116524304
2203 0.300597116524304
2810 0.300597116524304
3083 0.300597116524304
3660 0.300597116524304
4297 0.300597116524304
4780 0.300597116524304
5218 0.300597116524304
5315 0.300597116524304
5914 0.300597116524304
6319 0.300597116524304
6514 0.300597116524304
6648 0.300597116524304
9510 0.300597116524304
9681 0.300597116524304
9757 0.300597116524304
31 0.300298558262152
51 0.300298558262152
60 0.300298558262152
472 0.300298558262152
735 0.300298558262152
873 0.300298558262152
1052 0.300298558262152
1356 0.300298558262152
1509 0.300298558262152
2222 0.300298558262152
2923 0.300298558262152
3148 0.300298558262152
3156 0.300298558262152
5157 0.300298558262152
5230 0.300298558262152
6197 0.300298558262152
6240 0.300298558262152
6775 0.300298558262152
7054 0.300298558262152
7263 0.300298558262152
7376 0.300298558262152
7571 0.300298558262152
8289 0.300298558262152
8407 0.300298558262152
8667 0.300298558262152
8720 0.300298558262152
9518 0.300298558262152
10468 0.300298558262152
11315 0.300298558262152
57509 0.300298558262152
80381 0.300298558262152
87178 0.3
51085 0.3
83940 0.3
58508 0.3
57492 0.3
51360 0.3
89885 0.3
122953 0.3
55840 0.3
47 0.3
50 0.3
118 0.3
307 0.3
325 0.3
637 0.3
1646 0.3
2108 0.3
2171 0.3
3284 0.3
3417 0.3
3476 0.3
3699 0.3
4199 0.3
4502 0.3
4598 0.3
5105 0.3
5155 0.3
5226 0.3
5267 0.3
5317 0.3
5469 0.3
5502 0.3
5836 0.3
6194 0.3
6721 0.3
6888 0.3
7412 0.3
8660 0.3
8805 0.3
8900 0.3
9099 0.3
9588 0.3
10476 0.3
10961 0.3
22937 0.3
1029 0.15056319715133
5728 0.12244529508522
2272 0.116175571580027
1026 0.116045463190403
999 0.114682780269267
80781 0.107594064943426
983 0.105932823760137
283120 0.105802715370513
5934 0.105037148973681
208 0.10251857448684
6464 0.10251857448684
7010 0.10251857448684
9971 0.102388466097217
19 0.10149279131076
2033 0.10149279131076
6722 0.101194233048608
7037 0.101194233048608
23705 0.101194233048608
790 0.100895674786456
7048 0.100895674786456
353 0.100597116524304
3572 0.100597116524304
1508 0.100298558262152
230 0.1
440 0.1
825 0.1
1445 0.1
1515 0.1
1902 0.1
2495 0.1
2638 0.1
3251 0.1
4512 0.1
4540 0.1
4779 0.1
5198 0.1
5471 0.1
5933 0.1
7409 0.1
7498 0.1
8833 0.1
10628 0.1
10797 0.1
254394 0.1
55075 0.1
7422 0.0778388498547992
6696 0.0255609860963651
213 0.0244434360135653
4790 0.0223125372903927
5111 0.0220166284334445
1027 0.0206512961071042
7726 0.0206005200884927
7124 0.0192378371673562
3091 0.0184339292876197
11186 0.0174081461115396
285 0.0172013547561072
3077 0.0157852464111553
8651 0.015019680014323
1316 0.0145526718796428
3553 0.0141953893832676
3342 0.0137336800589951
3447 0.013435121796843
3123 0.0133941309087349
4524 0.0133941309087349
54577 0.0133941309087349
3486 0.0133584388310345
7076 0.0133584388310345
10395 0.0132283304414106
3119 0.0131312647242832
3880 0.0129297721792586
836 0.0123326556549544
4193 0.0122025472653305
6774 0.012108130953407
3606 0.0118069232860511
682 0.0114369808684982
3339 0.0110466556996265
2952 0.0110083142167222
975 0.0105769981597424
4153 0.0103141319752907
4316 0.01024274781989
6581 0.0101509809131703
3586 0.010112639430266
387 0.0100742979473618
4312 0.00994418955773789
611 0.00985242265101823
3630 0.00985242265101823
3702 0.00985242265101823
4102 0.00964563129558582
4314 0.00964563129558582
941 0.00938276511113413
7161 0.00921696464380984
3162 0.00904851477128168
10855 0.00891840638165778
11009 0.00891840638165778
3455 0.00878564858683
331 0.00874995650912962
6364 0.00874995650912962
8842 0.0084897397298818
5610 0.00832128985735364
2697 0.00815283998482548
5594 0.00806107307810583
2146 0.00802273159520157
4100 0.00802273159520157
5328 0.00772417333304951
1000 0.00755572346052135
207 0.00746395655380169
217 0.00742561507089744
444 0.00742561507089744
1017 0.00742561507089744
1019 0.00742561507089744
10747 0.00719844096414613
7515 0.00716539829164962
3172 0.00712705680874537
7799 0.00712705680874537
960 0.00699694841912146
3458 0.00699694841912146
3791 0.00699694841912146
5599 0.00699694841912146
146 0.00686684002949756
284 0.0068284985465933
1015 0.0068284985465933
3952 0.0068284985465933
3429 0.00673408223466978
1555 0.0066983901569694
2837 0.00656828176734549
5293 0.00656828176734549
8170 0.00656828176734549
619501 0.00656828176734549
84668 0.00656828176734549
3565 0.00656563236214162
3484 0.00652994028444123
4288 0.00652994028444123
9768 0.00652994028444123
10653 0.00652994028444123
51280 0.00652994028444123
864 0.00639983189481733
4323 0.00639983189481733
5716 0.00639983189481733
6868 0.00639983189481733
5291 0.00626972350519342
5294 0.00626972350519342
3117 0.00626707409998955
355 0.00623138202228917
2932 0.00623138202228917
7852 0.00623138202228917
10253 0.00623138202228917
10987 0.00623138202228917
54984 0.00623138202228917
4192 0.00610127363266526
9940 0.00610127363266526
925 0.00597116524304135
133482 0.00597116524304135
373156 0.00597116524304135
90627 0.0059328237601371
596 0.0059328237601371
648 0.0059328237601371
993 0.0059328237601371
4255 0.0059328237601371
4851 0.0059328237601371
5300 0.0059328237601371
5629 0.0059328237601371
6790 0.0059328237601371
7027 0.0059328237601371
11156 0.0059328237601371
6678 0.00583840744821357
9402 0.00583840744821357
5054 0.00580271537051319
6667 0.00580271537051319
7077 0.00580271537051319
1677 0.00563426549798503
3688 0.00563426549798503
6317 0.00563426549798503
6477 0.00563426549798503
9071 0.00563426549798503
22809 0.00563426549798503
947 0.00553984918606151
1432 0.00550415710836112
1786 0.00550415710836112
2247 0.00550415710836112
2264 0.00550415710836112
55353 0.00550415710836112
2131 0.00537404871873722
356 0.00533570723583296
540 0.00533570723583296
3170 0.00533570723583296
4085 0.00533570723583296
4803 0.00533570723583296
5829 0.00533570723583296
7291 0.00533570723583296
9970 0.00533570723583296
23095 0.00524129092390944
1544 0.00520559884620906
3065 0.00520559884620906
3105 0.00520559884620906
4485 0.00507549045658515
23158 0.00507549045658515
27306 0.00507549045658515
389 0.0050371489736809
581 0.0050371489736809
6714 0.0050371489736809
192343 0.0050371489736809
7013 0.00494273266175737
857 0.00490704058405699
1728 0.00490704058405699
1030 0.00477693219443308
4477 0.00477693219443308
84000 0.00477693219443308
89782 0.00477693219443308
717 0.0046441743996053
2267 0.0046441743996053
3115 0.0046441743996053
302 0.00460848232190492
1576 0.00460848232190492
4144 0.00460848232190492
7517 0.00460848232190492
8795 0.00460848232190492
2048 0.00447837393228102
6927 0.00447837393228102
3454 0.00434561613745324
4968 0.00434561613745324
6776 0.00434561613745324
133 0.00430992405975285
1490 0.00430992405975285
3559 0.00430992405975285
5371 0.00430992405975285
5465 0.00430992405975285
8932 0.00430992405975285
9212 0.00430992405975285
10397 0.00430992405975285
83478 0.00417981567012895
229 0.00404705787530117
3627 0.00404705787530117
4501 0.00404705787530117
328 0.00401136579760079
348 0.00401136579760079
1235 0.00401136579760079
1485 0.00401136579760079
2034 0.00401136579760079
2324 0.00401136579760079
2896 0.00401136579760079
3099 0.00401136579760079
3308 0.00401136579760079
3949 0.00401136579760079
5176 0.00401136579760079
9429 0.00401136579760079
23600 0.00401136579760079
57447 0.00401136579760079
406991 0.00401136579760079
64754 0.00401136579760079
56996 0.00388125740797688
3126 0.00388125740797688
5624 0.00388125740797688
8945 0.0037484996131491
54600 0.0037484996131491
54578 0.0037484996131491
83593 0.00371280753544872
1645 0.00371280753544872
1789 0.00371280753544872
1843 0.00371280753544872
2064 0.00371280753544872
2321 0.00371280753544872
2538 0.00371280753544872
3106 0.00371280753544872
3146 0.00371280753544872
3383 0.00371280753544872
3621 0.00371280753544872
3855 0.00371280753544872
4072 0.00371280753544872
5037 0.00371280753544872
6716 0.00371280753544872
6822 0.00371280753544872
7033 0.00371280753544872
7490 0.00371280753544872
7707 0.00371280753544872
9112 0.00371280753544872
10120 0.00371280753544872
412 0.00358269914582481
847 0.00358269914582481
920 0.00358269914582481
2946 0.00358269914582481
3133 0.00358269914582481
3558 0.00358269914582481
5068 0.00358269914582481
10923 0.00358269914582481
282617 0.00358269914582481
221527 0.00344994135099703
90141 0.00344994135099703
267015 0.00344994135099703
84647 0.00344994135099703
1233 0.00344994135099703
3560 0.00344994135099703
3594 0.00344994135099703
4053 0.00344994135099703
4599 0.00344994135099703
7014 0.00344994135099703
8809 0.00344994135099703
23523 0.00344994135099703
142 0.00341424927329665
182 0.00341424927329665
780 0.00341424927329665
842 0.00341424927329665
890 0.00341424927329665
900 0.00341424927329665
977 0.00341424927329665
1111 0.00341424927329665
2678 0.00341424927329665
2735 0.00341424927329665
3622 0.00341424927329665
4171 0.00341424927329665
4507 0.00341424927329665
4595 0.00341424927329665
5187 0.00341424927329665
6382 0.00341424927329665
7098 0.00341424927329665
8771 0.00341424927329665
22882 0.00341424927329665
27113 0.00341424927329665
168400 0.00341424927329665
84513 0.00341424927329665
51741 0.00341424927329665
728655 0.00341424927329665
57379 0.00341424927329665
51438 0.00341424927329665
51053 0.00341424927329665
100302736 0.00328414088367274
353376 0.00328414088367274
79811 0.00328414088367274
51014 0.00328414088367274
183 0.00328414088367274
2720 0.00328414088367274
4363 0.00328414088367274
5062 0.00328414088367274
8655 0.00328414088367274
8731 0.00328414088367274
463 0.00311569101114458
655 0.00311569101114458
664 0.00311569101114458
972 0.00311569101114458
1364 0.00311569101114458
1465 0.00311569101114458
2875 0.00311569101114458
2938 0.00311569101114458
3329 0.00311569101114458
3604 0.00311569101114458
3620 0.00311569101114458
3875 0.00311569101114458
4547 0.00311569101114458
5168 0.00311569101114458
6091 0.00311569101114458
6173 0.00311569101114458
7057 0.00311569101114458
7184 0.00311569101114458
7430 0.00311569101114458
8863 0.00311569101114458
9166 0.00311569101114458
9536 0.00311569101114458
9577 0.00311569101114458
9788 0.00311569101114458
10103 0.00311569101114458
10276 0.00311569101114458
10409 0.00311569101114458
10551 0.00311569101114458
10894 0.00311569101114458
10899 0.00311569101114458
10935 0.00311569101114458
23209 0.00311569101114458
23336 0.00311569101114458
27430 0.00311569101114458
28234 0.00311569101114458
259266 0.00311569101114458
117153 0.00311569101114458
100506658 0.00311569101114458
415116 0.00311569101114458
29072 0.00298558262152068
199699 0.00298558262152068
55249 0.00298558262152068
92140 0.00298558262152068
81539 0.00298558262152068
189 0.00298558262152068
1437 0.00298558262152068
3479 0.00298558262152068
5669 0.00298558262152068
5715 0.00298558262152068
7431 0.00298558262152068
10249 0.00298558262152068
10413 0.00298558262152068
10534 0.00298558262152068
10671 0.00298558262152068
961 0.00281713274899252
998 0.00281713274899252
1236 0.00281713274899252
1268 0.00281713274899252
1269 0.00281713274899252
1410 0.00281713274899252
1581 0.00281713274899252
1915 0.00281713274899252
1947 0.00281713274899252
2021 0.00281713274899252
2022 0.00281713274899252
2149 0.00281713274899252
2288 0.00281713274899252
2706 0.00281713274899252
2947 0.00281713274899252
3159 0.00281713274899252
3303 0.00281713274899252
3551 0.00281713274899252
3592 0.00281713274899252
3685 0.00281713274899252
3956 0.00281713274899252
4087 0.00281713274899252
4090 0.00281713274899252
4147 0.00281713274899252
4292 0.00281713274899252
4317 0.00281713274899252
4325 0.00281713274899252
4436 0.00281713274899252
4552 0.00281713274899252
4582 0.00281713274899252
4804 0.00281713274899252
4843 0.00281713274899252
4855 0.00281713274899252
4914 0.00281713274899252
5295 0.00281713274899252
5414 0.00281713274899252
5494 0.00281713274899252
5563 0.00281713274899252
5731 0.00281713274899252
5887 0.00281713274899252
6093 0.00281713274899252
6277 0.00281713274899252
6318 0.00281713274899252
6344 0.00281713274899252
6414 0.00281713274899252
6462 0.00281713274899252
6757 0.00281713274899252
6758 0.00281713274899252
7074 0.00281713274899252
7082 0.00281713274899252
7423 0.00281713274899252
7471 0.00281713274899252
7474 0.00281713274899252
8435 0.00281713274899252
8451 0.00281713274899252
8549 0.00281713274899252
8600 0.00281713274899252
8733 0.00281713274899252
8864 0.00281713274899252
8880 0.00281713274899252
8881 0.00281713274899252
9002 0.00281713274899252
9076 0.00281713274899252
10643 0.00281713274899252
10912 0.00281713274899252
11065 0.00281713274899252
11082 0.00281713274899252
22919 0.00281713274899252
23581 0.00281713274899252
157506 0.00281713274899252
29948 0.00281713274899252
157807 0.00281713274899252
283518 0.00281713274899252
57019 0.00281713274899252
375056 0.00281713274899252
79977 0.00281713274899252
118856 0.00281713274899252
84432 0.00281713274899252
50616 0.00281713274899252
80705 0.00281713274899252
83787 0.00281713274899252
147111 0.00281713274899252
55937 0.00281713274899252
51129 0.00281713274899252
406938 0.00281713274899252
407008 0.00281713274899252
51181 0.00281713274899252
728239 0.00268702435936861
81557 0.00268702435936861
728378 0.00268702435936861
79612 0.00268702435936861
65211 0.00268702435936861
29107 0.00268702435936861
10 0.00268702435936861
1022 0.00268702435936861
1384 0.00268702435936861
2056 0.00268702435936861
2354 0.00268702435936861
3726 0.00268702435936861
4597 0.00268702435936861
5313 0.00268702435936861
6280 0.00268702435936861
10573 0.00268702435936861
26503 0.00268702435936861
140 0.00251857448684045
210 0.00251857448684045
267 0.00251857448684045
290 0.00251857448684045
345 0.00251857448684045
394 0.00251857448684045
434 0.00251857448684045
599 0.00251857448684045
990 0.00251857448684045
1112 0.00251857448684045
1264 0.00251857448684045
1314 0.00251857448684045
1434 0.00251857448684045
1500 0.00251857448684045
1656 0.00251857448684045
1917 0.00251857448684045
1997 0.00251857448684045
2071 0.00251857448684045
2562 0.00251857448684045
2683 0.00251857448684045
2817 0.00251857448684045
2886 0.00251857448684045
3122 0.00251857448684045
3556 0.00251857448684045
3624 0.00251857448684045
3675 0.00251857448684045
3811 0.00251857448684045
3858 0.00251857448684045
3911 0.00251857448684045
3918 0.00251857448684045
4059 0.00251857448684045
4205 0.00251857448684045
4208 0.00251857448684045
4249 0.00251857448684045
4616 0.00251857448684045
4853 0.00251857448684045
4854 0.00251857448684045
4929 0.00251857448684045
5009 0.00251857448684045
5329 0.00251857448684045
5579 0.00251857448684045
5794 0.00251857448684045
5920 0.00251857448684045
5971 0.00251857448684045
5984 0.00251857448684045
6016 0.00251857448684045
6198 0.00251857448684045
6282 0.00251857448684045
6401 0.00251857448684045
6495 0.00251857448684045
6558 0.00251857448684045
6670 0.00251857448684045
7067 0.00251857448684045
7068 0.00251857448684045
7203 0.00251857448684045
7247 0.00251857448684045
7465 0.00251857448684045
7525 0.00251857448684045
7839 0.00251857448684045
7984 0.00251857448684045
8570 0.00251857448684045
8838 0.00251857448684045
8840 0.00251857448684045
9564 0.00251857448684045
9587 0.00251857448684045
10224 0.00251857448684045
10587 0.00251857448684045
10783 0.00251857448684045
27343 0.00251857448684045
28996 0.00251857448684045
51109 0.00251857448684045
333932 0.00251857448684045
200734 0.00251857448684045
283600 0.00251857448684045
55829 0.00251857448684045
64135 0.00251857448684045
406953 0.00251857448684045
51214 0.00251857448684045
90332 0.00251857448684045
51297 0.00251857448684045
55343 0.00251857448684045
146845 0.00251857448684045
51540 0.00251857448684045
161742 0.00251857448684045
144165 0.00251857448684045
51715 0.00251857448684045
57045 0.00238846609721654
594 0.00238846609721654
1048 0.00238846609721654
1398 0.00238846609721654
2068 0.00238846609721654
3068 0.00238846609721654
3727 0.00238846609721654
5340 0.00238846609721654
6080 0.00238846609721654
6347 0.00238846609721654
6422 0.00238846609721654
7965 0.00238846609721654
8996 0.00238846609721654
10598 0.00238846609721654
23089 0.00238846609721654
23411 0.00238846609721654
25897 0.00238846609721654
26073 0.00238846609721654
338 0.00208990783506447
652 0.00208990783506447
1028 0.00208990783506447
1991 0.00208990783506447
2335 0.00208990783506447
3135 0.00208990783506447
3320 0.00208990783506447
3643 0.00208990783506447
4105 0.00208990783506447
4760 0.00208990783506447
4953 0.00208990783506447
5327 0.00208990783506447
6275 0.00208990783506447
7421 0.00208990783506447
10383 0.00208990783506447
11261 0.00208990783506447
64170 0.00208990783506447
728489 0.00208990783506447
79971 0.00208990783506447
80339 0.00208990783506447
57817 0.00208990783506447
50943 0.00208990783506447
65108 0.00208990783506447
55275 0.00179134957291241
400410 0.00179134957291241
112476 0.00179134957291241
51343 0.00179134957291241
118429 0.00179134957291241
92086 0.00179134957291241
152503 0.00179134957291241
51639 0.00179134957291241
56259 0.00179134957291241
50818 0.00179134957291241
891 0.00179134957291241
894 0.00179134957291241
1191 0.00179134957291241
1594 0.00179134957291241
2011 0.00179134957291241
3552 0.00179134957291241
3659 0.00179134957291241
3669 0.00179134957291241
3732 0.00179134957291241
4495 0.00179134957291241
4513 0.00179134957291241
5047 0.00179134957291241
5347 0.00179134957291241
6646 0.00179134957291241
6654 0.00179134957291241
6750 0.00179134957291241
6850 0.00179134957291241
7070 0.00179134957291241
7078 0.00179134957291241
7249 0.00179134957291241
8988 0.00179134957291241
9032 0.00179134957291241
9034 0.00179134957291241
9965 0.00179134957291241
10263 0.00179134957291241
10327 0.00179134957291241
10657 0.00179134957291241
10682 0.00179134957291241
11102 0.00179134957291241
28956 0.00179134957291241
196 0.00149279131076034
445 0.00149279131076034
1244 0.00149279131076034
1778 0.00149279131076034
2185 0.00149279131076034
2671 0.00149279131076034
2690 0.00149279131076034
2768 0.00149279131076034
2876 0.00149279131076034
2965 0.00149279131076034
3442 0.00149279131076034
3456 0.00149279131076034
3557 0.00149279131076034
3925 0.00149279131076034
3934 0.00149279131076034
4051 0.00149279131076034
4311 0.00149279131076034
4321 0.00149279131076034
4350 0.00149279131076034
4493 0.00149279131076034
5130 0.00149279131076034
5601 0.00149279131076034
5781 0.00149279131076034
5967 0.00149279131076034
5970 0.00149279131076034
6298 0.00149279131076034
6530 0.00149279131076034
6857 0.00149279131076034
6898 0.00149279131076034
6925 0.00149279131076034
6934 0.00149279131076034
7099 0.00149279131076034
7295 0.00149279131076034
7433 0.00149279131076034
7508 0.00149279131076034
7936 0.00149279131076034
8324 0.00149279131076034
8714 0.00149279131076034
8718 0.00149279131076034
8788 0.00149279131076034
8797 0.00149279131076034
8837 0.00149279131076034
8841 0.00149279131076034
8878 0.00149279131076034
9232 0.00149279131076034
9360 0.00149279131076034
9961 0.00149279131076034
10058 0.00149279131076034
10519 0.00149279131076034
10644 0.00149279131076034
11258 0.00149279131076034
11331 0.00149279131076034
23636 0.00149279131076034
27250 0.00149279131076034
246100 0.00149279131076034
57650 0.00149279131076034
29126 0.00149279131076034
51164 0.00149279131076034
65125 0.00149279131076034
100133941 0.00149279131076034
64689 0.00149279131076034
129831 0.00149279131076034
57026 0.00119423304860827
407009 0.00119423304860827
57534 0.00119423304860827
57332 0.00119423304860827
220001 0.00119423304860827
55511 0.00119423304860827
79969 0.00119423304860827
55959 0.00119423304860827
80279 0.00119423304860827
56648 0.00119423304860827
727738 0.00119423304860827
346389 0.00119423304860827
125 0.00119423304860827
374 0.00119423304860827
405 0.00119423304860827
635 0.00119423304860827
673 0.00119423304860827
958 0.00119423304860827
1154 0.00119423304860827
1213 0.00119423304860827
1326 0.00119423304860827
1429 0.00119423304860827
1493 0.00119423304860827
1593 0.00119423304860827
1654 0.00119423304860827
1788 0.00119423304860827
2184 0.00119423304860827
2821 0.00119423304860827
3240 0.00119423304860827
3440 0.00119423304860827
3490 0.00119423304860827
3921 0.00119423304860827
3976 0.00119423304860827
4018 0.00119423304860827
4025 0.00119423304860827
4494 0.00119423304860827
4869 0.00119423304860827
5053 0.00119423304860827
5122 0.00119423304860827
5530 0.00119423304860827
5578 0.00119423304860827
5595 0.00119423304860827
6352 0.00119423304860827
6360 0.00119423304860827
6395 0.00119423304860827
6576 0.00119423304860827
6615 0.00119423304860827
6690 0.00119423304860827
6692 0.00119423304860827
6756 0.00119423304860827
6768 0.00119423304860827
6783 0.00119423304860827
6794 0.00119423304860827
7024 0.00119423304860827
7035 0.00119423304860827
7096 0.00119423304860827
7276 0.00119423304860827
8431 0.00119423304860827
8434 0.00119423304860827
8647 0.00119423304860827
8740 0.00119423304860827
8829 0.00119423304860827
8856 0.00119423304860827
9699 0.00119423304860827
9787 0.00119423304860827
10007 0.00119423304860827
10165 0.00119423304860827
11197 0.00119423304860827
22943 0.00119423304860827
23213 0.00119423304860827
24 8.95674786456203E-4
218 8.95674786456203E-4
231 8.95674786456203E-4
292 8.95674786456203E-4
537 8.95674786456203E-4
654 8.95674786456203E-4
672 8.95674786456203E-4
675 8.95674786456203E-4
701 8.95674786456203E-4
706 8.95674786456203E-4
708 8.95674786456203E-4
800 8.95674786456203E-4
801 8.95674786456203E-4
805 8.95674786456203E-4
808 8.95674786456203E-4
928 8.95674786456203E-4
1021 8.95674786456203E-4
1234 8.95674786456203E-4
1373 8.95674786456203E-4
1557 8.95674786456203E-4
1559 8.95674786456203E-4
1565 8.95674786456203E-4
1577 8.95674786456203E-4
1588 8.95674786456203E-4
1589 8.95674786456203E-4
1595 8.95674786456203E-4
1644 8.95674786456203E-4
1649 8.95674786456203E-4
1738 8.95674786456203E-4
1942 8.95674786456203E-4
2017 8.95674786456203E-4
2042 8.95674786456203E-4
2248 8.95674786456203E-4
2309 8.95674786456203E-4
2523 8.95674786456203E-4
2528 8.95674786456203E-4
2530 8.95674786456203E-4
2688 8.95674786456203E-4
2744 8.95674786456203E-4
2908 8.95674786456203E-4
3090 8.95674786456203E-4
3120 8.95674786456203E-4
3131 8.95674786456203E-4
3164 8.95674786456203E-4
3316 8.95674786456203E-4
3567 8.95674786456203E-4
3589 8.95674786456203E-4
3600 8.95674786456203E-4
3605 8.95674786456203E-4
3678 8.95674786456203E-4
3927 8.95674786456203E-4
4035 8.95674786456203E-4
4176 8.95674786456203E-4
4194 8.95674786456203E-4
4221 8.95674786456203E-4
4277 8.95674786456203E-4
4322 8.95674786456203E-4
4335 8.95674786456203E-4
4360 8.95674786456203E-4
4437 8.95674786456203E-4
4499 8.95674786456203E-4
4860 8.95674786456203E-4
4922 8.95674786456203E-4
5052 8.95674786456203E-4
5055 8.95674786456203E-4
5058 8.95674786456203E-4
5169 8.95674786456203E-4
5175 8.95674786456203E-4
5319 8.95674786456203E-4
5460 8.95674786456203E-4
5478 8.95674786456203E-4
5524 8.95674786456203E-4
5727 8.95674786456203E-4
5788 8.95674786456203E-4
5894 8.95674786456203E-4
5915 8.95674786456203E-4
5940 8.95674786456203E-4
6175 8.95674786456203E-4
6520 8.95674786456203E-4
6548 8.95674786456203E-4
6606 8.95674786456203E-4
6607 8.95674786456203E-4
6647 8.95674786456203E-4
6687 8.95674786456203E-4
6752 8.95674786456203E-4
6777 8.95674786456203E-4
6890 8.95674786456203E-4
6910 8.95674786456203E-4
6932 8.95674786456203E-4
7036 8.95674786456203E-4
7097 8.95674786456203E-4
7132 8.95674786456203E-4
7170 8.95674786456203E-4
7200 8.95674786456203E-4
7294 8.95674786456203E-4
7301 8.95674786456203E-4
7415 8.95674786456203E-4
7448 8.95674786456203E-4
7518 8.95674786456203E-4
7531 8.95674786456203E-4
7534 8.95674786456203E-4
7538 8.95674786456203E-4
7593 8.95674786456203E-4
8205 8.95674786456203E-4
8294 8.95674786456203E-4
8359 8.95674786456203E-4
8360 8.95674786456203E-4
8361 8.95674786456203E-4
8362 8.95674786456203E-4
8363 8.95674786456203E-4
8364 8.95674786456203E-4
8365 8.95674786456203E-4
8366 8.95674786456203E-4
8367 8.95674786456203E-4
8368 8.95674786456203E-4
8370 8.95674786456203E-4
8471 8.95674786456203E-4
8626 8.95674786456203E-4
9104 8.95674786456203E-4
9365 8.95674786456203E-4
9448 8.95674786456203E-4
9557 8.95674786456203E-4
10013 8.95674786456203E-4
10194 8.95674786456203E-4
10599 8.95674786456203E-4
10879 8.95674786456203E-4
11093 8.95674786456203E-4
11151 8.95674786456203E-4
11196 8.95674786456203E-4
22914 8.95674786456203E-4
22974 8.95674786456203E-4
23037 8.95674786456203E-4
23291 8.95674786456203E-4
23541 8.95674786456203E-4
23583 8.95674786456203E-4
23677 8.95674786456203E-4
27161 8.95674786456203E-4
27319 8.95674786456203E-4
378938 8.95674786456203E-4
152831 8.95674786456203E-4
60343 8.95674786456203E-4
100528032 8.95674786456203E-4
51742 8.95674786456203E-4
64778 8.95674786456203E-4
51147 8.95674786456203E-4
54106 8.95674786456203E-4
64083 8.95674786456203E-4
81567 8.95674786456203E-4
148811 8.95674786456203E-4
100532731 8.95674786456203E-4
65991 8.95674786456203E-4
729838 8.95674786456203E-4
197257 8.95674786456203E-4
57142 8.95674786456203E-4
51364 8.95674786456203E-4
57591 8.95674786456203E-4
100128922 8.95674786456203E-4
30816 8.95674786456203E-4
653590 8.95674786456203E-4
93210 8.95674786456203E-4
574501 8.95674786456203E-4
728226 8.95674786456203E-4
728441 8.95674786456203E-4
554313 8.95674786456203E-4
121504 8.95674786456203E-4
115701 8.95674786456203E-4
55665 8.95674786456203E-4
112744 5.97116524304135E-4
51162 5.97116524304135E-4
92170 5.97116524304135E-4
84798 5.97116524304135E-4
387522 5.97116524304135E-4
116833 5.97116524304135E-4
151056 5.97116524304135E-4
387521 5.97116524304135E-4
114609 5.97116524304135E-4
114569 5.97116524304135E-4
149428 5.97116524304135E-4
80331 5.97116524304135E-4
80347 5.97116524304135E-4
149233 5.97116524304135E-4
80818 5.97116524304135E-4
81532 5.97116524304135E-4
50507 5.97116524304135E-4
145270 5.97116524304135E-4
284340 5.97116524304135E-4
154043 5.97116524304135E-4
84260 5.97116524304135E-4
140767 5.97116524304135E-4
284390 5.97116524304135E-4
140735 5.97116524304135E-4
153090 5.97116524304135E-4
51084 5.97116524304135E-4
286133 5.97116524304135E-4
283902 5.97116524304135E-4
340273 5.97116524304135E-4
124872 5.97116524304135E-4
81537 5.97116524304135E-4
84312 5.97116524304135E-4
50628 5.97116524304135E-4
85348 5.97116524304135E-4
148738 5.97116524304135E-4
407021 5.97116524304135E-4
81839 5.97116524304135E-4
51151 5.97116524304135E-4
148266 5.97116524304135E-4
84722 5.97116524304135E-4
84557 5.97116524304135E-4
79923 5.97116524304135E-4
55890 5.97116524304135E-4
644314 5.97116524304135E-4
51251 5.97116524304135E-4
55384 5.97116524304135E-4
55119 5.97116524304135E-4
730249 5.97116524304135E-4
54822 5.97116524304135E-4
54741 5.97116524304135E-4
54739 5.97116524304135E-4
406973 5.97116524304135E-4
54658 5.97116524304135E-4
59271 5.97116524304135E-4
406947 5.97116524304135E-4
55536 5.97116524304135E-4
57148 5.97116524304135E-4
57126 5.97116524304135E-4
56034 5.97116524304135E-4
56242 5.97116524304135E-4
55818 5.97116524304135E-4
641654 5.97116524304135E-4
55743 5.97116524304135E-4
56616 5.97116524304135E-4
55697 5.97116524304135E-4
654364 5.97116524304135E-4
57007 5.97116524304135E-4
55616 5.97116524304135E-4
55578 5.97116524304135E-4
57103 5.97116524304135E-4
55507 5.97116524304135E-4
64105 5.97116524304135E-4
30827 5.97116524304135E-4
64663 5.97116524304135E-4
54407 5.97116524304135E-4
51582 5.97116524304135E-4
79109 5.97116524304135E-4
79068 5.97116524304135E-4
51807 5.97116524304135E-4
79623 5.97116524304135E-4
29127 5.97116524304135E-4
388112 5.97116524304135E-4
64963 5.97116524304135E-4
54567 5.97116524304135E-4
54556 5.97116524304135E-4
79733 5.97116524304135E-4
64328 5.97116524304135E-4
79727 5.97116524304135E-4
389421 5.97116524304135E-4
12 5.97116524304135E-4
29 5.97116524304135E-4
49 5.97116524304135E-4
54 5.97116524304135E-4
71 5.97116524304135E-4
101 5.97116524304135E-4
102 5.97116524304135E-4
128 5.97116524304135E-4
156 5.97116524304135E-4
173 5.97116524304135E-4
215 5.97116524304135E-4
240 5.97116524304135E-4
274 5.97116524304135E-4
301 5.97116524304135E-4
329 5.97116524304135E-4
339 5.97116524304135E-4
351 5.97116524304135E-4
390 5.97116524304135E-4
527 5.97116524304135E-4
572 5.97116524304135E-4
627 5.97116524304135E-4
634 5.97116524304135E-4
761 5.97116524304135E-4
768 5.97116524304135E-4
826 5.97116524304135E-4
875 5.97116524304135E-4
892 5.97116524304135E-4
896 5.97116524304135E-4
921 5.97116524304135E-4
959 5.97116524304135E-4
1056 5.97116524304135E-4
1058 5.97116524304135E-4
1068 5.97116524304135E-4
1080 5.97116524304135E-4
1084 5.97116524304135E-4
1087 5.97116524304135E-4
1113 5.97116524304135E-4
1116 5.97116524304135E-4
1147 5.97116524304135E-4
1203 5.97116524304135E-4
1211 5.97116524304135E-4
1270 5.97116524304135E-4
1278 5.97116524304135E-4
1351 5.97116524304135E-4
1363 5.97116524304135E-4
1371 5.97116524304135E-4
1378 5.97116524304135E-4
1381 5.97116524304135E-4
1385 5.97116524304135E-4
1395 5.97116524304135E-4
1436 5.97116524304135E-4
1440 5.97116524304135E-4
1548 5.97116524304135E-4
1551 5.97116524304135E-4
1591 5.97116524304135E-4
1634 5.97116524304135E-4
1666 5.97116524304135E-4
1678 5.97116524304135E-4
1755 5.97116524304135E-4
1810 5.97116524304135E-4
1811 5.97116524304135E-4
1839 5.97116524304135E-4
1890 5.97116524304135E-4
1892 5.97116524304135E-4
1893 5.97116524304135E-4
1910 5.97116524304135E-4
1958 5.97116524304135E-4
1962 5.97116524304135E-4
1969 5.97116524304135E-4
1977 5.97116524304135E-4
1978 5.97116524304135E-4
1982 5.97116524304135E-4
1984 5.97116524304135E-4
2046 5.97116524304135E-4
2051 5.97116524304135E-4
2067 5.97116524304135E-4
2152 5.97116524304135E-4
2158 5.97116524304135E-4
2168 5.97116524304135E-4
2175 5.97116524304135E-4
2249 5.97116524304135E-4
2258 5.97116524304135E-4
2260 5.97116524304135E-4
2263 5.97116524304135E-4
2274 5.97116524304135E-4
2308 5.97116524304135E-4
2316 5.97116524304135E-4
2487 5.97116524304135E-4
2520 5.97116524304135E-4
2526 5.97116524304135E-4
2543 5.97116524304135E-4
2547 5.97116524304135E-4
2576 5.97116524304135E-4
2577 5.97116524304135E-4
2670 5.97116524304135E-4
2737 5.97116524304135E-4
2922 5.97116524304135E-4
3000 5.97116524304135E-4
3066 5.97116524304135E-4
3134 5.97116524304135E-4
3145 5.97116524304135E-4
3178 5.97116524304135E-4
3181 5.97116524304135E-4
3209 5.97116524304135E-4
3249 5.97116524304135E-4
3263 5.97116524304135E-4
3280 5.97116524304135E-4
3297 5.97116524304135E-4
3375 5.97116524304135E-4
3398 5.97116524304135E-4
3516 5.97116524304135E-4
3661 5.97116524304135E-4
3700 5.97116524304135E-4
3708 5.97116524304135E-4
3716 5.97116524304135E-4
3717 5.97116524304135E-4
3856 5.97116524304135E-4
3897 5.97116524304135E-4
3902 5.97116524304135E-4
3930 5.97116524304135E-4
3939 5.97116524304135E-4
3950 5.97116524304135E-4
3953 5.97116524304135E-4
3958 5.97116524304135E-4
3965 5.97116524304135E-4
3981 5.97116524304135E-4
4001 5.97116524304135E-4
4014 5.97116524304135E-4
4023 5.97116524304135E-4
4034 5.97116524304135E-4
4043 5.97116524304135E-4
4050 5.97116524304135E-4
4080 5.97116524304135E-4
4084 5.97116524304135E-4
4089 5.97116524304135E-4
4103 5.97116524304135E-4
4118 5.97116524304135E-4
4163 5.97116524304135E-4
4179 5.97116524304135E-4
4283 5.97116524304135E-4
4324 5.97116524304135E-4
4331 5.97116524304135E-4
4342 5.97116524304135E-4
4490 5.97116524304135E-4
4496 5.97116524304135E-4
4498 5.97116524304135E-4
4500 5.97116524304135E-4
4514 5.97116524304135E-4
4543 5.97116524304135E-4
4548 5.97116524304135E-4
4605 5.97116524304135E-4
4610 5.97116524304135E-4
4659 5.97116524304135E-4
4691 5.97116524304135E-4
4763 5.97116524304135E-4
4831 5.97116524304135E-4
4923 5.97116524304135E-4
5018 5.97116524304135E-4
5079 5.97116524304135E-4
5093 5.97116524304135E-4
5133 5.97116524304135E-4
5156 5.97116524304135E-4
5159 5.97116524304135E-4
5179 5.97116524304135E-4
5241 5.97116524304135E-4
5271 5.97116524304135E-4
5339 5.97116524304135E-4
5424 5.97116524304135E-4
5479 5.97116524304135E-4
5551 5.97116524304135E-4
5573 5.97116524304135E-4
5584 5.97116524304135E-4
5598 5.97116524304135E-4
5604 5.97116524304135E-4
5618 5.97116524304135E-4
5670 5.97116524304135E-4
5729 5.97116524304135E-4
5744 5.97116524304135E-4
5774 5.97116524304135E-4
5783 5.97116524304135E-4
5786 5.97116524304135E-4
5800 5.97116524304135E-4
5888 5.97116524304135E-4
5891 5.97116524304135E-4
5901 5.97116524304135E-4
5921 5.97116524304135E-4
5937 5.97116524304135E-4
5950 5.97116524304135E-4
6156 5.97116524304135E-4
6159 5.97116524304135E-4
6239 5.97116524304135E-4
6256 5.97116524304135E-4
6279 5.97116524304135E-4
6286 5.97116524304135E-4
6303 5.97116524304135E-4
6304 5.97116524304135E-4
6358 5.97116524304135E-4
6359 5.97116524304135E-4
6374 5.97116524304135E-4
6383 5.97116524304135E-4
6469 5.97116524304135E-4
6480 5.97116524304135E-4
6484 5.97116524304135E-4
6554 5.97116524304135E-4
6580 5.97116524304135E-4
6584 5.97116524304135E-4
6594 5.97116524304135E-4
6595 5.97116524304135E-4
6622 5.97116524304135E-4
6656 5.97116524304135E-4
6659 5.97116524304135E-4
6711 5.97116524304135E-4
6715 5.97116524304135E-4
6736 5.97116524304135E-4
6767 5.97116524304135E-4
6786 5.97116524304135E-4
6939 5.97116524304135E-4
7009 5.97116524304135E-4
7011 5.97116524304135E-4
7042 5.97116524304135E-4
7046 5.97116524304135E-4
7049 5.97116524304135E-4
7104 5.97116524304135E-4
7145 5.97116524304135E-4
7153 5.97116524304135E-4
7173 5.97116524304135E-4
7320 5.97116524304135E-4
7334 5.97116524304135E-4
7335 5.97116524304135E-4
7341 5.97116524304135E-4
7361 5.97116524304135E-4
7454 5.97116524304135E-4
7514 5.97116524304135E-4
7520 5.97116524304135E-4
7528 5.97116524304135E-4
7869 5.97116524304135E-4
7905 5.97116524304135E-4
8030 5.97116524304135E-4
8085 5.97116524304135E-4
8140 5.97116524304135E-4
8202 5.97116524304135E-4
8209 5.97116524304135E-4
8313 5.97116524304135E-4
8379 5.97116524304135E-4
8487 5.97116524304135E-4
8490 5.97116524304135E-4
8493 5.97116524304135E-4
8531 5.97116524304135E-4
8539 5.97116524304135E-4
8548 5.97116524304135E-4
8754 5.97116524304135E-4
8772 5.97116524304135E-4
8826 5.97116524304135E-4
8836 5.97116524304135E-4
8872 5.97116524304135E-4
8874 5.97116524304135E-4
8877 5.97116524304135E-4
9033 5.97116524304135E-4
9077 5.97116524304135E-4
9152 5.97116524304135E-4
9156 5.97116524304135E-4
9169 5.97116524304135E-4
9223 5.97116524304135E-4
9260 5.97116524304135E-4
9271 5.97116524304135E-4
9314 5.97116524304135E-4
9351 5.97116524304135E-4
9368 5.97116524304135E-4
9374 5.97116524304135E-4
9377 5.97116524304135E-4
9446 5.97116524304135E-4
9537 5.97116524304135E-4
9547 5.97116524304135E-4
9582 5.97116524304135E-4
9590 5.97116524304135E-4
9628 5.97116524304135E-4
9734 5.97116524304135E-4
9825 5.97116524304135E-4
9839 5.97116524304135E-4
9891 5.97116524304135E-4
9900 5.97116524304135E-4
9928 5.97116524304135E-4
10257 5.97116524304135E-4
10298 5.97116524304135E-4
10308 5.97116524304135E-4
10404 5.97116524304135E-4
10417 5.97116524304135E-4
10457 5.97116524304135E-4
10486 5.97116524304135E-4
10569 5.97116524304135E-4
10580 5.97116524304135E-4
10625 5.97116524304135E-4
10724 5.97116524304135E-4
10733 5.97116524304135E-4
10788 5.97116524304135E-4
10808 5.97116524304135E-4
10841 5.97116524304135E-4
10875 5.97116524304135E-4
10930 5.97116524304135E-4
10959 5.97116524304135E-4
10984 5.97116524304135E-4
10991 5.97116524304135E-4
11076 5.97116524304135E-4
11140 5.97116524304135E-4
11199 5.97116524304135E-4
11200 5.97116524304135E-4
11279 5.97116524304135E-4
23028 5.97116524304135E-4
23049 5.97116524304135E-4
23361 5.97116524304135E-4
23368 5.97116524304135E-4
23474 5.97116524304135E-4
23512 5.97116524304135E-4
25797 5.97116524304135E-4
25855 5.97116524304135E-4
26271 5.97116524304135E-4
26287 5.97116524304135E-4
26523 5.97116524304135E-4
27040 5.97116524304135E-4
27121 5.97116524304135E-4
27122 5.97116524304135E-4
27160 5.97116524304135E-4
9 2.98558262152068E-4
20 2.98558262152068E-4
26 2.98558262152068E-4
28 2.98558262152068E-4
38 2.98558262152068E-4
39 2.98558262152068E-4
52 2.98558262152068E-4
72 2.98558262152068E-4
186 2.98558262152068E-4
197 2.98558262152068E-4
238 2.98558262152068E-4
239 2.98558262152068E-4
249 2.98558262152068E-4
259 2.98558262152068E-4
283 2.98558262152068E-4
309 2.98558262152068E-4
317 2.98558262152068E-4
320 2.98558262152068E-4
336 2.98558262152068E-4
347 2.98558262152068E-4
383 2.98558262152068E-4
406 2.98558262152068E-4
420 2.98558262152068E-4
435 2.98558262152068E-4
468 2.98558262152068E-4
479 2.98558262152068E-4
495 2.98558262152068E-4
558 2.98558262152068E-4
563 2.98558262152068E-4
573 2.98558262152068E-4
574 2.98558262152068E-4
607 2.98558262152068E-4
641 2.98558262152068E-4
642 2.98558262152068E-4
645 2.98558262152068E-4
646 2.98558262152068E-4
657 2.98558262152068E-4
685 2.98558262152068E-4
710 2.98558262152068E-4
716 2.98558262152068E-4
720 2.98558262152068E-4
721 2.98558262152068E-4
728 2.98558262152068E-4
729 2.98558262152068E-4
796 2.98558262152068E-4
811 2.98558262152068E-4
813 2.98558262152068E-4
902 2.98558262152068E-4
929 2.98558262152068E-4
942 2.98558262152068E-4
948 2.98558262152068E-4
954 2.98558262152068E-4
963 2.98558262152068E-4
966 2.98558262152068E-4
969 2.98558262152068E-4
978 2.98558262152068E-4
994 2.98558262152068E-4
1001 2.98558262152068E-4
1018 2.98558262152068E-4
1020 2.98558262152068E-4
1031 2.98558262152068E-4
1041 2.98558262152068E-4
1063 2.98558262152068E-4
1081 2.98558262152068E-4
1119 2.98558262152068E-4
1136 2.98558262152068E-4
1263 2.98558262152068E-4
1281 2.98558262152068E-4
1357 2.98558262152068E-4
1361 2.98558262152068E-4
1462 2.98558262152068E-4
1476 2.98558262152068E-4
1512 2.98558262152068E-4
1523 2.98558262152068E-4
1573 2.98558262152068E-4
1580 2.98558262152068E-4
1602 2.98558262152068E-4
1606 2.98558262152068E-4
1612 2.98558262152068E-4
1642 2.98558262152068E-4
1655 2.98558262152068E-4
1674 2.98558262152068E-4
1717 2.98558262152068E-4
1725 2.98558262152068E-4
1736 2.98558262152068E-4
1780 2.98558262152068E-4
1785 2.98558262152068E-4
1787 2.98558262152068E-4
1796 2.98558262152068E-4
1854 2.98558262152068E-4
1874 2.98558262152068E-4
1901 2.98558262152068E-4
1909 2.98558262152068E-4
1944 2.98558262152068E-4
1948 2.98558262152068E-4
1954 2.98558262152068E-4
2004 2.98558262152068E-4
2047 2.98558262152068E-4
2069 2.98558262152068E-4
2081 2.98558262152068E-4
2103 2.98558262152068E-4
2114 2.98558262152068E-4
2153 2.98558262152068E-4
2155 2.98558262152068E-4
2176 2.98558262152068E-4
2177 2.98558262152068E-4
2181 2.98558262152068E-4
2189 2.98558262152068E-4
2191 2.98558262152068E-4
2202 2.98558262152068E-4
2237 2.98558262152068E-4
2253 2.98558262152068E-4
2296 2.98558262152068E-4
2317 2.98558262152068E-4
2348 2.98558262152068E-4
2396 2.98558262152068E-4
2444 2.98558262152068E-4
2489 2.98558262152068E-4
2512 2.98558262152068E-4
2590 2.98558262152068E-4
2618 2.98558262152068E-4
2645 2.98558262152068E-4
2652 2.98558262152068E-4
2674 2.98558262152068E-4
2677 2.98558262152068E-4
2687 2.98558262152068E-4
2703 2.98558262152068E-4
2771 2.98558262152068E-4
2778 2.98558262152068E-4
2819 2.98558262152068E-4
2833 2.98558262152068E-4
2877 2.98558262152068E-4
2878 2.98558262152068E-4
2931 2.98558262152068E-4
2941 2.98558262152068E-4
2967 2.98558262152068E-4
2993 2.98558262152068E-4
3052 2.98558262152068E-4
3092 2.98558262152068E-4
3111 2.98558262152068E-4
3113 2.98558262152068E-4
3163 2.98558262152068E-4
3169 2.98558262152068E-4
3171 2.98558262152068E-4
3175 2.98558262152068E-4
3177 2.98558262152068E-4
3183 2.98558262152068E-4
3184 2.98558262152068E-4
3190 2.98558262152068E-4
3257 2.98558262152068E-4
3304 2.98558262152068E-4
3337 2.98558262152068E-4
3376 2.98558262152068E-4
3397 2.98558262152068E-4
3416 2.98558262152068E-4
3488 2.98558262152068E-4
3547 2.98558262152068E-4
3554 2.98558262152068E-4
3578 2.98558262152068E-4
3593 2.98558262152068E-4
3603 2.98558262152068E-4
3611 2.98558262152068E-4
3709 2.98558262152068E-4
3710 2.98558262152068E-4
3813 2.98558262152068E-4
3827 2.98558262152068E-4
3835 2.98558262152068E-4
3838 2.98558262152068E-4
3881 2.98558262152068E-4
3895 2.98558262152068E-4
3935 2.98558262152068E-4
3936 2.98558262152068E-4
3960 2.98558262152068E-4
3972 2.98558262152068E-4
3977 2.98558262152068E-4
4061 2.98558262152068E-4
4099 2.98558262152068E-4
4150 2.98558262152068E-4
4172 2.98558262152068E-4
4204 2.98558262152068E-4
4210 2.98558262152068E-4
4217 2.98558262152068E-4
4282 2.98558262152068E-4
4294 2.98558262152068E-4
4301 2.98558262152068E-4
4320 2.98558262152068E-4
4352 2.98558262152068E-4
4357 2.98558262152068E-4
4482 2.98558262152068E-4
4520 2.98558262152068E-4
4580 2.98558262152068E-4
4601 2.98558262152068E-4
4602 2.98558262152068E-4
4684 2.98558262152068E-4
4695 2.98558262152068E-4
4708 2.98558262152068E-4
4713 2.98558262152068E-4
4739 2.98558262152068E-4
4744 2.98558262152068E-4
4751 2.98558262152068E-4
4773 2.98558262152068E-4
4800 2.98558262152068E-4
4810 2.98558262152068E-4
4827 2.98558262152068E-4
4846 2.98558262152068E-4
4878 2.98558262152068E-4
4915 2.98558262152068E-4
4928 2.98558262152068E-4
4940 2.98558262152068E-4
4976 2.98558262152068E-4
4978 2.98558262152068E-4
4982 2.98558262152068E-4
4986 2.98558262152068E-4
5002 2.98558262152068E-4
5071 2.98558262152068E-4
5074 2.98558262152068E-4
5104 2.98558262152068E-4
5216 2.98558262152068E-4
5223 2.98558262152068E-4
5256 2.98558262152068E-4
5296 2.98558262152068E-4
5307 2.98558262152068E-4
5308 2.98558262152068E-4
5341 2.98558262152068E-4
5348 2.98558262152068E-4
5351 2.98558262152068E-4
5352 2.98558262152068E-4
5452 2.98558262152068E-4
5457 2.98558262152068E-4
5467 2.98558262152068E-4
5518 2.98558262152068E-4
5519 2.98558262152068E-4
5580 2.98558262152068E-4
5585 2.98558262152068E-4
5600 2.98558262152068E-4
5605 2.98558262152068E-4
5611 2.98558262152068E-4
5649 2.98558262152068E-4
5660 2.98558262152068E-4
5706 2.98558262152068E-4
5708 2.98558262152068E-4
5713 2.98558262152068E-4
5725 2.98558262152068E-4
5734 2.98558262152068E-4
5777 2.98558262152068E-4
5784 2.98558262152068E-4
5818 2.98558262152068E-4
5898 2.98558262152068E-4
5916 2.98558262152068E-4
5947 2.98558262152068E-4
5972 2.98558262152068E-4
5973 2.98558262152068E-4
6095 2.98558262152068E-4
6130 2.98558262152068E-4
6139 2.98558262152068E-4
6166 2.98558262152068E-4
6189 2.98558262152068E-4
6232 2.98558262152068E-4
6237 2.98558262152068E-4
6238 2.98558262152068E-4
6281 2.98558262152068E-4
6288 2.98558262152068E-4
6296 2.98558262152068E-4
6320 2.98558262152068E-4
6343 2.98558262152068E-4
6373 2.98558262152068E-4
6427 2.98558262152068E-4
6429 2.98558262152068E-4
6448 2.98558262152068E-4
6478 2.98558262152068E-4
6487 2.98558262152068E-4
6490 2.98558262152068E-4
6518 2.98558262152068E-4
6559 2.98558262152068E-4
6591 2.98558262152068E-4
6597 2.98558262152068E-4
6608 2.98558262152068E-4
6609 2.98558262152068E-4
6624 2.98558262152068E-4
6675 2.98558262152068E-4
6707 2.98558262152068E-4
6723 2.98558262152068E-4
6725 2.98558262152068E-4
6739 2.98558262152068E-4
6761 2.98558262152068E-4
6770 2.98558262152068E-4
6773 2.98558262152068E-4
6820 2.98558262152068E-4
6839 2.98558262152068E-4
6880 2.98558262152068E-4
6906 2.98558262152068E-4
6935 2.98558262152068E-4
7012 2.98558262152068E-4
7019 2.98558262152068E-4
7020 2.98558262152068E-4
7026 2.98558262152068E-4
7050 2.98558262152068E-4
7056 2.98558262152068E-4
7066 2.98558262152068E-4
7103 2.98558262152068E-4
7127 2.98558262152068E-4
7143 2.98558262152068E-4
7159 2.98558262152068E-4
7178 2.98558262152068E-4
7181 2.98558262152068E-4
7186 2.98558262152068E-4
7193 2.98558262152068E-4
7216 2.98558262152068E-4
7251 2.98558262152068E-4
7274 2.98558262152068E-4
7343 2.98558262152068E-4
7349 2.98558262152068E-4
7355 2.98558262152068E-4
7363 2.98558262152068E-4
7424 2.98558262152068E-4
7429 2.98558262152068E-4
7486 2.98558262152068E-4
7494 2.98558262152068E-4
7495 2.98558262152068E-4
7507 2.98558262152068E-4
7572 2.98558262152068E-4
7750 2.98558262152068E-4
7779 2.98558262152068E-4
7802 2.98558262152068E-4
8013 2.98558262152068E-4
8038 2.98558262152068E-4
8066 2.98558262152068E-4
8086 2.98558262152068E-4
8091 2.98558262152068E-4
8161 2.98558262152068E-4
8288 2.98558262152068E-4
8309 2.98558262152068E-4
8437 2.98558262152068E-4
8452 2.98558262152068E-4
8546 2.98558262152068E-4
8547 2.98558262152068E-4
8572 2.98558262152068E-4
8615 2.98558262152068E-4
8621 2.98558262152068E-4
8725 2.98558262152068E-4
8764 2.98558262152068E-4
8814 2.98558262152068E-4
8817 2.98558262152068E-4
8822 2.98558262152068E-4
8851 2.98558262152068E-4
8909 2.98558262152068E-4
8915 2.98558262152068E-4
8930 2.98558262152068E-4
8935 2.98558262152068E-4
8991 2.98558262152068E-4
9043 2.98558262152068E-4
9053 2.98558262152068E-4
9061 2.98558262152068E-4
9068 2.98558262152068E-4
9074 2.98558262152068E-4
9129 2.98558262152068E-4
9139 2.98558262152068E-4
9154 2.98558262152068E-4
9173 2.98558262152068E-4
9181 2.98558262152068E-4
9235 2.98558262152068E-4
9242 2.98558262152068E-4
9267 2.98558262152068E-4
9308 2.98558262152068E-4
9344 2.98558262152068E-4
9403 2.98558262152068E-4
9457 2.98558262152068E-4
9469 2.98558262152068E-4
9475 2.98558262152068E-4
9527 2.98558262152068E-4
9531 2.98558262152068E-4
9555 2.98558262152068E-4
9610 2.98558262152068E-4
9612 2.98558262152068E-4
9630 2.98558262152068E-4
9705 2.98558262152068E-4
9733 2.98558262152068E-4
9780 2.98558262152068E-4
9820 2.98558262152068E-4
9841 2.98558262152068E-4
9922 2.98558262152068E-4
9966 2.98558262152068E-4
9968 2.98558262152068E-4
9978 2.98558262152068E-4
10000 2.98558262152068E-4
10014 2.98558262152068E-4
10085 2.98558262152068E-4
10121 2.98558262152068E-4
10128 2.98558262152068E-4
10134 2.98558262152068E-4
10139 2.98558262152068E-4
10163 2.98558262152068E-4
10218 2.98558262152068E-4
10232 2.98558262152068E-4
10244 2.98558262152068E-4
10268 2.98558262152068E-4
10314 2.98558262152068E-4
10399 2.98558262152068E-4
10402 2.98558262152068E-4
10428 2.98558262152068E-4
10447 2.98558262152068E-4
10482 2.98558262152068E-4
10485 2.98558262152068E-4
10521 2.98558262152068E-4
10524 2.98558262152068E-4
10533 2.98558262152068E-4
10614 2.98558262152068E-4
10663 2.98558262152068E-4
10666 2.98558262152068E-4
10714 2.98558262152068E-4
10728 2.98558262152068E-4
10769 2.98558262152068E-4
10774 2.98558262152068E-4
10856 2.98558262152068E-4
10891 2.98558262152068E-4
10966 2.98558262152068E-4
10969 2.98558262152068E-4
10972 2.98558262152068E-4
10982 2.98558262152068E-4
11095 2.98558262152068E-4
11146 2.98558262152068E-4
11181 2.98558262152068E-4
11214 2.98558262152068E-4
11332 2.98558262152068E-4
22883 2.98558262152068E-4
22926 2.98558262152068E-4
22933 2.98558262152068E-4
23038 2.98558262152068E-4
23087 2.98558262152068E-4
23205 2.98558262152068E-4
23239 2.98558262152068E-4
23250 2.98558262152068E-4
23322 2.98558262152068E-4
23345 2.98558262152068E-4
23385 2.98558262152068E-4
23410 2.98558262152068E-4
23424 2.98558262152068E-4
23435 2.98558262152068E-4
23513 2.98558262152068E-4
23524 2.98558262152068E-4
23526 2.98558262152068E-4
23550 2.98558262152068E-4
23552 2.98558262152068E-4
23569 2.98558262152068E-4
23582 2.98558262152068E-4
23596 2.98558262152068E-4
23678 2.98558262152068E-4
23774 2.98558262152068E-4
25780 2.98558262152068E-4
25800 2.98558262152068E-4
25803 2.98558262152068E-4
25805 2.98558262152068E-4
25824 2.98558262152068E-4
25893 2.98558262152068E-4
25913 2.98558262152068E-4
25976 2.98558262152068E-4
26137 2.98558262152068E-4
26230 2.98558262152068E-4
26246 2.98558262152068E-4
26277 2.98558262152068E-4
26470 2.98558262152068E-4
26479 2.98558262152068E-4
26586 2.98558262152068E-4
26762 2.98558262152068E-4
26998 2.98558262152068E-4
27044 2.98558262152068E-4
27102 2.98558262152068E-4
27164 2.98558262152068E-4
27178 2.98558262152068E-4
27198 2.98558262152068E-4
27303 2.98558262152068E-4
27348 2.98558262152068E-4
27436 2.98558262152068E-4
28982 2.98558262152068E-4
29028 2.98558262152068E-4
693187 2.98558262152068E-4
192670 2.98558262152068E-4
100859930 2.98558262152068E-4
100996949 2.98558262152068E-4
654231 2.98558262152068E-4
200424 2.98558262152068E-4
101060233 2.98558262152068E-4
284086 2.98558262152068E-4
30811 2.98558262152068E-4
192669 2.98558262152068E-4
100533105 2.98558262152068E-4
407010 2.98558262152068E-4
100293534 2.98558262152068E-4
100329167 2.98558262152068E-4
100129193 2.98558262152068E-4
158506 2.98558262152068E-4
152926 2.98558262152068E-4
100462977 2.98558262152068E-4
160622 2.98558262152068E-4
29110 2.98558262152068E-4
728458 2.98558262152068E-4
724027 2.98558262152068E-4
29089 2.98558262152068E-4
168667 2.98558262152068E-4
693222 2.98558262152068E-4
170392 2.98558262152068E-4
100526842 2.98558262152068E-4
100187907 2.98558262152068E-4
171221 2.98558262152068E-4
100271694 2.98558262152068E-4
389036 2.98558262152068E-4
345651 2.98558262152068E-4
343406 2.98558262152068E-4
342035 2.98558262152068E-4
406958 2.98558262152068E-4
406988 2.98558262152068E-4
64324 2.98558262152068E-4
340152 2.98558262152068E-4
339541 2.98558262152068E-4
406996 2.98558262152068E-4
406998 2.98558262152068E-4
406943 2.98558262152068E-4
406935 2.98558262152068E-4
406918 2.98558262152068E-4
389090 2.98558262152068E-4
375790 2.98558262152068E-4
390038 2.98558262152068E-4
391110 2.98558262152068E-4
391191 2.98558262152068E-4
391195 2.98558262152068E-4
387893 2.98558262152068E-4
348995 2.98558262152068E-4
347745 2.98558262152068E-4
404552 2.98558262152068E-4
286826 2.98558262152068E-4
407006 2.98558262152068E-4
29966 2.98558262152068E-4
261726 2.98558262152068E-4
257397 2.98558262152068E-4
494335 2.98558262152068E-4
574034 2.98558262152068E-4
255738 2.98558262152068E-4
254958 2.98558262152068E-4
30012 2.98558262152068E-4
253260 2.98558262152068E-4
252842 2.98558262152068E-4
246778 2.98558262152068E-4
494324 2.98558262152068E-4
266790 2.98558262152068E-4
29995 2.98558262152068E-4
407033 2.98558262152068E-4
407040 2.98558262152068E-4
407055 2.98558262152068E-4
440915 2.98558262152068E-4
442893 2.98558262152068E-4
442915 2.98558262152068E-4
442918 2.98558262152068E-4
445341 2.98558262152068E-4
474230 2.98558262152068E-4
29991 2.98558262152068E-4
641455 2.98558262152068E-4
152404 2.98558262152068E-4
64478 2.98558262152068E-4
51547 2.98558262152068E-4
57599 2.98558262152068E-4
57541 2.98558262152068E-4
57508 2.98558262152068E-4
51284 2.98558262152068E-4
57459 2.98558262152068E-4
57410 2.98558262152068E-4
51312 2.98558262152068E-4
57215 2.98558262152068E-4
57104 2.98558262152068E-4
51339 2.98558262152068E-4
56998 2.98558262152068E-4
56913 2.98558262152068E-4
56910 2.98558262152068E-4
56902 2.98558262152068E-4
55968 2.98558262152068E-4
57692 2.98558262152068E-4
57727 2.98558262152068E-4
64333 2.98558262152068E-4
64326 2.98558262152068E-4
64174 2.98558262152068E-4
64151 2.98558262152068E-4
64127 2.98558262152068E-4
63970 2.98558262152068E-4
60386 2.98558262152068E-4
58513 2.98558262152068E-4
51237 2.98558262152068E-4
58191 2.98558262152068E-4
58189 2.98558262152068E-4
58157 2.98558262152068E-4
57794 2.98558262152068E-4
57762 2.98558262152068E-4
57730 2.98558262152068E-4
57728 2.98558262152068E-4
55872 2.98558262152068E-4
55813 2.98558262152068E-4
55748 2.98558262152068E-4
54776 2.98558262152068E-4
54606 2.98558262152068E-4
51478 2.98558262152068E-4
51514 2.98558262152068E-4
51534 2.98558262152068E-4
54538 2.98558262152068E-4
54535 2.98558262152068E-4
54498 2.98558262152068E-4
54206 2.98558262152068E-4
54097 2.98558262152068E-4
53827 2.98558262152068E-4
53346 2.98558262152068E-4
51773 2.98558262152068E-4
51701 2.98558262152068E-4
51561 2.98558262152068E-4
51557 2.98558262152068E-4
54790 2.98558262152068E-4
54875 2.98558262152068E-4
55717 2.98558262152068E-4
55704 2.98558262152068E-4
55630 2.98558262152068E-4
55617 2.98558262152068E-4
55512 2.98558262152068E-4
55502 2.98558262152068E-4
55422 2.98558262152068E-4
55379 2.98558262152068E-4
55361 2.98558262152068E-4
55279 2.98558262152068E-4
55272 2.98558262152068E-4
55227 2.98558262152068E-4
55165 2.98558262152068E-4
55154 2.98558262152068E-4
51422 2.98558262152068E-4
54894 2.98558262152068E-4
51548 2.98558262152068E-4
149951 2.98558262152068E-4
113451 2.98558262152068E-4
112483 2.98558262152068E-4
112398 2.98558262152068E-4
94274 2.98558262152068E-4
92344 2.98558262152068E-4
91833 2.98558262152068E-4
91754 2.98558262152068E-4
91703 2.98558262152068E-4
91663 2.98558262152068E-4
91614 2.98558262152068E-4
91464 2.98558262152068E-4
90865 2.98558262152068E-4
50951 2.98558262152068E-4
89876 2.98558262152068E-4
50999 2.98558262152068E-4
85444 2.98558262152068E-4
113452 2.98558262152068E-4
114112 2.98558262152068E-4
145624 2.98558262152068E-4
145389 2.98558262152068E-4
139596 2.98558262152068E-4
138883 2.98558262152068E-4
130013 2.98558262152068E-4
127700 2.98558262152068E-4
127617 2.98558262152068E-4
120227 2.98558262152068E-4
119016 2.98558262152068E-4
118460 2.98558262152068E-4
117145 2.98558262152068E-4
116071 2.98558262152068E-4
115650 2.98558262152068E-4
115509 2.98558262152068E-4
114793 2.98558262152068E-4
114769 2.98558262152068E-4
85437 2.98558262152068E-4
84888 2.98558262152068E-4
84868 2.98558262152068E-4
80834 2.98558262152068E-4
80350 2.98558262152068E-4
80329 2.98558262152068E-4
80315 2.98558262152068E-4
80312 2.98558262152068E-4
80025 2.98558262152068E-4
79924 2.98558262152068E-4
79805 2.98558262152068E-4
79719 2.98558262152068E-4
79594 2.98558262152068E-4
79586 2.98558262152068E-4
79581 2.98558262152068E-4
79289 2.98558262152068E-4
79017 2.98558262152068E-4
65268 2.98558262152068E-4
65059 2.98558262152068E-4
80854 2.98558262152068E-4
81469 2.98558262152068E-4
84699 2.98558262152068E-4
84681 2.98558262152068E-4
84659 2.98558262152068E-4
84658 2.98558262152068E-4
84651 2.98558262152068E-4
51079 2.98558262152068E-4
84549 2.98558262152068E-4
84295 2.98558262152068E-4
84164 2.98558262152068E-4
84066 2.98558262152068E-4
84034 2.98558262152068E-4
83742 2.98558262152068E-4
51155 2.98558262152068E-4
81671 2.98558262152068E-4
81669 2.98558262152068E-4
81542 2.98558262152068E-4
51176 2.98558262152068E-4
